
\begin{table*}
\centering
\begin{tabular}{lccccccccccccc}
\toprule
 & NN & Random & Borda & SNTV & STV & Bloc & PAV & CC & lex-CC & seq-CC & Monroe & Greedy M. & MAV \\
\midrule
NN & 0.000 & 0.389 & 0.074 & 0.247 & 0.177 & 0.108 & 0.126 & 0.309 & 0.170 & 0.314 & 0.246 & 0.174 & 0.297 \\
Random & 0.389 & 0.000 & 0.389 & 0.389 & 0.389 & 0.389 & 0.389 & 0.389 & 0.389 & 0.389 & 0.389 & 0.389 & 0.389 \\
Borda & 0.074 & 0.389 & 0.000 & 0.235 & 0.181 & 0.115 & 0.120 & 0.323 & 0.162 & 0.298 & 0.259 & 0.163 & 0.320 \\
SNTV & 0.247 & 0.389 & 0.235 & 0.000 & 0.227 & 0.224 & 0.233 & 0.336 & 0.252 & 0.270 & 0.289 & 0.239 & 0.369 \\
STV & 0.177 & 0.389 & 0.181 & 0.227 & 0.000 & 0.178 & 0.191 & 0.321 & 0.219 & 0.308 & 0.261 & 0.214 & 0.327 \\
Bloc & 0.108 & 0.389 & 0.115 & 0.224 & 0.178 & 0.000 & 0.043 & 0.278 & 0.100 & 0.271 & 0.213 & 0.124 & 0.313 \\
PAV & 0.126 & 0.389 & 0.120 & 0.233 & 0.191 & 0.043 & 0.000 & 0.262 & 0.063 & 0.253 & 0.198 & 0.103 & 0.308 \\
CC & 0.309 & 0.389 & 0.323 & 0.336 & 0.321 & 0.278 & 0.262 & 0.000 & 0.240 & 0.386 & 0.087 & 0.283 & 0.190 \\
lex-CC & 0.170 & 0.389 & 0.162 & 0.252 & 0.219 & 0.100 & 0.063 & 0.240 & 0.000 & 0.247 & 0.197 & 0.116 & 0.294 \\
seq-CC & 0.314 & 0.389 & 0.298 & 0.270 & 0.308 & 0.271 & 0.253 & 0.386 & 0.247 & 0.000 & 0.348 & 0.220 & 0.439 \\
Monroe & 0.246 & 0.389 & 0.259 & 0.289 & 0.261 & 0.213 & 0.198 & 0.087 & 0.197 & 0.348 & 0.000 & 0.227 & 0.193 \\
Greedy M. & 0.174 & 0.389 & 0.163 & 0.239 & 0.214 & 0.124 & 0.103 & 0.283 & 0.116 & 0.220 & 0.227 & 0.000 & 0.328 \\
MAV & 0.297 & 0.389 & 0.320 & 0.369 & 0.327 & 0.313 & 0.308 & 0.190 & 0.294 & 0.439 & 0.193 & 0.328 & 0.000 \\
\bottomrule
\end{tabular}

\caption{Distance Between Rules for $m \in \{5, 6, 7}$ alternatives with $1 \leq k < m$ on all preference distributions}
\end{table*}
