
\begin{table*}
\centering
\begin{tabular}{lccccccccccccc}
\toprule
 & NN & Random & Borda & SNTV & STV & Bloc & PAV & CC & lex-CC & seq-CC & Monroe & Greedy M. & MAV \\
\midrule
NN & 0.000 & 0.400 & 0.070 & 0.235 & 0.166 & 0.104 & 0.124 & 0.306 & 0.172 & 0.302 & 0.236 & 0.171 & 0.307 \\
Random & 0.400 & 0.000 & 0.400 & 0.400 & 0.400 & 0.400 & 0.400 & 0.400 & 0.400 & 0.400 & 0.400 & 0.400 & 0.400 \\
Borda & 0.070 & 0.400 & 0.000 & 0.224 & 0.173 & 0.118 & 0.123 & 0.318 & 0.170 & 0.288 & 0.248 & 0.163 & 0.325 \\
SNTV & 0.235 & 0.400 & 0.224 & 0.000 & 0.219 & 0.211 & 0.221 & 0.326 & 0.246 & 0.259 & 0.272 & 0.225 & 0.374 \\
STV & 0.166 & 0.400 & 0.173 & 0.219 & 0.000 & 0.173 & 0.187 & 0.316 & 0.221 & 0.299 & 0.250 & 0.211 & 0.334 \\
Bloc & 0.104 & 0.400 & 0.118 & 0.211 & 0.173 & 0.000 & 0.042 & 0.267 & 0.100 & 0.256 & 0.194 & 0.121 & 0.316 \\
PAV & 0.124 & 0.400 & 0.123 & 0.221 & 0.187 & 0.042 & 0.000 & 0.246 & 0.063 & 0.237 & 0.178 & 0.096 & 0.304 \\
CC & 0.306 & 0.400 & 0.318 & 0.326 & 0.316 & 0.267 & 0.246 & 0.000 & 0.216 & 0.361 & 0.092 & 0.264 & 0.222 \\
lex-CC & 0.172 & 0.400 & 0.170 & 0.246 & 0.221 & 0.100 & 0.063 & 0.216 & 0.000 & 0.230 & 0.184 & 0.115 & 0.276 \\
seq-CC & 0.302 & 0.400 & 0.288 & 0.259 & 0.299 & 0.256 & 0.237 & 0.361 & 0.230 & 0.000 & 0.327 & 0.201 & 0.420 \\
Monroe & 0.236 & 0.400 & 0.248 & 0.272 & 0.250 & 0.194 & 0.178 & 0.092 & 0.184 & 0.327 & 0.000 & 0.209 & 0.207 \\
Greedy M. & 0.171 & 0.400 & 0.163 & 0.225 & 0.211 & 0.121 & 0.096 & 0.264 & 0.115 & 0.201 & 0.209 & 0.000 & 0.321 \\
MAV & 0.307 & 0.400 & 0.325 & 0.374 & 0.334 & 0.316 & 0.304 & 0.222 & 0.276 & 0.420 & 0.207 & 0.321 & 0.000 \\
\bottomrule
\end{tabular}

\caption{Distance Between Rules for 5 alternatives with $1 \leq k < m$ on all preference distributions}
\end{table*}
