
\begin{table*}
\centering
\begin{tabular}{lccccccccccccc}
\toprule
 & NN & Random & Borda & SNTV & STV & Bloc & PAV & CC & lex-CC & seq-CC & Monroe & Greedy M. & MAV \\
\midrule
NN & 0.000 & 0.381 & 0.077 & 0.256 & 0.186 & 0.111 & 0.129 & 0.311 & 0.168 & 0.322 & 0.251 & 0.176 & 0.287 \\
Random & 0.381 & 0.000 & 0.381 & 0.381 & 0.381 & 0.381 & 0.381 & 0.381 & 0.381 & 0.381 & 0.381 & 0.381 & 0.381 \\
Borda & 0.077 & 0.381 & 0.000 & 0.243 & 0.186 & 0.114 & 0.118 & 0.327 & 0.157 & 0.303 & 0.266 & 0.163 & 0.315 \\
SNTV & 0.256 & 0.381 & 0.243 & 0.000 & 0.233 & 0.233 & 0.242 & 0.345 & 0.257 & 0.276 & 0.302 & 0.248 & 0.365 \\
STV & 0.186 & 0.381 & 0.186 & 0.233 & 0.000 & 0.182 & 0.194 & 0.325 & 0.217 & 0.313 & 0.268 & 0.217 & 0.321 \\
Bloc & 0.111 & 0.381 & 0.114 & 0.233 & 0.182 & 0.000 & 0.045 & 0.287 & 0.099 & 0.280 & 0.226 & 0.126 & 0.308 \\
PAV & 0.129 & 0.381 & 0.118 & 0.242 & 0.194 & 0.045 & 0.000 & 0.274 & 0.062 & 0.264 & 0.212 & 0.106 & 0.308 \\
CC & 0.311 & 0.381 & 0.327 & 0.345 & 0.325 & 0.287 & 0.274 & 0.000 & 0.259 & 0.410 & 0.086 & 0.297 & 0.173 \\
lex-CC & 0.168 & 0.381 & 0.157 & 0.257 & 0.217 & 0.099 & 0.062 & 0.259 & 0.000 & 0.259 & 0.205 & 0.118 & 0.301 \\
seq-CC & 0.322 & 0.381 & 0.303 & 0.276 & 0.313 & 0.280 & 0.264 & 0.410 & 0.259 & 0.000 & 0.366 & 0.232 & 0.448 \\
Monroe & 0.251 & 0.381 & 0.266 & 0.302 & 0.268 & 0.226 & 0.212 & 0.086 & 0.205 & 0.366 & 0.000 & 0.239 & 0.182 \\
Greedy M. & 0.176 & 0.381 & 0.163 & 0.248 & 0.217 & 0.126 & 0.106 & 0.297 & 0.118 & 0.232 & 0.239 & 0.000 & 0.329 \\
MAV & 0.287 & 0.381 & 0.315 & 0.365 & 0.321 & 0.308 & 0.308 & 0.173 & 0.301 & 0.448 & 0.182 & 0.329 & 0.000 \\
\bottomrule
\end{tabular}

\caption{Distance Between Rules for 7 alternatives with $1 \leq k < m$ on all preference distributions}
\end{table*}
