,NN,Min Violations Committee,Max Violations Committee,Random Choice,Borda ranking,Plurality ranking,STV,Approval Voting (AV),Proportional Approval Voting (PAV),Approval Chamberlin-Courant (CC),Lexicographic Chamberlin-Courant (lex-CC),Sequential Approval Chamberlin-Courant (seq-CC),Monroe's Approval Rule (Monroe),Greedy Monroe,Minimax Approval Voting (MAV),Method of Equal Shares (aka Rule X) with Phragmén phase,E Pluribus Hugo (EPH),Random Serial Dictator,Anti-Plurality,Two-Approval,Three-Approval,Instant Runoff,Bottom-Two-Runoff Instant Runoff,Benham,PluralityWRunoff PUT,Coombs,Baldwin,Strict Nanson,Weak Nanson,Iterated Removal Condorcet Loser,Raynaud,Tideman Alternative Top Cycle,Knockout Voting,Banks,Condorcet,Copeland,Llull,Uncovered Set,Uncovered Set - Fishburn,Uncovered Set - Bordes,Uncovered Set - McKelvey,Slater,Top Cycle,GOCHA,Bipartisan Set,Minimax,Split Cycle,Ranked Pairs ZT,Ranked Pairs TB,Simple Stable Voting,Stable Voting,Loss-Trimmer Voting,Daunou,Blacks,Condorcet IRV,Condorcet IRV PUT,Smith IRV,Smith-Minimax,Condorcet Plurality,Copeland-Local-Borda,Copeland-Global-Borda,Borda-Minimax Faceoff,Bucklin,Simplified Bucklin,Weighted Bucklin,Bracket Voting,Superior Voting
Min Violations Committee,0.16578646228360813,0.0,0.3333333333333333,0.2775005655130201,0.05355740955118225,0.24243875826646974,0.20530118558141391,0.2415738560004258,0.2415738560004258,0.2415738560004258,0.2415738560004258,0.24209279736005215,0.2415738560004258,0.24209279736005215,0.27147286202812926,0.24209279736005215,0.2415738560004258,0.26986281319441674,0.2602291325695581,0.30304844783308715,0.07515335382486395,0.2068180910941679,0.030338110255079636,0.023551954013811823,0.18173592537889371,0.04091653027823241,0.041382246883025296,0.041382246883025296,0.041169347863691405,0.1315982063257621,0.041382246883025296,0.04126249118464998,0.022460846539725625,0.041382246883025296,0.041382246883025296,0.040903224089524036,0.041382246883025296,0.041382246883025296,0.041382246883025296,0.041382246883025296,0.041382246883025296,0.041382246883025296,0.041382246883025296,0.041382246883025296,0.020850797706013068,0.041382246883025296,0.041382246883025296,0.041382246883025296,0.041382246883025296,0.020930634838263275,0.020930634838263275,0.041382246883025296,0.04013146514443868,0.022474152728433994,0.029726025574494698,0.030790520671164157,0.04126249118464998,0.041382246883025296,0.034622703019174215,0.040903224089524036,0.02236770321876705,0.041382246883025296,0.12507817385866166,0.2434101100421806,0.06510718135004591,0.07710936356499408,0.022913256955810146
Max Violations Committee,0.3195201788351762,0.3333333333333333,0.0,0.2793102071773582,0.3325349620108312,0.3097015421872713,0.32707942464040024,0.30783867576809976,0.30783867576809976,0.30783867576809976,0.30783867576809976,0.31018056498077257,0.30783867576809976,0.31018056498077257,0.25328330206378985,0.31018056498077257,0.30783867576809976,0.28300932763828457,0.3333333333333333,0.32717256796135885,0.33173659068832917,0.3284765744547789,0.33313374050270783,0.3331736590688329,0.3309116069884103,0.3333333333333333,0.3333333333333333,0.3333333333333333,0.3333333333333333,0.3333333333333333,0.3333333333333333,0.33332002714462494,0.3333333333333333,0.3333333333333333,0.3279576330951526,0.3333333333333333,0.3333333333333333,0.3333333333333333,0.3333333333333333,0.3333333333333333,0.3333333333333333,0.3333333333333333,0.33332002714462494,0.3333333333333333,0.3333333333333333,0.3333333333333333,0.3333333333333333,0.33123095551741116,0.33123095551741116,0.3333333333333333,0.3333333333333333,0.3333333333333333,0.33245512487858103,0.33332002714462494,0.33257488057695633,0.33277447340758187,0.33332002714462494,0.3333333333333333,0.3289289848708634,0.3333333333333333,0.3333333333333333,0.3333333333333333,0.3314970792915785,0.3327611672188735,0.3322555320479555,0.3318430401979961,0.3333333333333333
Random Choice,0.27741607121472195,0.2775005655130201,0.2793102071773582,0.0,0.27793966974039624,0.2793368195547749,0.27752717789043685,0.2776203212113954,0.2776203212113954,0.2776203212113954,0.2776203212113954,0.2791372267241494,0.2776203212113954,0.2791372267241494,0.27712799222918577,0.2791372267241494,0.2776203212113954,0.277713464532354,0.27759370883397866,0.2765957446808511,0.2773275850598113,0.2776735459662289,0.27764693358881215,0.27776668928718745,0.2780062006839381,0.2773941160033532,0.27740742219206155,0.27740742219206155,0.27743403456947824,0.2770481550969356,0.27740742219206155,0.277460646946895,0.2775005655130201,0.27740742219206155,0.27756709645656197,0.2773941160033532,0.27740742219206155,0.27740742219206155,0.27740742219206155,0.27740742219206155,0.27740742219206155,0.27740742219206155,0.2774473407581866,0.27740742219206155,0.27752717789043685,0.27740742219206155,0.27740742219206155,0.2778465264194377,0.2778465264194377,0.2772610541162695,0.2772610541162695,0.27740742219206155,0.2776203212113954,0.2775005655130201,0.2774473407581866,0.2775537902678536,0.277460646946895,0.27740742219206155,0.27805942543877155,0.2773941160033532,0.2775005655130201,0.27740742219206155,0.27768685215493727,0.27827232445810546,0.27804611925006323,0.27756709645656197,0.2777533830984791
Borda ranking,0.18210517211555097,0.05355740955118225,0.3325349620108312,0.27793966974039624,0.0,0.2378880417282078,0.19706465477093396,0.23864649448458478,0.23864649448458478,0.23864649448458478,0.23864649448458478,0.2375420808217902,0.23864649448458478,0.2375420808217902,0.28012188468856863,0.2375420808217902,0.23864649448458478,0.2688648490412891,0.245845142575812,0.2983779755964499,0.07746863066012002,0.19496227695501178,0.05181429883038601,0.049898207656380984,0.17255465517011961,0.050869559432091864,0.05096270275305045,0.05096270275305045,0.05090947799821697,0.1320240043644299,0.05096270275305045,0.051242132715926175,0.03205460859845914,0.05096270275305045,0.06520032467100448,0.0508562532433835,0.05096270275305045,0.05096270275305045,0.05096270275305045,0.05096270275305045,0.05096270275305045,0.05096270275305045,0.051109070828842494,0.05096270275305045,0.05226670924647053,0.05096270275305045,0.05096270275305045,0.06340398919537477,0.06340398919537477,0.04811517836945964,0.04811517836945964,0.05096270275305045,0.057682328050776416,0.03201469003233404,0.05721661144598353,0.05685734435085758,0.051242132715926175,0.05096270275305045,0.06378986866791744,0.0508562532433835,0.03233403856133488,0.05096270275305045,0.1297087275291738,0.22588585951325962,0.04265964099902865,0.0822189400290075,0.04758293082112491
Plurality ranking,0.27663765917528244,0.24243875826646974,0.3097015421872713,0.2793368195547749,0.2378880417282078,0.0,0.18600721195427994,0.054382393251101085,0.054382393251101085,0.054382393251101085,0.054382393251101085,0.0073050976008941755,0.054382393251101085,0.0073050976008941755,0.2845927640945804,0.0073050976008941755,0.054382393251101085,0.2521123574574535,0.2681063962849121,0.224382260189214,0.2682793767381209,0.17835615344696817,0.23854004497491785,0.23581227628970233,0.1484571474192647,0.24168030551009276,0.2416137745665509,0.2416137745665509,0.24166699932138438,0.2462709406144798,0.2416137745665509,0.24144079411334213,0.24021662475217223,0.2416137745665509,0.24076217848921533,0.24168030551009276,0.2416137745665509,0.2416137745665509,0.2416137745665509,0.2416137745665509,0.2416137745665509,0.2416137745665509,0.24150732505688396,0.2416137745665509,0.24214602211488565,0.2416137745665509,0.2416137745665509,0.23956462150546218,0.23956462150546218,0.2460181230290208,0.2460181230290208,0.2416137745665509,0.2355727648929517,0.24021662475217223,0.23187364443202532,0.23233936103681824,0.24144079411334213,0.2416137745665509,0.20909344936329888,0.24168030551009276,0.24025654331829735,0.2416137745665509,0.250795044775325,0.2452596702726438,0.24089524037629903,0.21697071307865287,0.23496068021236677
STV,0.2342907136109004,0.20530118558141391,0.32707942464040024,0.27752717789043685,0.19706465477093396,0.18600721195427994,0.0,0.1820020491530611,0.1820020491530611,0.1820020491530611,0.1820020491530611,0.1863132542945724,0.1820020491530611,0.1863132542945724,0.26826607054941254,0.1863132542945724,0.1820020491530611,0.2612803214775192,0.2644072758239857,0.20935957313746623,0.23434859553178183,0.06086250715207643,0.2030524396896997,0.1959602411081394,0.14260242438758267,0.20868095751333945,0.20868095751333945,0.20868095751333945,0.20868095751333945,0.23244581054648517,0.20868095751333945,0.20854789562625578,0.20487538754274612,0.20868095751333945,0.21433608771439597,0.20868095751333945,0.20868095751333945,0.20868095751333945,0.20868095751333945,0.20868095751333945,0.20868095751333945,0.20868095751333945,0.20861442656979762,0.20868095751333945,0.2071507458118771,0.20868095751333945,0.20868095751333945,0.2131917554854763,0.2131917554854763,0.21198089231301478,0.21198089231301478,0.20868095751333945,0.20889385653267334,0.20486208135403777,0.18733783082511676,0.18858861256370338,0.20854789562625578,0.20868095751333945,0.20399717908799384,0.20868095751333945,0.20490199992016286,0.20868095751333945,0.21759610394794618,0.2235838888667119,0.20172182081886286,0.16213590941146727,0.19894082737881388
Approval Voting (AV),0.2677797293521217,0.2415738560004258,0.30783867576809976,0.2776203212113954,0.23864649448458478,0.054382393251101085,0.1820020491530611,0.0,0.0,0.0,0.0,0.06078267001982622,0.0,0.06078267001982622,0.2655516080529054,0.06078267001982622,0.0,0.25228533791066227,0.2871475523265871,0.22531369339879978,0.2694370151557489,0.1797399970726385,0.23992388860058814,0.23682354663153832,0.1573456814764547,0.24367623381634798,0.24362300906151452,0.24362300906151452,0.24367623381634798,0.25555866033292085,0.24362300906151452,0.24343672241959735,0.24088193418759066,0.24362300906151452,0.24423509374209945,0.24367623381634798,0.24362300906151452,0.24362300906151452,0.24362300906151452,0.24362300906151452,0.24362300906151452,0.24362300906151452,0.24351655955184756,0.24362300906151452,0.2427847191728873,0.24362300906151452,0.24362300906151452,0.24327704815509693,0.24327704815509693,0.24645722725639696,0.24645722725639696,0.24362300906151452,0.23847351403137598,0.24088193418759066,0.233017976660945,0.234029247002781,0.24343672241959735,0.24362300906151452,0.21730336779636208,0.24367623381634798,0.24090854656500738,0.24362300906151452,0.2514204356446183,0.2599896211728075,0.241148057961758,0.21722353066411187,0.2364642795364124
Proportional Approval Voting (PAV),0.2677797293521217,0.2415738560004258,0.30783867576809976,0.2776203212113954,0.23864649448458478,0.054382393251101085,0.1820020491530611,0.0,0.0,0.0,0.0,0.06078267001982622,0.0,0.06078267001982622,0.2655516080529054,0.06078267001982622,0.0,0.25228533791066227,0.2871475523265871,0.22531369339879978,0.2694370151557489,0.1797399970726385,0.23992388860058814,0.23682354663153832,0.1573456814764547,0.24367623381634798,0.24362300906151452,0.24362300906151452,0.24367623381634798,0.25555866033292085,0.24362300906151452,0.24343672241959735,0.24088193418759066,0.24362300906151452,0.24423509374209945,0.24367623381634798,0.24362300906151452,0.24362300906151452,0.24362300906151452,0.24362300906151452,0.24362300906151452,0.24362300906151452,0.24351655955184756,0.24362300906151452,0.2427847191728873,0.24362300906151452,0.24362300906151452,0.24327704815509693,0.24327704815509693,0.24645722725639696,0.24645722725639696,0.24362300906151452,0.23847351403137598,0.24088193418759066,0.233017976660945,0.234029247002781,0.24343672241959735,0.24362300906151452,0.21730336779636208,0.24367623381634798,0.24090854656500738,0.24362300906151452,0.2514204356446183,0.2599896211728075,0.241148057961758,0.21722353066411187,0.2364642795364124
Approval Chamberlin-Courant (CC),0.2677797293521217,0.2415738560004258,0.30783867576809976,0.2776203212113954,0.23864649448458478,0.054382393251101085,0.1820020491530611,0.0,0.0,0.0,0.0,0.06078267001982622,0.0,0.06078267001982622,0.2655516080529054,0.06078267001982622,0.0,0.25228533791066227,0.2871475523265871,0.22531369339879978,0.2694370151557489,0.1797399970726385,0.23992388860058814,0.23682354663153832,0.1573456814764547,0.24367623381634798,0.24362300906151452,0.24362300906151452,0.24367623381634798,0.25555866033292085,0.24362300906151452,0.24343672241959735,0.24088193418759066,0.24362300906151452,0.24423509374209945,0.24367623381634798,0.24362300906151452,0.24362300906151452,0.24362300906151452,0.24362300906151452,0.24362300906151452,0.24362300906151452,0.24351655955184756,0.24362300906151452,0.2427847191728873,0.24362300906151452,0.24362300906151452,0.24327704815509693,0.24327704815509693,0.24645722725639696,0.24645722725639696,0.24362300906151452,0.23847351403137598,0.24088193418759066,0.233017976660945,0.234029247002781,0.24343672241959735,0.24362300906151452,0.21730336779636208,0.24367623381634798,0.24090854656500738,0.24362300906151452,0.2514204356446183,0.2599896211728075,0.241148057961758,0.21722353066411187,0.2364642795364124
Lexicographic Chamberlin-Courant (lex-CC),0.2677797293521217,0.2415738560004258,0.30783867576809976,0.2776203212113954,0.23864649448458478,0.054382393251101085,0.1820020491530611,0.0,0.0,0.0,0.0,0.06078267001982622,0.0,0.06078267001982622,0.2655516080529054,0.06078267001982622,0.0,0.25228533791066227,0.2871475523265871,0.22531369339879978,0.2694370151557489,0.1797399970726385,0.23992388860058814,0.23682354663153832,0.1573456814764547,0.24367623381634798,0.24362300906151452,0.24362300906151452,0.24367623381634798,0.25555866033292085,0.24362300906151452,0.24343672241959735,0.24088193418759066,0.24362300906151452,0.24423509374209945,0.24367623381634798,0.24362300906151452,0.24362300906151452,0.24362300906151452,0.24362300906151452,0.24362300906151452,0.24362300906151452,0.24351655955184756,0.24362300906151452,0.2427847191728873,0.24362300906151452,0.24362300906151452,0.24327704815509693,0.24327704815509693,0.24645722725639696,0.24645722725639696,0.24362300906151452,0.23847351403137598,0.24088193418759066,0.233017976660945,0.234029247002781,0.24343672241959735,0.24362300906151452,0.21730336779636208,0.24367623381634798,0.24090854656500738,0.24362300906151452,0.2514204356446183,0.2599896211728075,0.241148057961758,0.21722353066411187,0.2364642795364124
Sequential Approval Chamberlin-Courant (seq-CC),0.2775877210490599,0.24209279736005215,0.31018056498077257,0.2791372267241494,0.2375420808217902,0.0073050976008941755,0.1863132542945724,0.06078267001982622,0.06078267001982622,0.06078267001982622,0.06078267001982622,0.0,0.06078267001982622,0.0,0.28775963700717205,0.0,0.06078267001982622,0.2519393770042447,0.2678269663220364,0.22432903543438054,0.26786688488816146,0.1780501111066757,0.23812755312495842,0.23529333493007598,0.14748579564355382,0.24116136415046638,0.24109483320692454,0.24109483320692454,0.241148057961758,0.24575199925485344,0.24109483320692454,0.24092185275371575,0.23969768339254588,0.24109483320692454,0.24029646188442244,0.24116136415046638,0.24109483320692454,0.24109483320692454,0.24109483320692454,0.24109483320692454,0.24109483320692454,0.24109483320692454,0.24098838369725759,0.24109483320692454,0.24166699932138438,0.24109483320692454,0.24109483320692454,0.23908559871196094,0.23908559871196094,0.24560563117906137,0.24560563117906137,0.24109483320692454,0.2349473740236584,0.23969768339254588,0.23128817212885713,0.23170066397881656,0.24092185275371575,0.24109483320692454,0.20747009434087793,0.24116136415046638,0.23973760195867097,0.24109483320692454,0.2506353705108246,0.2449270155549346,0.24045613614892286,0.21661144598352694,0.23441512647532367
Monroe's Approval Rule (Monroe),0.2677797293521217,0.2415738560004258,0.30783867576809976,0.2776203212113954,0.23864649448458478,0.054382393251101085,0.1820020491530611,0.0,0.0,0.0,0.0,0.06078267001982622,0.0,0.06078267001982622,0.2655516080529054,0.06078267001982622,0.0,0.25228533791066227,0.2871475523265871,0.22531369339879978,0.2694370151557489,0.1797399970726385,0.23992388860058814,0.23682354663153832,0.1573456814764547,0.24367623381634798,0.24362300906151452,0.24362300906151452,0.24367623381634798,0.25555866033292085,0.24362300906151452,0.24343672241959735,0.24088193418759066,0.24362300906151452,0.24423509374209945,0.24367623381634798,0.24362300906151452,0.24362300906151452,0.24362300906151452,0.24362300906151452,0.24362300906151452,0.24362300906151452,0.24351655955184756,0.24362300906151452,0.2427847191728873,0.24362300906151452,0.24362300906151452,0.24327704815509693,0.24327704815509693,0.24645722725639696,0.24645722725639696,0.24362300906151452,0.23847351403137598,0.24088193418759066,0.233017976660945,0.234029247002781,0.24343672241959735,0.24362300906151452,0.21730336779636208,0.24367623381634798,0.24090854656500738,0.24362300906151452,0.2514204356446183,0.2599896211728075,0.241148057961758,0.21722353066411187,0.2364642795364124
Greedy Monroe,0.2775877210490599,0.24209279736005215,0.31018056498077257,0.2791372267241494,0.2375420808217902,0.0073050976008941755,0.1863132542945724,0.06078267001982622,0.06078267001982622,0.06078267001982622,0.06078267001982622,0.0,0.06078267001982622,0.0,0.28775963700717205,0.0,0.06078267001982622,0.2519393770042447,0.2678269663220364,0.22432903543438054,0.26786688488816146,0.1780501111066757,0.23812755312495842,0.23529333493007598,0.14748579564355382,0.24116136415046638,0.24109483320692454,0.24109483320692454,0.241148057961758,0.24575199925485344,0.24109483320692454,0.24092185275371575,0.23969768339254588,0.24109483320692454,0.24029646188442244,0.24116136415046638,0.24109483320692454,0.24109483320692454,0.24109483320692454,0.24109483320692454,0.24109483320692454,0.24109483320692454,0.24098838369725759,0.24109483320692454,0.24166699932138438,0.24109483320692454,0.24109483320692454,0.23908559871196094,0.23908559871196094,0.24560563117906137,0.24560563117906137,0.24109483320692454,0.2349473740236584,0.23969768339254588,0.23128817212885713,0.23170066397881656,0.24092185275371575,0.24109483320692454,0.20747009434087793,0.24116136415046638,0.23973760195867097,0.24109483320692454,0.2506353705108246,0.2449270155549346,0.24045613614892286,0.21661144598352694,0.23441512647532367
Minimax Approval Voting (MAV),0.1993932377948984,0.27147286202812926,0.25328330206378985,0.27712799222918577,0.28012188468856863,0.2845927640945804,0.26826607054941254,0.2655516080529054,0.2655516080529054,0.2655516080529054,0.2655516080529054,0.28775963700717205,0.2655516080529054,0.28775963700717205,0.0,0.28775963700717205,0.2655516080529054,0.2776336274001038,0.3333333333333333,0.2829561028834511,0.2820379758625737,0.2817851582771147,0.28080050031269543,0.2787513472516067,0.29120593988263943,0.2849653373784147,0.2850584806993733,0.2850584806993733,0.28503186832195654,0.304272617194257,0.2850584806993733,0.2850584806993733,0.2791505329128578,0.2850584806993733,0.2850584806993733,0.2849653373784147,0.2850584806993733,0.2850584806993733,0.2850584806993733,0.2850584806993733,0.2850584806993733,0.2850584806993733,0.2850584806993733,0.2850584806993733,0.2782989368355222,0.2850584806993733,0.2850584806993733,0.2850584806993733,0.2850584806993733,0.27820579351456365,0.27820579351456365,0.2850584806993733,0.2829561028834511,0.2791372267241494,0.2787513472516067,0.28004204755631845,0.2850584806993733,0.2850584806993733,0.2793102071773582,0.2849653373784147,0.2791505329128578,0.2850584806993733,0.28246377390124144,0.32357989701009937,0.2798956794805264,0.27896424627094063,0.27920375766769123
Method of Equal Shares (aka Rule X) with Phragmén phase,0.2775877210490599,0.24209279736005215,0.31018056498077257,0.2791372267241494,0.2375420808217902,0.0073050976008941755,0.1863132542945724,0.06078267001982622,0.06078267001982622,0.06078267001982622,0.06078267001982622,0.0,0.06078267001982622,0.0,0.28775963700717205,0.0,0.06078267001982622,0.2519393770042447,0.2678269663220364,0.22432903543438054,0.26786688488816146,0.1780501111066757,0.23812755312495842,0.23529333493007598,0.14748579564355382,0.24116136415046638,0.24109483320692454,0.24109483320692454,0.241148057961758,0.24575199925485344,0.24109483320692454,0.24092185275371575,0.23969768339254588,0.24109483320692454,0.24029646188442244,0.24116136415046638,0.24109483320692454,0.24109483320692454,0.24109483320692454,0.24109483320692454,0.24109483320692454,0.24109483320692454,0.24098838369725759,0.24109483320692454,0.24166699932138438,0.24109483320692454,0.24109483320692454,0.23908559871196094,0.23908559871196094,0.24560563117906137,0.24560563117906137,0.24109483320692454,0.2349473740236584,0.23969768339254588,0.23128817212885713,0.23170066397881656,0.24092185275371575,0.24109483320692454,0.20747009434087793,0.24116136415046638,0.23973760195867097,0.24109483320692454,0.2506353705108246,0.2449270155549346,0.24045613614892286,0.21661144598352694,0.23441512647532367
E Pluribus Hugo (EPH),0.2677797293521217,0.2415738560004258,0.30783867576809976,0.2776203212113954,0.23864649448458478,0.054382393251101085,0.1820020491530611,0.0,0.0,0.0,0.0,0.06078267001982622,0.0,0.06078267001982622,0.2655516080529054,0.06078267001982622,0.0,0.25228533791066227,0.2871475523265871,0.22531369339879978,0.2694370151557489,0.1797399970726385,0.23992388860058814,0.23682354663153832,0.1573456814764547,0.24367623381634798,0.24362300906151452,0.24362300906151452,0.24367623381634798,0.25555866033292085,0.24362300906151452,0.24343672241959735,0.24088193418759066,0.24362300906151452,0.24423509374209945,0.24367623381634798,0.24362300906151452,0.24362300906151452,0.24362300906151452,0.24362300906151452,0.24362300906151452,0.24362300906151452,0.24351655955184756,0.24362300906151452,0.2427847191728873,0.24362300906151452,0.24362300906151452,0.24327704815509693,0.24327704815509693,0.24645722725639696,0.24645722725639696,0.24362300906151452,0.23847351403137598,0.24088193418759066,0.233017976660945,0.234029247002781,0.24343672241959735,0.24362300906151452,0.21730336779636208,0.24367623381634798,0.24090854656500738,0.24362300906151452,0.2514204356446183,0.2599896211728075,0.241148057961758,0.21722353066411187,0.2364642795364124
Random Serial Dictator,0.2762757308424148,0.26986281319441674,0.28300932763828457,0.277713464532354,0.2688648490412891,0.2521123574574535,0.2612803214775192,0.25228533791066227,0.25228533791066227,0.25228533791066227,0.25228533791066227,0.2519393770042447,0.25228533791066227,0.2519393770042447,0.2776336274001038,0.2519393770042447,0.25228533791066227,0.0,0.2793102071773582,0.26875839953162217,0.2759171290567243,0.26129362766622755,0.269077748060623,0.2686120314558301,0.25756789482788445,0.269836200817,0.2698228946282916,0.2698228946282916,0.26986281319441674,0.27267041901188244,0.2698228946282916,0.2697430574960414,0.2694104027783322,0.2698228946282916,0.270235386478251,0.269836200817,0.2698228946282916,0.2698228946282916,0.2698228946282916,0.2698228946282916,0.2698228946282916,0.2698228946282916,0.26976966987345813,0.2698228946282916,0.2701688555347092,0.2698228946282916,0.2698228946282916,0.2697962822508749,0.2697962822508749,0.27076763402658577,0.27076763402658577,0.2698228946282916,0.269330565646082,0.2694104027783322,0.26842574481391296,0.2683592138703711,0.2697430574960414,0.2698228946282916,0.26708181975436773,0.269836200817,0.2694237089670406,0.2698228946282916,0.273774832674677,0.27438691735526194,0.268824930475164,0.2637153540111506,0.26866525621066356
Anti-Plurality,0.3122523385626655,0.2602291325695581,0.3333333333333333,0.27759370883397866,0.245845142575812,0.2681063962849121,0.2644072758239857,0.2871475523265871,0.2871475523265871,0.2871475523265871,0.2871475523265871,0.2678269663220364,0.2871475523265871,0.2678269663220364,0.3333333333333333,0.2678269663220364,0.2871475523265871,0.2793102071773582,0.0,0.24158716218913417,0.24392905140180698,0.24810719465623463,0.24613787872739612,0.24914507737548733,0.2390989049006693,0.23949809056192034,0.23920535441033625,0.23920535441033625,0.23937833486354504,0.17286069751041208,0.23920535441033625,0.23927188535387808,0.24867936077069444,0.23920535441033625,0.23183372586590023,0.2395113967506287,0.23920535441033625,0.23920535441033625,0.23920535441033625,0.23920535441033625,0.23920535441033625,0.23920535441033625,0.2390589863345442,0.23920535441033625,0.2496241001689886,0.23920535441033625,0.23920535441033625,0.22621851423096884,0.22621851423096884,0.2492116083190292,0.2492116083190292,0.23920535441033625,0.2431173738905965,0.24867936077069444,0.24906524024323712,0.24676326959668943,0.23927188535387808,0.23920535441033625,0.2522188069671204,0.2395113967506287,0.24871927933681956,0.23920535441033625,0.24360970287280614,0.12301571460886458,0.24838662461911035,0.24926483307386266,0.24873258552552793
Two-Approval,0.30713544369486245,0.30304844783308715,0.32717256796135885,0.2765957446808511,0.2983779755964499,0.224382260189214,0.20935957313746623,0.22531369339879978,0.22531369339879978,0.22531369339879978,0.22531369339879978,0.22432903543438054,0.22531369339879978,0.22432903543438054,0.2829561028834511,0.22432903543438054,0.22531369339879978,0.26875839953162217,0.24158716218913417,0.0,0.31349380596915627,0.21230024084201563,0.29996141205274574,0.29914973454153526,0.22045693452024537,0.3018641970380424,0.3018242784719173,0.3018242784719173,0.3018641970380424,0.278871102949982,0.3018242784719173,0.3015182361316248,0.30159807326387505,0.3018242784719173,0.2991231221641185,0.3018641970380424,0.3018242784719173,0.3018242784719173,0.3018242784719173,0.3018242784719173,0.3018242784719173,0.3018242784719173,0.3016379918300001,0.3018242784719173,0.30221015794446,0.3018242784719173,0.3018242784719173,0.29732678668848883,0.29732678668848883,0.3032480406637127,0.3032480406637127,0.3018242784719173,0.2979255651803654,0.30159807326387505,0.29216398546964195,0.291551900789057,0.3015182361316248,0.3018242784719173,0.29475869226777374,0.3018641970380424,0.3016113794525834,0.3018242784719173,0.2519792955703698,0.19158250502308624,0.28661530477825237,0.2690910542493314,0.30012108631724616
Three-Approval,0.17866751826274402,0.07515335382486395,0.33173659068832917,0.2773275850598113,0.07746863066012002,0.2682793767381209,0.23434859553178183,0.2694370151557489,0.2694370151557489,0.2694370151557489,0.2694370151557489,0.26786688488816146,0.2694370151557489,0.26786688488816146,0.2820379758625737,0.26786688488816146,0.2694370151557489,0.2759171290567243,0.24392905140180698,0.31349380596915627,0.0,0.23396271605923916,0.0780674091519966,0.0822189400290075,0.2158263808497332,0.07098851675914468,0.07129455909943715,0.07129455909943715,0.07110827245752,0.14458504650512954,0.07129455909943715,0.07161390762843799,0.06991071547376684,0.07129455909943715,0.08583822335768365,0.0709752105704363,0.07129455909943715,0.07129455909943715,0.07129455909943715,0.07129455909943715,0.07129455909943715,0.07129455909943715,0.0714409271752292,0.07129455909943715,0.07306428219765013,0.07129455909943715,0.07129455909943715,0.08416164358042925,0.08416164358042925,0.0611685494923689,0.0611685494923689,0.07129455909943715,0.07903876092770748,0.06995063403989195,0.08597128524476734,0.08523944486580709,0.07161390762843799,0.07129455909943715,0.09053530797173766,0.0709752105704363,0.0697643473979748,0.07129455909943715,0.06151451039878648,0.22668423083576172,0.06972442883184969,0.13187763628863786,0.08154032440488071
Instant Runoff,0.24344736737056405,0.2068180910941679,0.3284765744547789,0.2776735459662289,0.19496227695501178,0.17835615344696817,0.06086250715207643,0.1797399970726385,0.1797399970726385,0.1797399970726385,0.1797399970726385,0.1780501111066757,0.1797399970726385,0.1780501111066757,0.2817851582771147,0.1780501111066757,0.1797399970726385,0.26129362766622755,0.24810719465623463,0.21230024084201563,0.23396271605923916,0.0,0.19875454073689672,0.18948012720716406,0.12369433023299137,0.20468910090082898,0.2045560390137453,0.2045560390137453,0.20463587614599552,0.21839447527044828,0.2045560390137453,0.20428991523957793,0.20279962210424068,0.2045560390137453,0.2105970486873445,0.20468910090082898,0.2045560390137453,0.2045560390137453,0.2045560390137453,0.2045560390137453,0.2045560390137453,0.2045560390137453,0.20440967093795323,0.2045560390137453,0.2059398826394156,0.2045560390137453,0.2045560390137453,0.20913336792942397,0.20913336792942397,0.21092970340505368,0.21092970340505368,0.2045560390137453,0.2048886937314545,0.2027863159155323,0.1770920655196732,0.18217502960626988,0.20428991523957793,0.2045560390137453,0.2009101433076524,0.20468910090082898,0.20289276542519927,0.2045560390137453,0.21903317232844996,0.21399012680797838,0.20138916610115365,0.15950128404721037,0.1965856319774327
Bottom-Two-Runoff Instant Runoff,0.1836034489641132,0.030338110255079636,0.33313374050270783,0.27764693358881215,0.05181429883038601,0.23854004497491785,0.2030524396896997,0.23992388860058814,0.23992388860058814,0.23992388860058814,0.23992388860058814,0.23812755312495842,0.23992388860058814,0.23812755312495842,0.28080050031269543,0.23812755312495842,0.23992388860058814,0.269077748060623,0.24613787872739612,0.29996141205274574,0.0780674091519966,0.19875454073689672,0.0,0.010698175721528083,0.17271432943462003,0.015914201695208442,0.015581546977499234,0.015581546977499234,0.015794445996833127,0.11054781578912352,0.015581546977499234,0.015421872712998816,0.020185488270594652,0.015581546977499234,0.0319481590887922,0.015914201695208442,0.015581546977499234,0.015581546977499234,0.015581546977499234,0.015581546977499234,0.015581546977499234,0.015581546977499234,0.015568240788790867,0.015581546977499234,0.023245911673519352,0.015581546977499234,0.015581546977499234,0.029819168895453274,0.029819168895453274,0.02755711681503067,0.02755711681503067,0.015581546977499234,0.02212819182201642,0.020185488270594652,0.02166247521722353,0.0214229638204729,0.015421872712998816,0.015581546977499234,0.030657458784080476,0.015914201695208442,0.020345162535095072,0.015581546977499234,0.1271938578632922,0.22548667385200857,0.06630473833379905,0.07126794672202041,0.014290846672787513
Benham,0.1801744441339667,0.023551954013811823,0.3331736590688329,0.27776668928718745,0.049898207656380984,0.23581227628970233,0.1959602411081394,0.23682354663153832,0.23682354663153832,0.23682354663153832,0.23682354663153832,0.23529333493007598,0.23682354663153832,0.23529333493007598,0.2787513472516067,0.23529333493007598,0.23682354663153832,0.2686120314558301,0.24914507737548733,0.29914973454153526,0.0822189400290075,0.18948012720716406,0.010698175721528083,0.0,0.1677511210463987,0.02143627000918127,0.021316514310805956,0.021316514310805956,0.021396351443056166,0.11511183851609383,0.021316514310805956,0.021023778159221854,0.018389152794964937,0.021316514310805956,0.03401061833858928,0.02143627000918127,0.021316514310805956,0.021316514310805956,0.021316514310805956,0.021316514310805956,0.021316514310805956,0.021316514310805956,0.021156840046305535,0.021316514310805956,0.022939869333226885,0.021316514310805956,0.021316514310805956,0.03241387569358509,0.03241387569358509,0.03125623727595705,0.03125623727595705,0.021316514310805956,0.02573416896198422,0.018389152794964937,0.012388061687490851,0.014863012787247349,0.021023778159221854,0.021316514310805956,0.027823240589198037,0.02143627000918127,0.018482296115923516,0.021316514310805956,0.1296288903969236,0.2284539539339747,0.06577249078546432,0.06400276768725134,0.007677670884728487
PluralityWRunoff PUT,0.24788830785198196,0.18173592537889371,0.3309116069884103,0.2780062006839381,0.17255465517011961,0.1484571474192647,0.14260242438758267,0.1573456814764547,0.1573456814764547,0.1573456814764547,0.1573456814764547,0.14748579564355382,0.1573456814764547,0.14748579564355382,0.29120593988263943,0.14748579564355382,0.1573456814764547,0.25756789482788445,0.2390989049006693,0.22045693452024537,0.2158263808497332,0.12369433023299137,0.17271432943462003,0.1677511210463987,0.0,0.1751626681569598,0.17500299389245938,0.17500299389245938,0.17510944340212634,0.19425704895346826,0.17500299389245938,0.17477678868441712,0.1759610394794619,0.17500299389245938,0.18150972017085146,0.1751626681569598,0.17500299389245938,0.17500299389245938,0.17500299389245938,0.17500299389245938,0.17500299389245938,0.17500299389245938,0.17488323819408408,0.17500299389245938,0.17838276582438492,0.17500299389245938,0.17500299389245938,0.1800726517903477,0.1800726517903477,0.18464998070602637,0.18464998070602637,0.17500299389245938,0.17464372679733345,0.17594773329075353,0.16369273349034635,0.1643447367370564,0.17477678868441712,0.17500299389245938,0.16850957380277568,0.1751626681569598,0.17606748898912886,0.17500299389245938,0.20632576211195827,0.20848136468271394,0.1811637592644339,0.13608239192048222,0.16842973667052547
Coombs,0.18882878926988939,0.04091653027823241,0.3333333333333333,0.2773941160033532,0.050869559432091864,0.24168030551009276,0.20868095751333945,0.24367623381634798,0.24367623381634798,0.24367623381634798,0.24367623381634798,0.24116136415046638,0.24367623381634798,0.24116136415046638,0.2849653373784147,0.24116136415046638,0.24367623381634798,0.269836200817,0.23949809056192034,0.3018641970380424,0.07098851675914468,0.20468910090082898,0.015914201695208442,0.02143627000918127,0.1751626681569598,0.0,0.0004657166047928892,0.0004657166047928892,0.000252817585458997,0.0994504544063444,0.0004657166047928892,0.0008649022660439371,0.018828257022341092,0.0004657166047928892,0.02749058587148883,1.3306188708368262e-05,0.0004657166047928892,0.0004657166047928892,0.0004657166047928892,0.0004657166047928892,0.0004657166047928892,0.0004657166047928892,0.0005987784918765718,0.0004657166047928892,0.020544755365720598,0.0004657166047928892,0.0004657166047928892,0.024536611978231076,0.024536611978231076,0.01998589543996913,0.01998589543996913,0.0004657166047928892,0.013944885766369939,0.018854869399757827,0.027597035381155776,0.02596037417002648,0.0008649022660439371,0.0004657166047928892,0.03369126980958844,1.3306188708368262e-05,0.018548827059465357,0.0004657166047928892,0.1206206006413583,0.21589291179327505,0.0641890543291685,0.07780128537782922,0.01808311045467247
Baldwin,0.18906297819115667,0.041382246883025296,0.3333333333333333,0.27740742219206155,0.05096270275305045,0.2416137745665509,0.20868095751333945,0.24362300906151452,0.24362300906151452,0.24362300906151452,0.24362300906151452,0.24109483320692454,0.24362300906151452,0.24109483320692454,0.2850584806993733,0.24109483320692454,0.24362300906151452,0.2698228946282916,0.23920535441033625,0.3018242784719173,0.07129455909943715,0.2045560390137453,0.015581546977499234,0.021316514310805956,0.17500299389245938,0.0004657166047928892,0.0,0.0,0.0002128990193338922,0.09910449349992681,0.0,0.0004657166047928892,0.018921400343299668,0.0,0.02731760541828004,0.00047902279350125744,0.0,0.0,0.0,0.0,0.0,0.0,0.00019959283062552394,0.0,0.020531449177012228,0.0,0.0,0.024297100581480446,0.024297100581480446,0.020451612044762018,0.020451612044762018,0.0,0.01355900629382726,0.018948012720716407,0.02746397349407209,0.025827312282942796,0.0004657166047928892,0.0,0.0336247388660466,0.00047902279350125744,0.019014543664258247,0.0,0.12092664298165076,0.215493726132024,0.06424227908400197,0.07768152967945391,0.018468989927215147
Strict Nanson,0.18906297819115667,0.041382246883025296,0.3333333333333333,0.27740742219206155,0.05096270275305045,0.2416137745665509,0.20868095751333945,0.24362300906151452,0.24362300906151452,0.24362300906151452,0.24362300906151452,0.24109483320692454,0.24362300906151452,0.24109483320692454,0.2850584806993733,0.24109483320692454,0.24362300906151452,0.2698228946282916,0.23920535441033625,0.3018242784719173,0.07129455909943715,0.2045560390137453,0.015581546977499234,0.021316514310805956,0.17500299389245938,0.0004657166047928892,0.0,0.0,0.0002128990193338922,0.09910449349992681,0.0,0.0004657166047928892,0.018921400343299668,0.0,0.02731760541828004,0.00047902279350125744,0.0,0.0,0.0,0.0,0.0,0.0,0.00019959283062552394,0.0,0.020531449177012228,0.0,0.0,0.024297100581480446,0.024297100581480446,0.020451612044762018,0.020451612044762018,0.0,0.01355900629382726,0.018948012720716407,0.02746397349407209,0.025827312282942796,0.0004657166047928892,0.0,0.0336247388660466,0.00047902279350125744,0.019014543664258247,0.0,0.12092664298165076,0.215493726132024,0.06424227908400197,0.07768152967945391,0.018468989927215147
Weak Nanson,0.1889618511569731,0.041169347863691405,0.3333333333333333,0.27743403456947824,0.05090947799821697,0.24166699932138438,0.20868095751333945,0.24367623381634798,0.24367623381634798,0.24367623381634798,0.24367623381634798,0.241148057961758,0.24367623381634798,0.241148057961758,0.28503186832195654,0.241148057961758,0.24367623381634798,0.26986281319441674,0.23937833486354504,0.3018641970380424,0.07110827245752,0.20463587614599552,0.015794445996833127,0.021396351443056166,0.17510944340212634,0.000252817585458997,0.0002128990193338922,0.0002128990193338922,0.0,0.0992774739531356,0.0002128990193338922,0.0006653094354184131,0.018868175588466197,0.0002128990193338922,0.02742405492794699,0.00026612377416736525,0.0002128990193338922,0.0002128990193338922,0.0002128990193338922,0.0002128990193338922,0.0002128990193338922,0.0002128990193338922,0.0003991856612510479,0.0002128990193338922,0.020584673931845703,0.0002128990193338922,0.0002128990193338922,0.024443468657272496,0.024443468657272496,0.020238713025428127,0.020238713025428127,0.0002128990193338922,0.013745292935744415,0.018894787965882932,0.0275438106263223,0.025907149415193006,0.0006653094354184131,0.0002128990193338922,0.033677963620880075,0.00026612377416736525,0.018801644644924353,0.0002128990193338922,0.12074035633973361,0.21569331896264954,0.0642289728952936,0.07774806062299576,0.018335928040131465
Iterated Removal Condorcet Loser,0.23969369153593334,0.1315982063257621,0.3333333333333333,0.2770481550969356,0.1320240043644299,0.2462709406144798,0.23244581054648517,0.25555866033292085,0.25555866033292085,0.25555866033292085,0.25555866033292085,0.24575199925485344,0.25555866033292085,0.24575199925485344,0.304272617194257,0.24575199925485344,0.25555866033292085,0.27267041901188244,0.17286069751041208,0.278871102949982,0.14458504650512954,0.21839447527044828,0.11054781578912352,0.11511183851609383,0.19425704895346826,0.0994504544063444,0.09910449349992681,0.09910449349992681,0.0992774739531356,0.0,0.09910449349992681,0.09915771825476029,0.11418040530650805,0.09910449349992681,0.1098026692214549,0.09946376059505276,0.09910449349992681,0.09910449349992681,0.09910449349992681,0.09910449349992681,0.09910449349992681,0.09910449349992681,0.09891820685800966,0.09910449349992681,0.1151650632709273,0.09910449349992681,0.09910449349992681,0.1081260894442005,0.1081260894442005,0.11517836945963568,0.11517836945963568,0.09910449349992681,0.101712506486767,0.11418040530650805,0.11861136614639468,0.11678841829334824,0.09915771825476029,0.09910449349992681,0.12329514457174032,0.09946376059505276,0.11426024243875826,0.09910449349992681,0.18252099051268744,0.19339214668742433,0.14268226151983288,0.14631485103721742,0.113781219645257
Raynaud,0.18906297819115667,0.041382246883025296,0.3333333333333333,0.27740742219206155,0.05096270275305045,0.2416137745665509,0.20868095751333945,0.24362300906151452,0.24362300906151452,0.24362300906151452,0.24362300906151452,0.24109483320692454,0.24362300906151452,0.24109483320692454,0.2850584806993733,0.24109483320692454,0.24362300906151452,0.2698228946282916,0.23920535441033625,0.3018242784719173,0.07129455909943715,0.2045560390137453,0.015581546977499234,0.021316514310805956,0.17500299389245938,0.0004657166047928892,0.0,0.0,0.0002128990193338922,0.09910449349992681,0.0,0.0004657166047928892,0.018921400343299668,0.0,0.02731760541828004,0.00047902279350125744,0.0,0.0,0.0,0.0,0.0,0.0,0.00019959283062552394,0.0,0.020531449177012228,0.0,0.0,0.024297100581480446,0.024297100581480446,0.020451612044762018,0.020451612044762018,0.0,0.01355900629382726,0.018948012720716407,0.02746397349407209,0.025827312282942796,0.0004657166047928892,0.0,0.0336247388660466,0.00047902279350125744,0.019014543664258247,0.0,0.12092664298165076,0.215493726132024,0.06424227908400197,0.07768152967945391,0.018468989927215147
