,NN,Min Violations Committee,Max Violations Committee,Random Choice,Borda ranking,Plurality ranking,STV,Approval Voting (AV),Proportional Approval Voting (PAV),Approval Chamberlin-Courant (CC),Lexicographic Chamberlin-Courant (lex-CC),Sequential Approval Chamberlin-Courant (seq-CC),Monroe's Approval Rule (Monroe),Greedy Monroe,Minimax Approval Voting (MAV),Method of Equal Shares (aka Rule X) with Phragmén phase,E Pluribus Hugo (EPH),Random Serial Dictator,Anti-Plurality,Two-Approval,Three-Approval,Instant Runoff,Bottom-Two-Runoff Instant Runoff,Benham,PluralityWRunoff PUT,Coombs,Baldwin,Strict Nanson,Weak Nanson,Iterated Removal Condorcet Loser,Raynaud,Tideman Alternative Top Cycle,Knockout Voting,Banks,Condorcet,Copeland,Llull,Uncovered Set,Uncovered Set - Fishburn,Uncovered Set - Bordes,Uncovered Set - McKelvey,Slater,Top Cycle,GOCHA,Bipartisan Set,Minimax,Split Cycle,Ranked Pairs ZT,Ranked Pairs TB,Simple Stable Voting,Stable Voting,Loss-Trimmer Voting,Daunou,Blacks,Condorcet IRV,Condorcet IRV PUT,Smith IRV,Smith-Minimax,Condorcet Plurality,Copeland-Local-Borda,Copeland-Global-Borda,Borda-Minimax Faceoff,Bucklin,Simplified Bucklin,Weighted Bucklin,Bracket Voting,Superior Voting
Min Violations Committee,0.10588342638161008,0.0,0.2857142857142857,0.24470081034689234,0.05321715129706826,0.21890201132546747,0.19215657202164727,0.21793256043385778,0.21793256043385778,0.21793256043385778,0.21793256043385778,0.2187651476701814,0.21793256043385778,0.2187651476701814,0.23895253682487724,0.2187651476701814,0.21793256043385778,0.23987636649805824,0.23615823719611992,0.25438391395838206,0.19630810289865816,0.19212235610782574,0.028159697075109635,0.021430567356877685,0.1681598111281557,0.03843587652617232,0.039097384193388346,0.039097384193388346,0.03889208871045923,0.14144858773815702,0.039097384193388346,0.03880084627360185,0.021441972661484857,0.039097384193388346,0.039097384193388346,0.03835603939392211,0.039097384193388346,0.039097384193388346,0.039097384193388346,0.039097384193388346,0.039097384193388346,0.039097384193388346,0.039097384193388346,0.039097384193388346,0.019560097401301345,0.039097384193388346,0.039097384193388346,0.039097384193388346,0.039097384193388346,0.02031284750537475,0.02031284750537475,0.039097384193388346,0.037614694594455884,0.02161305223059245,0.028729962305468273,0.030406542082722674,0.03880084627360185,0.039097384193388346,0.03315522049305132,0.03835603939392211,0.021510404489127895,0.039097384193388346,0.2029117742662112,0.23208654345135923,0.0900562851782364,0.08639518239933393,0.021407756747663337
Max Violations Committee,0.2825960754346847,0.2857142857142857,0.0,0.2459667991582885,0.28523526292078444,0.267648283216524,0.2809354630838803,0.2655268965595899,0.2655268965595899,0.2655268965595899,0.2655268965595899,0.2681843325330611,0.2655268965595899,0.2681843325330611,0.22296229976562099,0.2681843325330611,0.2655268965595899,0.24968492846022686,0.2857142857142857,0.28180226623402543,0.28211020945841914,0.2818935086708828,0.2856800698004642,0.2856344485820355,0.2837069521034233,0.2857142857142857,0.2857142857142857,0.2857142857142857,0.2857142857142857,0.2857142857142857,0.2857142857142857,0.28570288040967856,0.28570288040967856,0.2857142857142857,0.28075297821016554,0.2857142857142857,0.2857142857142857,0.2857142857142857,0.2857142857142857,0.2857142857142857,0.2857142857142857,0.2857142857142857,0.28570288040967856,0.2857142857142857,0.2857142857142857,0.2857142857142857,0.2857142857142857,0.2843342438568178,0.2843342438568178,0.2857142857142857,0.2857142857142857,0.2857142857142857,0.28541774779449924,0.28570288040967856,0.2853493159668562,0.2854405584037136,0.28570288040967856,0.2857142857142857,0.28368414149420895,0.2857142857142857,0.2857142857142857,0.2857142857142857,0.28211020945841914,0.2851896417023558,0.2846421870812115,0.284014895327817,0.2857142857142857
Random Choice,0.24476410978746216,0.24470081034689234,0.2459667991582885,0.0,0.24432443529485565,0.2443016246856413,0.24406211328889066,0.24447270425474887,0.24447270425474887,0.24447270425474887,0.24447270425474887,0.2443016246856413,0.24447270425474887,0.2443016246856413,0.24562464002007334,0.2443016246856413,0.24447270425474887,0.24545356045096575,0.24500875357128601,0.24439286712249866,0.24487188991599992,0.2439252496336046,0.24448410955935607,0.24460956791003496,0.24389103371978307,0.24448410955935607,0.24447270425474887,0.24447270425474887,0.24448410955935607,0.2448490793067856,0.24447270425474887,0.2444612989501417,0.2448034580883569,0.24447270425474887,0.2448034580883569,0.24449551486396323,0.24447270425474887,0.24447270425474887,0.24447270425474887,0.24447270425474887,0.24447270425474887,0.24447270425474887,0.24444989364553454,0.24447270425474887,0.24459816260542777,0.24447270425474887,0.24447270425474887,0.24486048461139276,0.24486048461139276,0.24465518912846365,0.24465518912846365,0.24447270425474887,0.24419897694417675,0.24476924217453538,0.2443016246856413,0.24419897694417675,0.24447270425474887,0.24447270425474887,0.24441567773171302,0.24449551486396323,0.24474643156532103,0.24447270425474887,0.24504296948510754,0.24440427242710586,0.24468940504228517,0.24478064747914255,0.24454113608239192
Borda ranking,0.11026819573783765,0.05321715129706826,0.28523526292078444,0.24432443529485565,0.0,0.21286860518827305,0.18199444561665631,0.21357573407391778,0.21357573407391778,0.21357573407391778,0.21357573407391778,0.21262909379152245,0.21357573407391778,0.21262909379152245,0.24486048461139276,0.21262909379152245,0.21357573407391778,0.23916923761241354,0.22561973573909225,0.2499244398569775,0.1986005691246999,0.1806486196730099,0.05276093911278135,0.05095890098484805,0.16013047668470606,0.05073079489270459,0.05087906385259784,0.05087906385259784,0.05087906385259784,0.14173372035333634,0.05087906385259784,0.05124403360002737,0.033314894757551734,0.05087906385259784,0.06530677418067143,0.05069657897888308,0.05087906385259784,0.05087906385259784,0.05087906385259784,0.05087906385259784,0.05087906385259784,0.05087906385259784,0.05101592750788392,0.05087906385259784,0.05141511316913496,0.05087906385259784,0.05087906385259784,0.06428029676602588,0.06428029676602588,0.047639957344160766,0.047639957344160766,0.05087906385259784,0.0599120651014787,0.0329955462285509,0.057904731490616285,0.05763100418004414,0.05126684420924172,0.05087906385259784,0.06385830049556049,0.05069657897888308,0.03394218651094624,0.050753605501918944,0.20515861927382426,0.2263496752339513,0.09079762997770263,0.0900562851782364,0.04903140450623585
Plurality ranking,0.24330708212389582,0.21890201132546747,0.267648283216524,0.2443016246856413,0.21286860518827305,0.0,0.16520583723489796,0.04939637425366538,0.04939637425366538,0.04939637425366538,0.04939637425366538,0.010048073358919234,0.04939637425366538,0.010048073358919234,0.25015254594912095,0.010048073358919234,0.04939637425366538,0.2235895915190155,0.23629510085140598,0.19354801918372236,0.22577941000359267,0.15942334779906134,0.21589101090917387,0.21272033622837982,0.1307276014074146,0.21852563627343077,0.21844579914118056,0.21844579914118056,0.21850282566421642,0.2212058828561164,0.21844579914118056,0.2182176930490371,0.2175561853818211,0.21844579914118056,0.2179667763476793,0.21853704157803794,0.21844579914118056,0.21844579914118056,0.21844579914118056,0.21844579914118056,0.21844579914118056,0.21844579914118056,0.218343151399716,0.21844579914118056,0.2189704431531105,0.21844579914118056,0.21844579914118056,0.21698592015146245,0.21698592015146245,0.22269997775965603,0.22269997775965603,0.21844579914118056,0.21413459399966925,0.21745353764035652,0.20815821438551071,0.20885393796654825,0.21820628774442993,0.21844579914118056,0.18689872659774062,0.21853704157803794,0.21768164373249999,0.21841158322735904,0.22348694377755093,0.22419407266319566,0.2208181024994725,0.1908107460780009,0.21262909379152245
STV,0.21599765050725092,0.19215657202164727,0.2809354630838803,0.24406211328889066,0.18199444561665631,0.16520583723489796,0.0,0.16240013230153344,0.16240013230153344,0.16240013230153344,0.16240013230153344,0.1653883221086127,0.16240013230153344,0.1653883221086127,0.23689958199558614,0.1653883221086127,0.16240013230153344,0.23166454718089383,0.2395113967506287,0.1958290801051569,0.19832684181412774,0.06137194409119682,0.18947632543896167,0.18327183973265965,0.13230153344320444,0.19489384512736874,0.19484822390894005,0.19484822390894005,0.19488243982276157,0.21665516631785445,0.19484822390894005,0.19446044355229616,0.19090198851485826,0.19484822390894005,0.19974109958541716,0.19488243982276157,0.19484822390894005,0.19484822390894005,0.19484822390894005,0.19484822390894005,0.19484822390894005,0.19484822390894005,0.19464292842601094,0.19484822390894005,0.19375331466665147,0.19484822390894005,0.19484822390894005,0.19896553887212942,0.19896553887212942,0.19760830762387588,0.19760830762387588,0.19484822390894005,0.19527022017940543,0.19063966650889327,0.17385105812713494,0.17476348249570875,0.19447184885690336,0.19484822390894005,0.18807347297227942,0.19488243982276157,0.19105025747475152,0.19480260269051136,0.19594313315122863,0.20481646013560909,0.20009466402823953,0.14800663788728138,0.1861915977120959
Approval Voting (AV),0.24047343419424377,0.21793256043385778,0.2655268965595899,0.24447270425474887,0.21357573407391778,0.04939637425366538,0.16240013230153344,0.0,0.0,0.0,0.0,0.05829251184726016,0.0,0.05829251184726016,0.23585029397172624,0.05829251184726016,0.0,0.22306494750708555,0.2528556031410209,0.19548692096694173,0.22682869802745256,0.16122538592699465,0.21647268144413967,0.2130168741481663,0.14065021641565492,0.21974600386639825,0.21967757203875524,0.21967757203875524,0.21974600386639825,0.23124255091042845,0.21967757203875524,0.2194722765558261,0.21779569677857172,0.21967757203875524,0.22052156457968602,0.21974600386639825,0.21967757203875524,0.21967757203875524,0.21967757203875524,0.21967757203875524,0.21967757203875524,0.21967757203875524,0.21962054551571936,0.21967757203875524,0.21895903784850335,0.21967757203875524,0.21967757203875524,0.2197345985617911,0.2197345985617911,0.22276840958729904,0.22276840958729904,0.21967757203875524,0.2157883631677093,0.21768164373249999,0.20836350986843982,0.20977776763972925,0.21946087125121894,0.21967757203875524,0.19326288656854304,0.21974600386639825,0.2178869392154291,0.21965476142954088,0.22458185301983952,0.23433338845897228,0.22103480328700878,0.19135820069914516,0.2132791961541313
Proportional Approval Voting (PAV),0.24047343419424377,0.21793256043385778,0.2655268965595899,0.24447270425474887,0.21357573407391778,0.04939637425366538,0.16240013230153344,0.0,0.0,0.0,0.0,0.05829251184726016,0.0,0.05829251184726016,0.23585029397172624,0.05829251184726016,0.0,0.22306494750708555,0.2528556031410209,0.19548692096694173,0.22682869802745256,0.16122538592699465,0.21647268144413967,0.2130168741481663,0.14065021641565492,0.21974600386639825,0.21967757203875524,0.21967757203875524,0.21974600386639825,0.23124255091042845,0.21967757203875524,0.2194722765558261,0.21779569677857172,0.21967757203875524,0.22052156457968602,0.21974600386639825,0.21967757203875524,0.21967757203875524,0.21967757203875524,0.21967757203875524,0.21967757203875524,0.21967757203875524,0.21962054551571936,0.21967757203875524,0.21895903784850335,0.21967757203875524,0.21967757203875524,0.2197345985617911,0.2197345985617911,0.22276840958729904,0.22276840958729904,0.21967757203875524,0.2157883631677093,0.21768164373249999,0.20836350986843982,0.20977776763972925,0.21946087125121894,0.21967757203875524,0.19326288656854304,0.21974600386639825,0.2178869392154291,0.21965476142954088,0.22458185301983952,0.23433338845897228,0.22103480328700878,0.19135820069914516,0.2132791961541313
Approval Chamberlin-Courant (CC),0.24047343419424377,0.21793256043385778,0.2655268965595899,0.24447270425474887,0.21357573407391778,0.04939637425366538,0.16240013230153344,0.0,0.0,0.0,0.0,0.05829251184726016,0.0,0.05829251184726016,0.23585029397172624,0.05829251184726016,0.0,0.22306494750708555,0.2528556031410209,0.19548692096694173,0.22682869802745256,0.16122538592699465,0.21647268144413967,0.2130168741481663,0.14065021641565492,0.21974600386639825,0.21967757203875524,0.21967757203875524,0.21974600386639825,0.23124255091042845,0.21967757203875524,0.2194722765558261,0.21779569677857172,0.21967757203875524,0.22052156457968602,0.21974600386639825,0.21967757203875524,0.21967757203875524,0.21967757203875524,0.21967757203875524,0.21967757203875524,0.21967757203875524,0.21962054551571936,0.21967757203875524,0.21895903784850335,0.21967757203875524,0.21967757203875524,0.2197345985617911,0.2197345985617911,0.22276840958729904,0.22276840958729904,0.21967757203875524,0.2157883631677093,0.21768164373249999,0.20836350986843982,0.20977776763972925,0.21946087125121894,0.21967757203875524,0.19326288656854304,0.21974600386639825,0.2178869392154291,0.21965476142954088,0.22458185301983952,0.23433338845897228,0.22103480328700878,0.19135820069914516,0.2132791961541313
Lexicographic Chamberlin-Courant (lex-CC),0.24047343419424377,0.21793256043385778,0.2655268965595899,0.24447270425474887,0.21357573407391778,0.04939637425366538,0.16240013230153344,0.0,0.0,0.0,0.0,0.05829251184726016,0.0,0.05829251184726016,0.23585029397172624,0.05829251184726016,0.0,0.22306494750708555,0.2528556031410209,0.19548692096694173,0.22682869802745256,0.16122538592699465,0.21647268144413967,0.2130168741481663,0.14065021641565492,0.21974600386639825,0.21967757203875524,0.21967757203875524,0.21974600386639825,0.23124255091042845,0.21967757203875524,0.2194722765558261,0.21779569677857172,0.21967757203875524,0.22052156457968602,0.21974600386639825,0.21967757203875524,0.21967757203875524,0.21967757203875524,0.21967757203875524,0.21967757203875524,0.21967757203875524,0.21962054551571936,0.21967757203875524,0.21895903784850335,0.21967757203875524,0.21967757203875524,0.2197345985617911,0.2197345985617911,0.22276840958729904,0.22276840958729904,0.21967757203875524,0.2157883631677093,0.21768164373249999,0.20836350986843982,0.20977776763972925,0.21946087125121894,0.21967757203875524,0.19326288656854304,0.21974600386639825,0.2178869392154291,0.21965476142954088,0.22458185301983952,0.23433338845897228,0.22103480328700878,0.19135820069914516,0.2132791961541313
Sequential Approval Chamberlin-Courant (seq-CC),0.24357111492555186,0.2187651476701814,0.2681843325330611,0.2443016246856413,0.21262909379152245,0.010048073358919234,0.1653883221086127,0.05829251184726016,0.05829251184726016,0.05829251184726016,0.05829251184726016,0.0,0.05829251184726016,0.0,0.2544067245675964,0.0,0.05829251184726016,0.22342991725451508,0.23613542658690556,0.19338834491922194,0.22536881903773445,0.1591952417069179,0.21569712073085193,0.21254925665927224,0.12948442320523276,0.21827471957207298,0.21819488243982277,0.21819488243982277,0.21825190896285862,0.2208181024994725,0.21819488243982277,0.2179667763476793,0.21736229520349915,0.21819488243982277,0.21780710208317888,0.21828612487668014,0.21819488243982277,0.21819488243982277,0.21819488243982277,0.21819488243982277,0.21819488243982277,0.21819488243982277,0.2180922346983582,0.21819488243982277,0.21887920071625314,0.21819488243982277,0.21819488243982277,0.21682624588696203,0.21682624588696203,0.2225403034951556,0.2225403034951556,0.21819488243982277,0.21380384016606124,0.2172482421574274,0.2079985401210103,0.2085345894375474,0.21795537104307214,0.21819488243982277,0.1856099271771301,0.21828612487668014,0.2174991588587852,0.21816066652600125,0.22314478463933576,0.22330445890383618,0.22074967067182946,0.190422965721357,0.21241239300398615
Monroe's Approval Rule (Monroe),0.24047343419424377,0.21793256043385778,0.2655268965595899,0.24447270425474887,0.21357573407391778,0.04939637425366538,0.16240013230153344,0.0,0.0,0.0,0.0,0.05829251184726016,0.0,0.05829251184726016,0.23585029397172624,0.05829251184726016,0.0,0.22306494750708555,0.2528556031410209,0.19548692096694173,0.22682869802745256,0.16122538592699465,0.21647268144413967,0.2130168741481663,0.14065021641565492,0.21974600386639825,0.21967757203875524,0.21967757203875524,0.21974600386639825,0.23124255091042845,0.21967757203875524,0.2194722765558261,0.21779569677857172,0.21967757203875524,0.22052156457968602,0.21974600386639825,0.21967757203875524,0.21967757203875524,0.21967757203875524,0.21967757203875524,0.21967757203875524,0.21967757203875524,0.21962054551571936,0.21967757203875524,0.21895903784850335,0.21967757203875524,0.21967757203875524,0.2197345985617911,0.2197345985617911,0.22276840958729904,0.22276840958729904,0.21967757203875524,0.2157883631677093,0.21768164373249999,0.20836350986843982,0.20977776763972925,0.21946087125121894,0.21967757203875524,0.19326288656854304,0.21974600386639825,0.2178869392154291,0.21965476142954088,0.22458185301983952,0.23433338845897228,0.22103480328700878,0.19135820069914516,0.2132791961541313
Greedy Monroe,0.24357111492555186,0.2187651476701814,0.2681843325330611,0.2443016246856413,0.21262909379152245,0.010048073358919234,0.1653883221086127,0.05829251184726016,0.05829251184726016,0.05829251184726016,0.05829251184726016,0.0,0.05829251184726016,0.0,0.2544067245675964,0.0,0.05829251184726016,0.22342991725451508,0.23613542658690556,0.19338834491922194,0.22536881903773445,0.1591952417069179,0.21569712073085193,0.21254925665927224,0.12948442320523276,0.21827471957207298,0.21819488243982277,0.21819488243982277,0.21825190896285862,0.2208181024994725,0.21819488243982277,0.2179667763476793,0.21736229520349915,0.21819488243982277,0.21780710208317888,0.21828612487668014,0.21819488243982277,0.21819488243982277,0.21819488243982277,0.21819488243982277,0.21819488243982277,0.21819488243982277,0.2180922346983582,0.21819488243982277,0.21887920071625314,0.21819488243982277,0.21819488243982277,0.21682624588696203,0.21682624588696203,0.2225403034951556,0.2225403034951556,0.21819488243982277,0.21380384016606124,0.2172482421574274,0.2079985401210103,0.2085345894375474,0.21795537104307214,0.21819488243982277,0.1856099271771301,0.21828612487668014,0.2174991588587852,0.21816066652600125,0.22314478463933576,0.22330445890383618,0.22074967067182946,0.190422965721357,0.21241239300398615
Minimax Approval Voting (MAV),0.23361086241210788,0.23895253682487724,0.22296229976562099,0.24562464002007334,0.24486048461139276,0.25015254594912095,0.23689958199558614,0.23585029397172624,0.23585029397172624,0.23585029397172624,0.23585029397172624,0.2544067245675964,0.23585029397172624,0.2544067245675964,0.0,0.2544067245675964,0.23585029397172624,0.24527107557725097,0.2857142857142857,0.249958655770799,0.24732403040654208,0.2476205683263286,0.24617209464121764,0.24452973077778475,0.25620876269552967,0.24975336028786987,0.2500384929030492,0.2500384929030492,0.2499244398569775,0.269233620556921,0.2500384929030492,0.2500384929030492,0.24465518912846365,0.2500384929030492,0.2500384929030492,0.24971914437404838,0.2500384929030492,0.2500384929030492,0.2500384929030492,0.2500384929030492,0.2500384929030492,0.2500384929030492,0.2500384929030492,0.2500384929030492,0.2444612989501417,0.2500384929030492,0.2500384929030492,0.2500384929030492,0.2500384929030492,0.24443848834092738,0.24443848834092738,0.2500384929030492,0.24767759484936444,0.2447122156514995,0.2447578368699282,0.24633176890571806,0.2500384929030492,0.2500384929030492,0.24567026123850202,0.24971914437404838,0.2446437838238565,0.2500384929030492,0.24734684101575644,0.2794185575711263,0.2439936814612476,0.24495172704825013,0.24496313235285733
Method of Equal Shares (aka Rule X) with Phragmén phase,0.24357111492555186,0.2187651476701814,0.2681843325330611,0.2443016246856413,0.21262909379152245,0.010048073358919234,0.1653883221086127,0.05829251184726016,0.05829251184726016,0.05829251184726016,0.05829251184726016,0.0,0.05829251184726016,0.0,0.2544067245675964,0.0,0.05829251184726016,0.22342991725451508,0.23613542658690556,0.19338834491922194,0.22536881903773445,0.1591952417069179,0.21569712073085193,0.21254925665927224,0.12948442320523276,0.21827471957207298,0.21819488243982277,0.21819488243982277,0.21825190896285862,0.2208181024994725,0.21819488243982277,0.2179667763476793,0.21736229520349915,0.21819488243982277,0.21780710208317888,0.21828612487668014,0.21819488243982277,0.21819488243982277,0.21819488243982277,0.21819488243982277,0.21819488243982277,0.21819488243982277,0.2180922346983582,0.21819488243982277,0.21887920071625314,0.21819488243982277,0.21819488243982277,0.21682624588696203,0.21682624588696203,0.2225403034951556,0.2225403034951556,0.21819488243982277,0.21380384016606124,0.2172482421574274,0.2079985401210103,0.2085345894375474,0.21795537104307214,0.21819488243982277,0.1856099271771301,0.21828612487668014,0.2174991588587852,0.21816066652600125,0.22314478463933576,0.22330445890383618,0.22074967067182946,0.190422965721357,0.21241239300398615
E Pluribus Hugo (EPH),0.24047343419424377,0.21793256043385778,0.2655268965595899,0.24447270425474887,0.21357573407391778,0.04939637425366538,0.16240013230153344,0.0,0.0,0.0,0.0,0.05829251184726016,0.0,0.05829251184726016,0.23585029397172624,0.05829251184726016,0.0,0.22306494750708555,0.2528556031410209,0.19548692096694173,0.22682869802745256,0.16122538592699465,0.21647268144413967,0.2130168741481663,0.14065021641565492,0.21974600386639825,0.21967757203875524,0.21967757203875524,0.21974600386639825,0.23124255091042845,0.21967757203875524,0.2194722765558261,0.21779569677857172,0.21967757203875524,0.22052156457968602,0.21974600386639825,0.21967757203875524,0.21967757203875524,0.21967757203875524,0.21967757203875524,0.21967757203875524,0.21967757203875524,0.21962054551571936,0.21967757203875524,0.21895903784850335,0.21967757203875524,0.21967757203875524,0.2197345985617911,0.2197345985617911,0.22276840958729904,0.22276840958729904,0.21967757203875524,0.2157883631677093,0.21768164373249999,0.20836350986843982,0.20977776763972925,0.21946087125121894,0.21967757203875524,0.19326288656854304,0.21974600386639825,0.2178869392154291,0.21965476142954088,0.22458185301983952,0.23433338845897228,0.22103480328700878,0.19135820069914516,0.2132791961541313
Random Serial Dictator,0.2450059022451342,0.23987636649805824,0.24968492846022686,0.24545356045096575,0.23916923761241354,0.2235895915190155,0.23166454718089383,0.22306494750708555,0.22306494750708555,0.22306494750708555,0.22306494750708555,0.22342991725451508,0.22306494750708555,0.22342991725451508,0.24527107557725097,0.22342991725451508,0.22306494750708555,0.0,0.2450999960081434,0.23602137354083383,0.2416213781029557,0.2315162782210006,0.23903237395712745,0.23845070342216165,0.22770690648220487,0.2395684232736646,0.23954561266445024,0.23954561266445024,0.23957982857827176,0.24124500305091898,0.23954561266445024,0.23953420735984307,0.23945437022759286,0.23954561266445024,0.23940874900916417,0.23957982857827176,0.23954561266445024,0.23954561266445024,0.23954561266445024,0.23954561266445024,0.23954561266445024,0.23954561266445024,0.23959123388287892,0.23954561266445024,0.2398193399750224,0.23954561266445024,0.23954561266445024,0.23926048004927092,0.23926048004927092,0.24058349538370297,0.24058349538370297,0.23954561266445024,0.23899815804330593,0.23936312779073546,0.23782341166876714,0.2376409267950524,0.23953420735984307,0.23954561266445024,0.23693379790940766,0.23957982857827176,0.23953420735984307,0.2395684232736646,0.24101689695877554,0.24097127574034682,0.24142748792463375,0.2339456081023284,0.23878145725576966
Anti-Plurality,0.24561722657207868,0.23615823719611992,0.2857142857142857,0.24500875357128601,0.22561973573909225,0.23629510085140598,0.2395113967506287,0.2528556031410209,0.2528556031410209,0.2528556031410209,0.2528556031410209,0.23613542658690556,0.2528556031410209,0.23613542658690556,0.2857142857142857,0.23613542658690556,0.2528556031410209,0.2450999960081434,0.0,0.22020221605068518,0.22588205774505724,0.22725069429791797,0.2258136259174142,0.22834560354020655,0.21894763254389615,0.22096637145936576,0.22070404945340077,0.22070404945340077,0.22074967067182946,0.13817526531589844,0.22070404945340077,0.22070404945340077,0.22771831178681204,0.22070404945340077,0.20838632047765415,0.22100058737318726,0.22070404945340077,0.22070404945340077,0.22070404945340077,0.22070404945340077,0.22070404945340077,0.22070404945340077,0.2203162690967569,0.22070404945340077,0.22864214145999304,0.22070404945340077,0.22070404945340077,0.20343641827814116,0.20343641827814116,0.22826576640795634,0.22826576640795634,0.22070404945340077,0.22445639466916062,0.22770690648220487,0.2281517133618846,0.22590486835427157,0.22070404945340077,0.22070404945340077,0.22988531966217488,0.22100058737318726,0.22775252770063356,0.22062421232115056,0.22552849330223487,0.17369138386263452,0.22808328153424157,0.22881322102910062,0.22770690648220487
Two-Approval,0.2583752003056622,0.25438391395838206,0.28180226623402543,0.24439286712249866,0.2499244398569775,0.19354801918372236,0.1958290801051569,0.19548692096694173,0.19548692096694173,0.19548692096694173,0.19548692096694173,0.19338834491922194,0.19548692096694173,0.19338834491922194,0.249958655770799,0.19338834491922194,0.19548692096694173,0.23602137354083383,0.22020221605068518,0.0,0.25986986547443214,0.19725474318105352,0.2512930764098382,0.2515325878065888,0.19811014102659147,0.2536881903773445,0.25367678507273733,0.25367678507273733,0.2536881903773445,0.23853054055441186,0.25367678507273733,0.2534372736759867,0.2531863569746289,0.25367678507273733,0.250289409604407,0.2536881903773445,0.25367678507273733,0.25367678507273733,0.25367678507273733,0.25367678507273733,0.25367678507273733,0.25367678507273733,0.25358554263587996,0.25367678507273733,0.2539048911648808,0.25367678507273733,0.25367678507273733,0.24925152688515428,0.24925152688515428,0.25471466779199003,0.25471466779199003,0.25367678507273733,0.24971914437404838,0.25315214106080736,0.24499734826667882,0.24406211328889066,0.25342586837137954,0.25367678507273733,0.24319531013874554,0.2536881903773445,0.25319776227923607,0.25367678507273733,0.2521484742553762,0.22790079666052682,0.24925152688515428,0.2373329835706587,0.25279857661798505
Three-Approval,0.2676471426860634,0.19630810289865816,0.28211020945841914,0.24487188991599992,0.1986005691246999,0.22577941000359267,0.19832684181412774,0.22682869802745256,0.22682869802745256,0.22682869802745256,0.22682869802745256,0.22536881903773445,0.22682869802745256,0.22536881903773445,0.24732403040654208,0.22536881903773445,0.22682869802745256,0.2416213781029557,0.22588205774505724,0.25986986547443214,0.0,0.19899975478595094,0.19685555751980247,0.19270402664279157,0.19784781902062648,0.19731176970408937,0.19703804239351722,0.19703804239351722,0.19710647422116026,0.20589996407329048,0.19703804239351722,0.1970038264796957,0.19995780037295346,0.19703804239351722,0.21006290025490856,0.19736879622712525,0.19703804239351722,0.19703804239351722,0.19703804239351722,0.19703804239351722,0.19703804239351722,0.19703804239351722,0.19707225830733874,0.19703804239351722,0.19699242117508853,0.19703804239351722,0.19703804239351722,0.2091618811909419,0.2091618811909419,0.2032539334044264,0.2032539334044264,0.19703804239351722,0.20407511533614284,0.19995780037295346,0.20197653928842305,0.20221605068517368,0.19702663708891005,0.19703804239351722,0.2054323465843964,0.19736879622712525,0.20011747463745388,0.19701523178430289,0.0077327965236631555,0.12643920687511762,0.1686274286170498,0.17191215634391555,0.18881481777174564
Instant Runoff,0.21740677589146704,0.19212235610782574,0.2818935086708828,0.2439252496336046,0.1806486196730099,0.15942334779906134,0.06137194409119682,0.16122538592699465,0.16122538592699465,0.16122538592699465,0.16122538592699465,0.1591952417069179,0.16122538592699465,0.1591952417069179,0.2476205683263286,0.1591952417069179,0.16122538592699465,0.2315162782210006,0.22725069429791797,0.19725474318105352,0.19899975478595094,0.0,0.18661359398256128,0.1777630776073952,0.11926527027720593,0.19191706062489663,0.19183722349264642,0.19183722349264642,0.1918828447110751,0.2051015927507884,0.19183722349264642,0.19132398478532364,0.1892938405652469,0.19183722349264642,0.19668447795069488,0.19191706062489663,0.19183722349264642,0.19183722349264642,0.19183722349264642,0.19183722349264642,0.19183722349264642,0.19183722349264642,0.1915520908774671,0.19183722349264642,0.1921907879354688,0.19183722349264642,0.19183722349264642,0.1957492429729067,0.1957492429729067,0.19621686046180078,0.19621686046180078,0.19183722349264642,0.19244170463682658,0.18903151855928194,0.16339239380235748,0.17026979248048268,0.1913011741761093,0.19183722349264642,0.18578100674623768,0.19191706062489663,0.18944210952514015,0.19176879166500338,0.19679853099676659,0.19958142532091677,0.19861197442930706,0.1454404443506675,0.183887726181447
Bottom-Two-Runoff Instant Runoff,0.11390762843798652,0.028159697075109635,0.2856800698004642,0.24448410955935607,0.05276093911278135,0.21589101090917387,0.18947632543896167,0.21647268144413967,0.21647268144413967,0.21647268144413967,0.21647268144413967,0.21569712073085193,0.21647268144413967,0.21569712073085193,0.24617209464121764,0.21569712073085193,0.21647268144413967,0.23903237395712745,0.2258136259174142,0.2512930764098382,0.19685555751980247,0.18661359398256128,0.0,0.011872922096066881,0.16125960184081617,0.016389422720507307,0.01599023705925626,0.01599023705925626,0.01614991132375668,0.12428360430436196,0.01599023705925626,0.01587618401318453,0.020301442200767576,0.01599023705925626,0.031547072543439955,0.016412233329721655,0.01599023705925626,0.01599023705925626,0.01599023705925626,0.01599023705925626,0.01599023705925626,0.01599023705925626,0.016047263582292123,0.01599023705925626,0.022411423553094546,0.01599023705925626,0.01599023705925626,0.030281083732043773,0.030281083732043773,0.025912852067496592,0.025912852067496592,0.01599023705925626,0.02484075343442235,0.020278631591553232,0.02322120018020381,0.023027310001881875,0.01589899462239888,0.01599023705925626,0.030087193553721837,0.016412233329721655,0.020483927074482343,0.01594461584082757,0.20334517584128378,0.2265549707168804,0.09531413060214305,0.0818786817748935,0.015157649822932646
Benham,0.11549467657407461,0.021430567356877685,0.2856344485820355,0.24460956791003496,0.05095890098484805,0.21272033622837982,0.18327183973265965,0.2130168741481663,0.2130168741481663,0.2130168741481663,0.2130168741481663,0.21254925665927224,0.2130168741481663,0.21254925665927224,0.24452973077778475,0.21254925665927224,0.2130168741481663,0.23845070342216165,0.22834560354020655,0.2515325878065888,0.19270402664279157,0.1777630776073952,0.011872922096066881,0.0,0.15673169591176855,0.02161305223059245,0.021567431012163758,0.021567431012163758,0.02162445753519962,0.1284579457905872,0.021567431012163758,0.021111218827876845,0.018716104860370557,0.021567431012163758,0.033394731889801944,0.021635862839806796,0.021567431012163758,0.021567431012163758,0.021567431012163758,0.021567431012163758,0.021567431012163758,0.021567431012163758,0.021327919615413127,0.021567431012163758,0.02189818484577177,0.021567431012163758,0.021567431012163758,0.032482307521228125,0.032482307521228125,0.029608170760220577,0.029608170760220577,0.021567431012163758,0.027475378798679267,0.01863626772812035,0.014370683805037723,0.01768962744572501,0.02113402943709119,0.021567431012163758,0.026939329482142144,0.021635862839806796,0.018909995038692496,0.021487593879913548,0.19887429643527205,0.22527757660087708,0.09484651311324897,0.07396340037751559,0.007379232080840799
PluralityWRunoff PUT,0.21211414428850858,0.1681598111281557,0.2837069521034233,0.24389103371978307,0.16013047668470606,0.1307276014074146,0.13230153344320444,0.14065021641565492,0.14065021641565492,0.14065021641565492,0.14065021641565492,0.12948442320523276,0.14065021641565492,0.12948442320523276,0.25620876269552967,0.12948442320523276,0.14065021641565492,0.22770690648220487,0.21894763254389615,0.19811014102659147,0.19784781902062648,0.11926527027720593,0.16125960184081617,0.15673169591176855,0.0,0.1639284431188946,0.16381439007282286,0.16381439007282286,0.16389422720507307,0.18464047628552038,0.16381439007282286,0.16343801502078617,0.16389422720507307,0.16381439007282286,0.1695398529856236,0.16395125372810895,0.16381439007282286,0.16381439007282286,0.16381439007282286,0.16381439007282286,0.16381439007282286,0.16381439007282286,0.16365471580832244,0.16381439007282286,0.1664376101324726,0.16381439007282286,0.16381439007282286,0.16852478087558523,0.16852478087558523,0.17162702372873623,0.17162702372873623,0.16381439007282286,0.16457854548150344,0.1636775264175368,0.15393739628301123,0.15362945305861755,0.1634152044115718,0.16381439007282286,0.15636672616433903,0.16395125372810895,0.16411092799260937,0.163757363549787,0.195965943760443,0.19756268640544716,0.18695575312077647,0.11973288776610001,0.15668607469333987
Coombs,0.1107614751620979,0.03843587652617232,0.2857142857142857,0.24448410955935607,0.05073079489270459,0.21852563627343077,0.19489384512736874,0.21974600386639825,0.21974600386639825,0.21974600386639825,0.21974600386639825,0.21827471957207298,0.21974600386639825,0.21827471957207298,0.24975336028786987,0.21827471957207298,0.21974600386639825,0.2395684232736646,0.22096637145936576,0.2536881903773445,0.19731176970408937,0.19191706062489663,0.016389422720507307,0.02161305223059245,0.1639284431188946,0.0,0.0006615076672160222,0.0006615076672160222,0.00045621218428691185,0.11434958399151446,0.0006615076672160222,0.0017107956910759193,0.01752995318122459,0.0006615076672160222,0.028079859942859425,7.983713225020958e-05,0.0006615076672160222,0.0006615076672160222,0.0006615076672160222,0.0006615076672160222,0.0006615076672160222,0.0006615076672160222,0.0010835039376814156,0.0006615076672160222,0.019525881487479826,0.0006615076672160222,0.0006615076672160222,0.026220795291890257,0.026220795291890257,0.018123029020797574,0.018123029020797574,0.0006615076672160222,0.01855643059587014,0.017792275187189562,0.028524666822539162,0.02675684460842738,0.001733606300290265,0.0006615076672160222,0.03266479239494289,7.983713225020958e-05,0.01692547203704443,0.000729939494859059,0.20385841454860656,0.22599611079112897,0.09010190639666509,0.08738744390015796,0.017279036479866786
Baldwin,0.11112416384860599,0.039097384193388346,0.2857142857142857,0.24447270425474887,0.05087906385259784,0.21844579914118056,0.19484822390894005,0.21967757203875524,0.21967757203875524,0.21967757203875524,0.21967757203875524,0.21819488243982277,0.21967757203875524,0.21819488243982277,0.2500384929030492,0.21819488243982277,0.21967757203875524,0.23954561266445024,0.22070404945340077,0.25367678507273733,0.19703804239351722,0.19183722349264642,0.01599023705925626,0.021567431012163758,0.16381439007282286,0.0006615076672160222,0.0,0.0,0.00020529548292911034,0.1139960195486921,0.0,0.0012545835067890075,0.01774665396876087,0.0,0.027942996287573352,0.0007413447994662317,0.0,0.0,0.0,0.0,0.0,0.0,0.0006272917533945038,0.0,0.019548692096694173,0.0,0.0,0.026038310418175493,0.026038310418175493,0.018784536688013595,0.018784536688013595,0.0,0.01815724493461909,0.017917733537868463,0.028444829690288952,0.026665602171569998,0.0012773941160033532,0.0,0.03258495526269268,0.0007413447994662317,0.01758697970426045,0.00012545835067890074,0.2035846872380344,0.22566535695752094,0.09047828144870179,0.08717074311262168,0.01768962744572501
Strict Nanson,0.11112416384860599,0.039097384193388346,0.2857142857142857,0.24447270425474887,0.05087906385259784,0.21844579914118056,0.19484822390894005,0.21967757203875524,0.21967757203875524,0.21967757203875524,0.21967757203875524,0.21819488243982277,0.21967757203875524,0.21819488243982277,0.2500384929030492,0.21819488243982277,0.21967757203875524,0.23954561266445024,0.22070404945340077,0.25367678507273733,0.19703804239351722,0.19183722349264642,0.01599023705925626,0.021567431012163758,0.16381439007282286,0.0006615076672160222,0.0,0.0,0.00020529548292911034,0.1139960195486921,0.0,0.0012545835067890075,0.01774665396876087,0.0,0.027942996287573352,0.0007413447994662317,0.0,0.0,0.0,0.0,0.0,0.0,0.0006272917533945038,0.0,0.019548692096694173,0.0,0.0,0.026038310418175493,0.026038310418175493,0.018784536688013595,0.018784536688013595,0.0,0.01815724493461909,0.017917733537868463,0.028444829690288952,0.026665602171569998,0.0012773941160033532,0.0,0.03258495526269268,0.0007413447994662317,0.01758697970426045,0.00012545835067890074,0.2035846872380344,0.22566535695752094,0.09047828144870179,0.08717074311262168,0.01768962744572501
Weak Nanson,0.11098672992808954,0.03889208871045923,0.2857142857142857,0.24448410955935607,0.05087906385259784,0.21850282566421642,0.19488243982276157,0.21974600386639825,0.21974600386639825,0.21974600386639825,0.21974600386639825,0.21825190896285862,0.21974600386639825,0.21825190896285862,0.2499244398569775,0.21825190896285862,0.21974600386639825,0.23957982857827176,0.22074967067182946,0.2536881903773445,0.19710647422116026,0.1918828447110751,0.01614991132375668,0.02162445753519962,0.16389422720507307,0.00045621218428691185,0.00020529548292911034,0.00020529548292911034,0.0,0.11408726198554948,0.00020529548292911034,0.0013800418574679083,0.017723843359546524,0.00020529548292911034,0.027977212201394867,0.0005360493165371214,0.00020529548292911034,0.00020529548292911034,0.00020529548292911034,0.00020529548292911034,0.00020529548292911034,0.00020529548292911034,0.0007527501040734046,0.00020529548292911034,0.019548692096694173,0.00020529548292911034,0.00020529548292911034,0.026072526331997012,0.026072526331997012,0.018579241205084484,0.018579241205084484,0.00020529548292911034,0.01827129798069082,0.017917733537868463,0.028490450908717643,0.02671122338999869,0.0014028524666822538,0.00020529548292911034,0.032641981785728545,0.0005360493165371214,0.01738168422133134,0.0002965379197864927,0.20365311906567746,0.22577941000359267,0.0903528230980229,0.08729620146330058,0.017644006227296314
Iterated Removal Condorcet Loser,0.18394247164356142,0.14144858773815702,0.2857142857142857,0.2448490793067856,0.14173372035333634,0.2212058828561164,0.21665516631785445,0.23124255091042845,0.23124255091042845,0.23124255091042845,0.23124255091042845,0.2208181024994725,0.23124255091042845,0.2208181024994725,0.269233620556921,0.2208181024994725,0.23124255091042845,0.24124500305091898,0.13817526531589844,0.23853054055441186,0.20589996407329048,0.2051015927507884,0.12428360430436196,0.1284579457905872,0.18464047628552038,0.11434958399151446,0.1139960195486921,0.1139960195486921,0.11408726198554948,0.0,0.1139960195486921,0.1139960195486921,0.12651904400736783,0.1139960195486921,0.12114714553738944,0.11438379990533597,0.1139960195486921,0.1139960195486921,0.1139960195486921,0.1139960195486921,0.1139960195486921,0.1139960195486921,0.11349418614597649,0.1139960195486921,0.12793330177865725,0.1139960195486921,0.1139960195486921,0.1191512172311342,0.1191512172311342,0.12744287368054882,0.12744287368054882,0.1139960195486921,0.11748604275848697,0.12657607053040368,0.131811105345096,0.12957566564209014,0.1139960195486921,0.1139960195486921,0.1342062193126023,0.11438379990533597,0.126530449311975,0.11390477711183472,0.21043927530694526,0.2011211414428851,0.16558221228693465,0.15489544187001375,0.12634796443826024
