,NN,Min Violations Committee,Max Violations Committee,Random Choice,Borda ranking,Plurality ranking,STV,Approval Voting (AV),Proportional Approval Voting (PAV),Approval Chamberlin-Courant (CC),Lexicographic Chamberlin-Courant (lex-CC),Sequential Approval Chamberlin-Courant (seq-CC),Monroe's Approval Rule (Monroe),Greedy Monroe,Minimax Approval Voting (MAV),Method of Equal Shares (aka Rule X) with Phragmén phase,E Pluribus Hugo (EPH),Random Serial Dictator,Anti-Plurality,Two-Approval,Three-Approval,Instant Runoff,Bottom-Two-Runoff Instant Runoff,Benham,PluralityWRunoff PUT,Coombs,Baldwin,Strict Nanson,Weak Nanson,Iterated Removal Condorcet Loser,Raynaud,Tideman Alternative Top Cycle,Knockout Voting,Banks,Condorcet,Copeland,Llull,Uncovered Set,Uncovered Set - Fishburn,Uncovered Set - Bordes,Uncovered Set - McKelvey,Slater,Top Cycle,GOCHA,Bipartisan Set,Minimax,Split Cycle,Ranked Pairs ZT,Ranked Pairs TB,Simple Stable Voting,Stable Voting,Loss-Trimmer Voting,Daunou,Blacks,Condorcet IRV,Condorcet IRV PUT,Smith IRV,Smith-Minimax,Condorcet Plurality,Copeland-Local-Borda,Copeland-Global-Borda,Borda-Minimax Faceoff,Bucklin,Simplified Bucklin,Weighted Bucklin,Bracket Voting,Superior Voting
Min Violations Committee,0.046736657219272684,0.0,0.39849906191369605,0.3221587960560457,0.05813739970460261,0.16689154125583808,0.07485529519779649,0.16700331324098838,0.16700331324098838,0.16700331324098838,0.16700331324098838,0.1670512155203385,0.16700331324098838,0.1670512155203385,0.31460620334517586,0.1670512155203385,0.16700331324098838,0.2671669793621013,0.21571993134006626,0.09705001796335476,0.15159474671669793,0.09142948385294,0.027575745479222386,0.023983074527962955,0.10150492994291645,0.034904794219791625,0.028310247095924314,0.027847191728873098,0.026410123348369327,0.09930142509281066,0.02894894415392599,0.029875054888028423,0.016989341742844596,0.031711308929783244,0.03335595385413756,0.026458025627719452,0.028070735699173687,0.03126422098918207,0.028086703125623728,0.031711308929783244,0.032477745399385256,0.02810267055207377,0.032637419663885676,0.028086703125623728,0.017196918286695142,0.027879126581773182,0.027974931140473433,0.03294080076643647,0.03294080076643647,0.014817771745638897,0.014817771745638897,0.02776735459662289,0.027911061434673267,0.018953335196199753,0.02462177158596463,0.025228533791066224,0.029906989740928504,0.027879126581773182,0.02091732864955491,0.025915133128418026,0.015648077921041077,0.028310247095924314,0.08135403776296356,0.1261746038082312,0.05443295676819289,0.029332162388726997,0.017244820566045267
Max Violations Committee,0.3944856492754781,0.39849906191369605,0.0,0.3194603009859886,0.39407608478703443,0.37627240429523773,0.3898766516306734,0.37186539459502616,0.37186539459502616,0.37186539459502616,0.37186539459502616,0.37646401341263824,0.37186539459502616,0.37646401341263824,0.18550956049658696,0.37646401341263824,0.37186539459502616,0.3445930302183546,0.3855494790627121,0.3907069578060756,0.3830425931100555,0.39129775258472715,0.3994730749271486,0.39936130294199834,0.3902119675861243,0.39819568081114526,0.39969661889744923,0.39969661889744923,0.3996806514709992,0.39998403257355,0.39972855375034927,0.39940920522134843,0.39948904235359867,0.39985629316194965,0.396950221548042,0.3999201628677498,0.39998403257355,0.3998083908825995,0.4,0.39985629316194965,0.4,0.3999201628677498,0.39998403257355,0.4,0.39985629316194965,0.39985629316194965,0.39985629316194965,0.39945710750069857,0.39945710750069857,0.39966468404454913,0.39966468404454913,0.3998403257354996,0.3990100195600974,0.3991537263981478,0.3991537263981478,0.3992814658097481,0.3993932377948984,0.39985629316194965,0.3981797133846952,0.3996487166180991,0.3996806514709992,0.39979242345614946,0.39190451478982874,0.3941239870663846,0.39463494471278593,0.39766875573829386,0.39932936808909825
Random Choice,0.321507325056884,0.3221587960560457,0.3194603009859886,0.0,0.32097720649874256,0.321536066424494,0.32180751267414476,0.32073769510199196,0.32073769510199196,0.32073769510199196,0.32073769510199196,0.3212965550277434,0.32073769510199196,0.3212965550277434,0.32024270488204065,0.3212965550277434,0.32073769510199196,0.3211688156161431,0.3204183465729911,0.32155203385094405,0.3214881641451439,0.32139235958644363,0.321520098998044,0.32161590355674424,0.32100914135164266,0.3216957406889944,0.32137639215999364,0.3214881641451439,0.321520098998044,0.32139235958644363,0.3214562292922438,0.3212167178954932,0.32174364296834457,0.3212965550277434,0.32180751267414476,0.32161590355674424,0.3215999361302942,0.32161590355674424,0.3215680012773941,0.3212965550277434,0.3214402618657938,0.3216318709831943,0.3213604247335436,0.3215680012773941,0.3219831543650952,0.32155203385094405,0.321520098998044,0.32174364296834457,0.32174364296834457,0.3217276755418945,0.3217276755418945,0.321520098998044,0.3213604247335436,0.3216318709831943,0.3216957406889944,0.3216318709831943,0.3212326853219432,0.32155203385094405,0.3219352520857451,0.32161590355674424,0.3216957406889944,0.3215680012773941,0.3210730110574428,0.32059398826394153,0.32084946708714224,0.3214881641451439,0.321536066424494
Borda ranking,0.049190850664644126,0.05813739970460261,0.39407608478703443,0.32097720649874256,0.0,0.20085425731507725,0.11525288411640254,0.20165262863757935,0.20165262863757935,0.20165262863757935,0.20165262863757935,0.2008702247415273,0.20165262863757935,0.2008702247415273,0.32147219671869387,0.2008702247415273,0.20165262863757935,0.2767634026585765,0.18115045307572553,0.08833180312163187,0.11103748353359147,0.11780767234840925,0.05733902838210052,0.05986188176120714,0.13221029100634704,0.05770627919045148,0.05689194044149934,0.056508722206698336,0.056077601692547205,0.1191649035966628,0.05708354955889985,0.05802562771945232,0.04185062472555986,0.05713145183824997,0.06679174484052533,0.05571035088419624,0.05644485250089817,0.0577541814698016,0.05647678735379825,0.05713145183824997,0.05761047463175123,0.056572591912498506,0.058440780807153404,0.05652468963314838,0.05759450720530119,0.056333080515747876,0.056380982795098,0.0645722725639695,0.0645722725639695,0.050393197876332285,0.050393197876332285,0.056396950221548045,0.058776096762604285,0.03947147818450361,0.06038880683405852,0.06016526286375793,0.05816933455750269,0.056333080515747876,0.06709512594307612,0.055790188016446446,0.044181868987265976,0.055343100075845274,0.07737814857690312,0.12492914454512793,0.053091692946389366,0.07587721049059917,0.06340665043311644
Plurality ranking,0.16779449922158796,0.16689154125583808,0.37627240429523773,0.321536066424494,0.20085425731507725,0.0,0.13098079916969382,0.023440182028661532,0.023440182028661532,0.023440182028661532,0.023440182028661532,0.0027144624965071253,0.023440182028661532,0.0027144624965071253,0.32471358428805236,0.0027144624965071253,0.023440182028661532,0.24886830865035328,0.2971697736617301,0.21578380104586642,0.27376152648596863,0.12646201748433197,0.16492754780248292,0.16195760648277513,0.11126102750389207,0.17410881801125705,0.16657219272683726,0.16676380184423775,0.1674983034609397,0.19469083070536106,0.1663965510358868,0.16588559338948544,0.17308690271845437,0.16772184743124027,0.17331044668875495,0.16770588000479023,0.16714702007903876,0.1670831503732386,0.1671310526525887,0.16772184743124027,0.1675781405931899,0.16709911779968864,0.16791345654864076,0.16717895493193885,0.16745040118158955,0.16703524809388848,0.16701928066743843,0.17125064867669954,0.17125064867669954,0.1709313001476987,0.1709313001476987,0.16690750868228812,0.1613348768512235,0.1739012414674065,0.16119117001317312,0.16190970420342501,0.16574188655143507,0.16703524809388848,0.14630952856173407,0.16770588000479023,0.17259191249850306,0.16732266176998922,0.21014729950900163,0.2062512474551914,0.1838489481457826,0.1488802842201908,0.15660851862201108
STV,0.08814099237555388,0.07485529519779649,0.3898766516306734,0.32180751267414476,0.11525288411640254,0.13098079916969382,0.0,0.1307412877729432,0.1307412877729432,0.1307412877729432,0.1307412877729432,0.13109257115484413,0.1307412877729432,0.13109257115484413,0.3152768352560776,0.13109257115484413,0.1307412877729432,0.2575705560656261,0.24296036086383777,0.14206219312602292,0.20031136481577583,0.03110454672468165,0.08627200510957646,0.08041195960241108,0.06889944513193086,0.09511795936289968,0.08801245459263103,0.08783681290168058,0.08745359466687956,0.14191848628797255,0.08829986826873179,0.08668715819727756,0.08403656540657059,0.08964113209053531,0.09400023951139674,0.08750149694622969,0.0881561614306814,0.09010418745758653,0.08820406371003153,0.08964113209053531,0.09029579657498703,0.08812422657778132,0.09059917767753782,0.08820406371003153,0.08325416151051854,0.08794858488683087,0.08801245459263103,0.09304219392439424,0.09304219392439424,0.0835415751866193,0.0835415751866193,0.08780487804878048,0.08517025268452358,0.08496267614067303,0.07934214203025827,0.08010857849986029,0.08654345135922718,0.08794858488683087,0.07836812901680572,0.08740569238752945,0.08368528202466967,0.08829986826873179,0.13329607600494991,0.15737495509161312,0.10720530118558141,0.06584966667997286,0.07536625284419783
Approval Voting (AV),0.16765717935411759,0.16700331324098838,0.37186539459502616,0.32073769510199196,0.20165262863757935,0.023440182028661532,0.1307412877729432,0.0,0.0,0.0,0.0,0.02596303540776815,0.0,0.02596303540776815,0.31380783202267376,0.02596303540776815,0.0,0.2489960480619536,0.3011775977006906,0.21670991177996887,0.2745758652349208,0.12839407608478703,0.16641251846233684,0.1632350005987785,0.11434274080875015,0.17530637499501017,0.16805716338669116,0.16824877250409165,0.16890343698854338,0.19940122150812342,0.1679294239750908,0.16732266176998922,0.173709632350006,0.16938245978204464,0.1748113847750589,0.1691110135323939,0.16860005588599258,0.16871182787114286,0.16858408845954254,0.16938245978204464,0.1693664923555946,0.16855215360664244,0.1697177757374955,0.16863199073889265,0.16840844676859207,0.16847231647439223,0.16848828390084228,0.1729910981597541,0.1729910981597541,0.17164983433795059,0.17164983433795059,0.1683445770627919,0.1630114566284779,0.17455590595185821,0.16245259670272644,0.16321903317232844,0.1671949223583889,0.16847231647439223,0.14894415392599097,0.1689832741207936,0.17315077242425453,0.16874376272404296,0.21084986627280347,0.21187178156560615,0.18469522174763484,0.14935930701369207,0.15785397788511438
Proportional Approval Voting (PAV),0.16765717935411759,0.16700331324098838,0.37186539459502616,0.32073769510199196,0.20165262863757935,0.023440182028661532,0.1307412877729432,0.0,0.0,0.0,0.0,0.02596303540776815,0.0,0.02596303540776815,0.31380783202267376,0.02596303540776815,0.0,0.2489960480619536,0.3011775977006906,0.21670991177996887,0.2745758652349208,0.12839407608478703,0.16641251846233684,0.1632350005987785,0.11434274080875015,0.17530637499501017,0.16805716338669116,0.16824877250409165,0.16890343698854338,0.19940122150812342,0.1679294239750908,0.16732266176998922,0.173709632350006,0.16938245978204464,0.1748113847750589,0.1691110135323939,0.16860005588599258,0.16871182787114286,0.16858408845954254,0.16938245978204464,0.1693664923555946,0.16855215360664244,0.1697177757374955,0.16863199073889265,0.16840844676859207,0.16847231647439223,0.16848828390084228,0.1729910981597541,0.1729910981597541,0.17164983433795059,0.17164983433795059,0.1683445770627919,0.1630114566284779,0.17455590595185821,0.16245259670272644,0.16321903317232844,0.1671949223583889,0.16847231647439223,0.14894415392599097,0.1689832741207936,0.17315077242425453,0.16874376272404296,0.21084986627280347,0.21187178156560615,0.18469522174763484,0.14935930701369207,0.15785397788511438
Approval Chamberlin-Courant (CC),0.16765717935411759,0.16700331324098838,0.37186539459502616,0.32073769510199196,0.20165262863757935,0.023440182028661532,0.1307412877729432,0.0,0.0,0.0,0.0,0.02596303540776815,0.0,0.02596303540776815,0.31380783202267376,0.02596303540776815,0.0,0.2489960480619536,0.3011775977006906,0.21670991177996887,0.2745758652349208,0.12839407608478703,0.16641251846233684,0.1632350005987785,0.11434274080875015,0.17530637499501017,0.16805716338669116,0.16824877250409165,0.16890343698854338,0.19940122150812342,0.1679294239750908,0.16732266176998922,0.173709632350006,0.16938245978204464,0.1748113847750589,0.1691110135323939,0.16860005588599258,0.16871182787114286,0.16858408845954254,0.16938245978204464,0.1693664923555946,0.16855215360664244,0.1697177757374955,0.16863199073889265,0.16840844676859207,0.16847231647439223,0.16848828390084228,0.1729910981597541,0.1729910981597541,0.17164983433795059,0.17164983433795059,0.1683445770627919,0.1630114566284779,0.17455590595185821,0.16245259670272644,0.16321903317232844,0.1671949223583889,0.16847231647439223,0.14894415392599097,0.1689832741207936,0.17315077242425453,0.16874376272404296,0.21084986627280347,0.21187178156560615,0.18469522174763484,0.14935930701369207,0.15785397788511438
Lexicographic Chamberlin-Courant (lex-CC),0.16765717935411759,0.16700331324098838,0.37186539459502616,0.32073769510199196,0.20165262863757935,0.023440182028661532,0.1307412877729432,0.0,0.0,0.0,0.0,0.02596303540776815,0.0,0.02596303540776815,0.31380783202267376,0.02596303540776815,0.0,0.2489960480619536,0.3011775977006906,0.21670991177996887,0.2745758652349208,0.12839407608478703,0.16641251846233684,0.1632350005987785,0.11434274080875015,0.17530637499501017,0.16805716338669116,0.16824877250409165,0.16890343698854338,0.19940122150812342,0.1679294239750908,0.16732266176998922,0.173709632350006,0.16938245978204464,0.1748113847750589,0.1691110135323939,0.16860005588599258,0.16871182787114286,0.16858408845954254,0.16938245978204464,0.1693664923555946,0.16855215360664244,0.1697177757374955,0.16863199073889265,0.16840844676859207,0.16847231647439223,0.16848828390084228,0.1729910981597541,0.1729910981597541,0.17164983433795059,0.17164983433795059,0.1683445770627919,0.1630114566284779,0.17455590595185821,0.16245259670272644,0.16321903317232844,0.1671949223583889,0.16847231647439223,0.14894415392599097,0.1689832741207936,0.17315077242425453,0.16874376272404296,0.21084986627280347,0.21187178156560615,0.18469522174763484,0.14935930701369207,0.15785397788511438
Sequential Approval Chamberlin-Courant (seq-CC),0.16783441778771305,0.1670512155203385,0.37646401341263824,0.3212965550277434,0.2008702247415273,0.0027144624965071253,0.13109257115484413,0.02596303540776815,0.02596303540776815,0.02596303540776815,0.02596303540776815,0.0,0.02596303540776815,0.0,0.32471358428805236,0.0,0.02596303540776815,0.2485329926949024,0.2970260668236797,0.21591154045746677,0.2737774939124187,0.12619057123468125,0.16489561294958285,0.16192567162987506,0.1109736138277913,0.17422058999640733,0.16657219272683726,0.16676380184423775,0.1674983034609397,0.19454712386731068,0.1663965510358868,0.16585365853658537,0.17313480499780448,0.16768991257834018,0.17339028382100516,0.16772184743124027,0.1671629875054888,0.1670831503732386,0.16714702007903876,0.16768991257834018,0.16756217316673985,0.1671150852261387,0.16789748912219074,0.1671949223583889,0.16753023831383976,0.16703524809388848,0.16701928066743843,0.17133048580894975,0.17133048580894975,0.17102710470639895,0.17102710470639895,0.16692347610873817,0.1613348768512235,0.1739012414674065,0.16115923516027306,0.16187776935052492,0.165709951698535,0.16703524809388848,0.1461338868707836,0.16770588000479023,0.17262384735140313,0.16732266176998922,0.21025907149415193,0.20594786635264062,0.1839287852780328,0.14902399105824118,0.15656061634266097
Monroe's Approval Rule (Monroe),0.16765717935411759,0.16700331324098838,0.37186539459502616,0.32073769510199196,0.20165262863757935,0.023440182028661532,0.1307412877729432,0.0,0.0,0.0,0.0,0.02596303540776815,0.0,0.02596303540776815,0.31380783202267376,0.02596303540776815,0.0,0.2489960480619536,0.3011775977006906,0.21670991177996887,0.2745758652349208,0.12839407608478703,0.16641251846233684,0.1632350005987785,0.11434274080875015,0.17530637499501017,0.16805716338669116,0.16824877250409165,0.16890343698854338,0.19940122150812342,0.1679294239750908,0.16732266176998922,0.173709632350006,0.16938245978204464,0.1748113847750589,0.1691110135323939,0.16860005588599258,0.16871182787114286,0.16858408845954254,0.16938245978204464,0.1693664923555946,0.16855215360664244,0.1697177757374955,0.16863199073889265,0.16840844676859207,0.16847231647439223,0.16848828390084228,0.1729910981597541,0.1729910981597541,0.17164983433795059,0.17164983433795059,0.1683445770627919,0.1630114566284779,0.17455590595185821,0.16245259670272644,0.16321903317232844,0.1671949223583889,0.16847231647439223,0.14894415392599097,0.1689832741207936,0.17315077242425453,0.16874376272404296,0.21084986627280347,0.21187178156560615,0.18469522174763484,0.14935930701369207,0.15785397788511438
Greedy Monroe,0.16783441778771305,0.1670512155203385,0.37646401341263824,0.3212965550277434,0.2008702247415273,0.0027144624965071253,0.13109257115484413,0.02596303540776815,0.02596303540776815,0.02596303540776815,0.02596303540776815,0.0,0.02596303540776815,0.0,0.32471358428805236,0.0,0.02596303540776815,0.2485329926949024,0.2970260668236797,0.21591154045746677,0.2737774939124187,0.12619057123468125,0.16489561294958285,0.16192567162987506,0.1109736138277913,0.17422058999640733,0.16657219272683726,0.16676380184423775,0.1674983034609397,0.19454712386731068,0.1663965510358868,0.16585365853658537,0.17313480499780448,0.16768991257834018,0.17339028382100516,0.16772184743124027,0.1671629875054888,0.1670831503732386,0.16714702007903876,0.16768991257834018,0.16756217316673985,0.1671150852261387,0.16789748912219074,0.1671949223583889,0.16753023831383976,0.16703524809388848,0.16701928066743843,0.17133048580894975,0.17133048580894975,0.17102710470639895,0.17102710470639895,0.16692347610873817,0.1613348768512235,0.1739012414674065,0.16115923516027306,0.16187776935052492,0.165709951698535,0.16703524809388848,0.1461338868707836,0.16770588000479023,0.17262384735140313,0.16732266176998922,0.21025907149415193,0.20594786635264062,0.1839287852780328,0.14902399105824118,0.15656061634266097
Minimax Approval Voting (MAV),0.3162332841004352,0.31460620334517586,0.18550956049658696,0.32024270488204065,0.32147219671869387,0.32471358428805236,0.3152768352560776,0.31380783202267376,0.31380783202267376,0.31380783202267376,0.31380783202267376,0.32471358428805236,0.31380783202267376,0.32471358428805236,0.0,0.32471358428805236,0.31380783202267376,0.32032254201429083,0.367618059159315,0.32493712825835297,0.32324458105464854,0.3251606722286535,0.3254959881841044,0.3236277992894495,0.32781126501936053,0.3253043790667039,0.3260548481098559,0.3258632389924554,0.3253682487725041,0.34451319308610434,0.3264061314917568,0.32591114127180554,0.32158396870384415,0.3274919164903597,0.3274919164903597,0.32560776016925475,0.32618258752145624,0.3274919164903597,0.3261985549479063,0.3274919164903597,0.3274919164903597,0.32615065266855614,0.3274919164903597,0.3261985549479063,0.322286535467646,0.3259909784040557,0.32603888068340586,0.3274919164903597,0.3274919164903597,0.32137639215999364,0.32137639215999364,0.32591114127180554,0.32441020318550157,0.3216318709831943,0.32345215759849905,0.3239311803920003,0.32587920641890544,0.3259909784040557,0.32073769510199196,0.32514470480220353,0.32155203385094405,0.32618258752145624,0.3232286136281985,0.3549558899844318,0.3216957406889944,0.32051415113169135,0.32112091333679293
Method of Equal Shares (aka Rule X) with Phragmén phase,0.16783441778771305,0.1670512155203385,0.37646401341263824,0.3212965550277434,0.2008702247415273,0.0027144624965071253,0.13109257115484413,0.02596303540776815,0.02596303540776815,0.02596303540776815,0.02596303540776815,0.0,0.02596303540776815,0.0,0.32471358428805236,0.0,0.02596303540776815,0.2485329926949024,0.2970260668236797,0.21591154045746677,0.2737774939124187,0.12619057123468125,0.16489561294958285,0.16192567162987506,0.1109736138277913,0.17422058999640733,0.16657219272683726,0.16676380184423775,0.1674983034609397,0.19454712386731068,0.1663965510358868,0.16585365853658537,0.17313480499780448,0.16768991257834018,0.17339028382100516,0.16772184743124027,0.1671629875054888,0.1670831503732386,0.16714702007903876,0.16768991257834018,0.16756217316673985,0.1671150852261387,0.16789748912219074,0.1671949223583889,0.16753023831383976,0.16703524809388848,0.16701928066743843,0.17133048580894975,0.17133048580894975,0.17102710470639895,0.17102710470639895,0.16692347610873817,0.1613348768512235,0.1739012414674065,0.16115923516027306,0.16187776935052492,0.165709951698535,0.16703524809388848,0.1461338868707836,0.16770588000479023,0.17262384735140313,0.16732266176998922,0.21025907149415193,0.20594786635264062,0.1839287852780328,0.14902399105824118,0.15656061634266097
E Pluribus Hugo (EPH),0.16765717935411759,0.16700331324098838,0.37186539459502616,0.32073769510199196,0.20165262863757935,0.023440182028661532,0.1307412877729432,0.0,0.0,0.0,0.0,0.02596303540776815,0.0,0.02596303540776815,0.31380783202267376,0.02596303540776815,0.0,0.2489960480619536,0.3011775977006906,0.21670991177996887,0.2745758652349208,0.12839407608478703,0.16641251846233684,0.1632350005987785,0.11434274080875015,0.17530637499501017,0.16805716338669116,0.16824877250409165,0.16890343698854338,0.19940122150812342,0.1679294239750908,0.16732266176998922,0.173709632350006,0.16938245978204464,0.1748113847750589,0.1691110135323939,0.16860005588599258,0.16871182787114286,0.16858408845954254,0.16938245978204464,0.1693664923555946,0.16855215360664244,0.1697177757374955,0.16863199073889265,0.16840844676859207,0.16847231647439223,0.16848828390084228,0.1729910981597541,0.1729910981597541,0.17164983433795059,0.17164983433795059,0.1683445770627919,0.1630114566284779,0.17455590595185821,0.16245259670272644,0.16321903317232844,0.1671949223583889,0.16847231647439223,0.14894415392599097,0.1689832741207936,0.17315077242425453,0.16874376272404296,0.21084986627280347,0.21187178156560615,0.18469522174763484,0.14935930701369207,0.15785397788511438
Random Serial Dictator,0.26683964711987546,0.2671669793621013,0.3445930302183546,0.3211688156161431,0.2767634026585765,0.24886830865035328,0.2575705560656261,0.2489960480619536,0.2489960480619536,0.2489960480619536,0.2489960480619536,0.2485329926949024,0.2489960480619536,0.2485329926949024,0.32032254201429083,0.2485329926949024,0.2489960480619536,0.0,0.3095285617340625,0.2806434872859367,0.29914973454153526,0.2574747515069259,0.26665602171569996,0.2660811943634985,0.2555426929064708,0.2691788750948066,0.2671350445092012,0.2671510119356513,0.2674064907588519,0.2772583928785278,0.26707117480340103,0.2670073050976009,0.268955331124506,0.26710310965630113,0.26968983274120795,0.2675342301704523,0.26721488164145146,0.2671989142150014,0.2672468164943515,0.26710310965630113,0.2671669793621013,0.26718294678855137,0.2673426210530518,0.2671989142150014,0.2668795656860006,0.26723084906790145,0.2671989142150014,0.2683805037723045,0.2683805037723045,0.26815695980200394,0.26815695980200394,0.26729471877370165,0.2663207057602491,0.2692746796535068,0.2659694223783482,0.26611312921639857,0.2670073050976009,0.26723084906790145,0.26410123348369324,0.2675501975969023,0.268955331124506,0.2672787513472516,0.2783761127300307,0.27861562412678137,0.2716697936210131,0.2626801325296395,0.26520298590874614
Anti-Plurality,0.21000439104227375,0.21571993134006626,0.3855494790627121,0.3204183465729911,0.18115045307572553,0.2971697736617301,0.24296036086383777,0.3011775977006906,0.3011775977006906,0.3011775977006906,0.3011775977006906,0.2970260668236797,0.3011775977006906,0.2970260668236797,0.367618059159315,0.2970260668236797,0.3011775977006906,0.3095285617340625,0.0,0.20106183385892779,0.16058440780807154,0.23818610035527524,0.20684204223384295,0.210291006347052,0.25166260827911063,0.20527723444173884,0.20550077841203945,0.20538900642688915,0.20554868069138957,0.2192327651590755,0.20542094127978924,0.20610754061714104,0.20371242664963474,0.20423935172248614,0.21124905193405452,0.2050696578978883,0.20497385333918805,0.20497385333918805,0.20500578819208815,0.20423935172248614,0.20436709113408646,0.20497385333918805,0.20459063510438705,0.2050377230449882,0.2098279509800008,0.20524529958883878,0.20524529958883878,0.20847071973174724,0.20847071973174724,0.20794379465889584,0.20794379465889584,0.2052932018681889,0.20797572951179594,0.20216358628398068,0.21069019200830305,0.210291006347052,0.2062033451758413,0.20524529958883878,0.21795537104307214,0.20538900642688915,0.20494191848628798,0.2044948305456868,0.19833140393597062,0.18900642688914615,0.20195600974013014,0.22204303221428287,0.21444253722406292
Two-Approval,0.09332242225859246,0.09705001796335476,0.3907069578060756,0.32155203385094405,0.08833180312163187,0.21578380104586642,0.14206219312602292,0.21670991177996887,0.21670991177996887,0.21670991177996887,0.21670991177996887,0.21591154045746677,0.21670991177996887,0.21591154045746677,0.32493712825835297,0.21591154045746677,0.21670991177996887,0.2806434872859367,0.20106183385892779,0.0,0.16951019919364496,0.14397828430002793,0.09507005708354956,0.09751307333040597,0.15699173685681211,0.0945910342900483,0.09406410921719692,0.09372879326174603,0.09320186818889466,0.1461658217236837,0.09435152289329768,0.09483054568679893,0.09165302782324058,0.09384056524689634,0.10283022633826992,0.09313799848309448,0.09350524929144545,0.09443136002554789,0.09348928186499542,0.09384056524689634,0.09411201149654705,0.09355315157079558,0.09436749031974771,0.09345734701209532,0.09548521017125065,0.0935212167178955,0.09353718414434553,0.10065865634106423,0.10065865634106423,0.09090255878008861,0.09090255878008861,0.09374476068819608,0.09658696259630355,0.09214801804319189,0.09768871502135644,0.0973374316394555,0.09478264340744881,0.0935212167178955,0.10188814817771745,0.09296235679214403,0.09152528841164026,0.09356911899724561,0.025739491437467565,0.09214801804319189,0.07681928865115165,0.1088020438305856,0.09925352281346055
Three-Approval,0.14740569238752946,0.15159474671669793,0.3830425931100555,0.3214881641451439,0.11103748353359147,0.27376152648596863,0.20031136481577583,0.2745758652349208,0.2745758652349208,0.2745758652349208,0.2745758652349208,0.2737774939124187,0.2745758652349208,0.2737774939124187,0.32324458105464854,0.2737774939124187,0.2745758652349208,0.29914973454153526,0.16058440780807154,0.16951019919364496,0.0,0.20307372959163306,0.1519300626721488,0.1550117759770069,0.2187377749391242,0.14741128098678696,0.1509720170851463,0.1507804079677458,0.15022154804199433,0.19256716298750548,0.15094008223224623,0.15204183465729912,0.14234960680212366,0.15015767833619417,0.1583968703844158,0.1499501017923436,0.15054089657099518,0.1510837890702966,0.15055686399744522,0.15015767833619417,0.15052492914454513,0.15063670112969543,0.15094008223224623,0.1505887988503453,0.1510518542173965,0.15054089657099518,0.15063670112969543,0.15640094207816055,0.15640094207816055,0.14642130054688435,0.14642130054688435,0.15057283142389524,0.1534469681849028,0.14092850584806993,0.1556185381821085,0.1553470919324578,0.1521855414953495,0.15054089657099518,0.16159035567442417,0.14996606921879366,0.14329168496267614,0.15002993892459382,0.1568480300187617,0.18983673306454832,0.14056125503971897,0.17003712426649634,0.15799768472316475
Instant Runoff,0.093523611831863,0.09142948385294,0.39129775258472715,0.32139235958644363,0.11780767234840925,0.12646201748433197,0.03110454672468165,0.12839407608478703,0.12839407608478703,0.12839407608478703,0.12839407608478703,0.12619057123468125,0.12839407608478703,0.12619057123468125,0.3251606722286535,0.12619057123468125,0.12839407608478703,0.2574747515069259,0.23818610035527524,0.14397828430002793,0.20307372959163306,0.0,0.07618059159314998,0.06830865035327931,0.050313360744082075,0.08970500179633548,0.07863957526645643,0.07883118438385693,0.07970939283860924,0.12847391321703724,0.0785916729871063,0.07541415512354796,0.08692666959402819,0.08022035048501058,0.09176479980839088,0.07998083908825995,0.07913456548640772,0.07924633747155801,0.07918246776575785,0.08022035048501058,0.08014051335276037,0.07911859805995769,0.08079517783721209,0.07918246776575785,0.08520218753742366,0.0789748912219073,0.07899085864835735,0.0889545327531835,0.0889545327531835,0.08679893018242785,0.08679893018242785,0.07883118438385693,0.08022035048501058,0.08788471518103069,0.06680771226697536,0.06843638976487965,0.0751267414474472,0.0789748912219073,0.08183306055646482,0.07994890423535987,0.0863997445211768,0.0790068260748074,0.13548361342860565,0.1495189812781925,0.10966428485888786,0.07036844836533472,0.07940601173605843
Bottom-Two-Runoff Instant Runoff,0.04950620733703244,0.027575745479222386,0.3994730749271486,0.321520098998044,0.05733902838210052,0.16492754780248292,0.08627200510957646,0.16641251846233684,0.16641251846233684,0.16641251846233684,0.16641251846233684,0.16489561294958285,0.16641251846233684,0.16489561294958285,0.3254959881841044,0.16489561294958285,0.16641251846233684,0.26665602171569996,0.20684204223384295,0.09507005708354956,0.1519300626721488,0.07618059159314998,0.0,0.008574508003672508,0.0875813340784799,0.01820286615304778,0.004614586244062113,0.004646521096962197,0.005796175801365215,0.07742605085625325,0.004742325655662448,0.005365055287214083,0.0164943515228933,0.007648397269570077,0.022977126661610316,0.006243263741966388,0.005365055287214083,0.006147459183266137,0.005381022713664125,0.007648397269570077,0.007600494990219951,0.005237315875613748,0.008861921679773262,0.005444892419464293,0.016733862919643926,0.004949902199512994,0.00491796734661291,0.01952816254840126,0.01952816254840126,0.015584208215240909,0.015584208215240909,0.004886032493712826,0.008526605724322383,0.01799528960919724,0.009372879326174604,0.009021595944273682,0.005444892419464293,0.004949902199512994,0.01876172607879925,0.006131491756816095,0.015376631671390363,0.0050137719053131614,0.07994890423535987,0.11196359426769391,0.052852181549638735,0.02926829268292683,0.016063231008742167
Benham,0.04822721647838409,0.023983074527962955,0.39936130294199834,0.32161590355674424,0.05986188176120714,0.16195760648277513,0.08041195960241108,0.1632350005987785,0.1632350005987785,0.1632350005987785,0.1632350005987785,0.16192567162987506,0.1632350005987785,0.16192567162987506,0.3236277992894495,0.16192567162987506,0.1632350005987785,0.2660811943634985,0.210291006347052,0.09751307333040597,0.1550117759770069,0.06830865035327931,0.008574508003672508,0.0,0.08339786834856892,0.0241906510718135,0.0113528402059798,0.011480579617580136,0.012326853219432358,0.08204063710031535,0.0113528402059798,0.008111452636621292,0.019655901960001596,0.012997485130334118,0.024957087541415512,0.012550397189732944,0.011815895573031017,0.012135244102031855,0.011863797852381142,0.012997485130334118,0.012965550277434035,0.011799928146580974,0.013716019320586005,0.011879765278831184,0.017899485050496985,0.011656221308530598,0.011656221308530598,0.022162787912658178,0.022162787912658178,0.019320586004550718,0.019320586004550718,0.01151251447048022,0.013348768512235041,0.020550077841203943,0.00150093808630394,0.0028422019081074607,0.008207257195321544,0.011656221308530598,0.015791784759091453,0.012502494910382819,0.018953335196199753,0.011704123587880724,0.08271126901121711,0.11523691668995249,0.05476827272364377,0.02446209732146421,0.011304937926629675
PluralityWRunoff PUT,0.1057482735220151,0.10150492994291645,0.3902119675861243,0.32100914135164266,0.13221029100634704,0.11126102750389207,0.06889944513193086,0.11434274080875015,0.11434274080875015,0.11434274080875015,0.11434274080875015,0.1109736138277913,0.11434274080875015,0.1109736138277913,0.32781126501936053,0.1109736138277913,0.11434274080875015,0.2555426929064708,0.25166260827911063,0.15699173685681211,0.2187377749391242,0.050313360744082075,0.0875813340784799,0.08339786834856892,0.0,0.09978044788631192,0.08905033731188376,0.08928984870863439,0.09023192686918687,0.13337591313720012,0.08890663047383338,0.08751746437267974,0.09888627200510958,0.09007225260468645,0.10142509281066624,0.0902478942956369,0.08952936010538501,0.08921001157638418,0.0894814578260349,0.09007225260468645,0.08997644804598619,0.08946549039958485,0.09055127539818769,0.08951339267893497,0.09479861083389884,0.08943355554668476,0.08938565326733464,0.09859885832900882,0.09859885832900882,0.09770468244780647,0.09770468244780647,0.08930581613508443,0.0900562851782364,0.09966867590116163,0.08290287812861762,0.08314238952536825,0.08748552951977966,0.08943355554668476,0.09031176400143706,0.09039160113368727,0.0978643567123069,0.08970500179633548,0.14923156760209172,0.16120713743962317,0.12336433675302383,0.08065147099916171,0.08812422657778132
Coombs,0.05502215480419944,0.034904794219791625,0.39819568081114526,0.3216957406889944,0.05770627919045148,0.17410881801125705,0.09511795936289968,0.17530637499501017,0.17530637499501017,0.17530637499501017,0.17530637499501017,0.17422058999640733,0.17530637499501017,0.17422058999640733,0.3253043790667039,0.17422058999640733,0.17530637499501017,0.2691788750948066,0.20527723444173884,0.0945910342900483,0.14741128098678696,0.08970500179633548,0.01820286615304778,0.0241906510718135,0.09978044788631192,0.0,0.015520338509440741,0.01534469681849028,0.015121152848189693,0.08336593349566884,0.015775817332641412,0.019160911740050298,0.02359985629316195,0.016302742405492794,0.03118438385693186,0.015153087701089777,0.015488403656540656,0.016446449243543174,0.015520338509440741,0.016302742405492794,0.016733862919643926,0.015568240788790867,0.017532234242146023,0.015552273362340824,0.02561175202586723,0.015296794539140153,0.01526485968624007,0.027879126581773182,0.027879126581773182,0.022641810706159435,0.022641810706159435,0.015392599097840406,0.021891341663007463,0.024078879086663205,0.024637739012414676,0.023967107101512914,0.019208814019400423,0.015296794539140153,0.031471797533032614,0.014897608877889107,0.02276955011775977,0.015408566524290448,0.07870344497225659,0.11328889066304738,0.05390603169534151,0.04111612310885793,0.028086703125623728
Baldwin,0.05034689233962716,0.028310247095924314,0.39969661889744923,0.32137639215999364,0.05689194044149934,0.16657219272683726,0.08801245459263103,0.16805716338669116,0.16805716338669116,0.16805716338669116,0.16805716338669116,0.16657219272683726,0.16805716338669116,0.16657219272683726,0.3260548481098559,0.16657219272683726,0.16805716338669116,0.2671350445092012,0.20550077841203945,0.09406410921719692,0.1509720170851463,0.07863957526645643,0.004614586244062113,0.0113528402059798,0.08905033731188376,0.015520338509440741,0.0,0.0006386970580016766,0.0028901041874575865,0.0757335036525488,0.0007664364696020119,0.005141511316913497,0.015440501377190531,0.0050137719053131614,0.022226657618458344,0.0036565406570595984,0.0019320586004550717,0.0038481497744601014,0.0019320586004550717,0.0050137719053131614,0.005365055287214083,0.0017404494830545686,0.0070416350644684845,0.001995928306255239,0.015296794539140153,0.0012454592631032694,0.0011496547044030179,0.018490279829148536,0.018490279829148536,0.01443455351083789,0.01443455351083789,0.0009580455870025149,0.008957726238473514,0.017548201668596063,0.011831862999481059,0.011001556824078879,0.005301185581413915,0.0012454592631032694,0.020438305856053652,0.0036246058041595145,0.014274879246337472,0.0017564169095046105,0.07868747754580656,0.1107820047103908,0.05229332162388727,0.030481817093130015,0.017500299389245938
Strict Nanson,0.049966069218793666,0.027847191728873098,0.39969661889744923,0.3214881641451439,0.056508722206698336,0.16676380184423775,0.08783681290168058,0.16824877250409165,0.16824877250409165,0.16824877250409165,0.16824877250409165,0.16676380184423775,0.16824877250409165,0.16676380184423775,0.3258632389924554,0.16676380184423775,0.16824877250409165,0.2671510119356513,0.20538900642688915,0.09372879326174603,0.1507804079677458,0.07883118438385693,0.004646521096962197,0.011480579617580136,0.08928984870863439,0.01534469681849028,0.0006386970580016766,0.0,0.0023152768352560776,0.07602091732864956,0.0013731986747036046,0.005412957566564209,0.015073250568839567,0.004870065067262784,0.022450201588758933,0.0031455830106582572,0.0014211009540537303,0.004295237715061275,0.001484970659853898,0.004870065067262784,0.0056524689633148375,0.0011815895573031017,0.007329048740569239,0.0015328729392040238,0.015312761965590196,0.0007983713225020958,0.0006706319109017604,0.018745758652349207,0.018745758652349207,0.013875693585086423,0.013875693585086423,0.0006227296315516347,0.009069498223623807,0.017164983433795057,0.012023472116881562,0.01125703564727955,0.005572631831064628,0.0007983713225020958,0.020629914973454153,0.0030497784519580057,0.013795856452836213,0.0013891661011536465,0.07833619416390564,0.11060636301944034,0.0519260708155363,0.03037004510797972,0.017388527404095643
Weak Nanson,0.049667478344177875,0.026410123348369327,0.3996806514709992,0.321520098998044,0.056077601692547205,0.1674983034609397,0.08745359466687956,0.16890343698854338,0.16890343698854338,0.16890343698854338,0.16890343698854338,0.1674983034609397,0.16890343698854338,0.1674983034609397,0.3253682487725041,0.1674983034609397,0.16890343698854338,0.2674064907588519,0.20554868069138957,0.09320186818889466,0.15022154804199433,0.07970939283860924,0.005796175801365215,0.012326853219432358,0.09023192686918687,0.015121152848189693,0.0028901041874575865,0.0023152768352560776,0.0,0.07705880004790228,0.003528801245459263,0.006498742565167059,0.014610195201788351,0.006450840285816934,0.022993094088060356,0.002059798012055407,0.003017843599057922,0.005907947786515508,0.0030817133048580895,0.006450840285816934,0.007217276755418945,0.002762364775857251,0.008382898886272005,0.0030976807313081315,0.015536305935890784,0.0023631791146062034,0.002283341982355994,0.01952816254840126,0.01952816254840126,0.012390722925232526,0.012390722925232526,0.002794299628757335,0.009692227855175442,0.016733862919643926,0.012901680571633867,0.012151211528481897,0.006658416829667478,0.0023631791146062034,0.02136441659015608,0.0010219152928026825,0.012454592631032694,0.0030338110255079638,0.07750588798850346,0.11022314478463933,0.05133527603688476,0.03068939363698056,0.016797732625444095
Iterated Removal Condorcet Loser,0.11542134046545048,0.09930142509281066,0.39998403257355,0.32139235958644363,0.1191649035966628,0.19469083070536106,0.14191848628797255,0.19940122150812342,0.19940122150812342,0.19940122150812342,0.19940122150812342,0.19454712386731068,0.19940122150812342,0.19454712386731068,0.34451319308610434,0.19454712386731068,0.19940122150812342,0.2772583928785278,0.2192327651590755,0.1461658217236837,0.19256716298750548,0.12847391321703724,0.07742605085625325,0.08204063710031535,0.13337591313720012,0.08336593349566884,0.0757335036525488,0.07602091732864956,0.07705880004790228,0.0,0.07533431799129775,0.07616462416669993,0.08676699532952777,0.07260388806834059,0.08178515827711469,0.07610075446089977,0.0749670671829468,0.07314678056764201,0.07491916490359667,0.07260388806834059,0.07086343858528601,0.07519061115324738,0.06881960799968065,0.07483932777134646,0.08494670871422298,0.07578140593189893,0.0757335036525488,0.07838409644325575,0.07838409644325575,0.08743762724042953,0.08743762724042953,0.07595704762284938,0.07822442217875535,0.08676699532952777,0.08216837651191569,0.08111452636621293,0.07614865674024988,0.07578140593189893,0.08892259790028342,0.07728234401820287,0.08670312562372759,0.07549399225579817,0.1354676460021556,0.14798610833898845,0.11502934014610196,0.0971777573749551,0.08754939922557982
