,NN,Min Violations Committee,Max Violations Committee,Random Choice,Borda ranking,Plurality ranking,STV,Approval Voting (AV),Proportional Approval Voting (PAV),Approval Chamberlin-Courant (CC),Lexicographic Chamberlin-Courant (lex-CC),Sequential Approval Chamberlin-Courant (seq-CC),Monroe's Approval Rule (Monroe),Greedy Monroe,Minimax Approval Voting (MAV),Method of Equal Shares (aka Rule X) with Phragmén phase,E Pluribus Hugo (EPH),Random Serial Dictator,Anti-Plurality,Two-Approval,Three-Approval,Instant Runoff,Bottom-Two-Runoff Instant Runoff,Benham,PluralityWRunoff PUT,Coombs,Baldwin,Strict Nanson,Weak Nanson,Iterated Removal Condorcet Loser,Raynaud,Tideman Alternative Top Cycle,Knockout Voting,Banks,Condorcet,Copeland,Llull,Uncovered Set,Uncovered Set - Fishburn,Uncovered Set - Bordes,Uncovered Set - McKelvey,Slater,Top Cycle,GOCHA,Bipartisan Set,Minimax,Split Cycle,Ranked Pairs ZT,Ranked Pairs TB,Simple Stable Voting,Stable Voting,Loss-Trimmer Voting,Daunou,Blacks,Condorcet IRV,Condorcet IRV PUT,Smith IRV,Smith-Minimax,Condorcet Plurality,Copeland-Local-Borda,Copeland-Global-Borda,Borda-Minimax Faceoff,Bucklin,Simplified Bucklin,Weighted Bucklin,Bracket Voting,Superior Voting
Min Violations Committee,0.03165770399812953,0.0,0.2780499210182656,0.24344622684010334,0.026312037728747642,0.045062358502939714,0.014883922512360499,0.04393323334682961,0.04393323334682961,0.04393323334682961,0.04393323334682961,0.04537030172733338,0.04393323334682961,0.04537030172733338,0.23332972165354107,0.04537030172733338,0.04393323334682961,0.1490103046927126,0.16235451108310475,0.040796774579857094,0.05976379614158545,0.024578431428457375,0.019571502705908517,0.020130362631659984,0.030646053479473304,0.02422486698563502,0.01921793826308616,0.018909995038692496,0.018066002497761708,0.0725263319970118,0.02018738915469585,0.02072343847123297,0.013606528396357146,0.025673340670745965,0.02831937133961005,0.017358873612116996,0.01839675633136972,0.024772321606779314,0.018465188159012758,0.02569615127996031,0.026825276436070418,0.019309180699943543,0.027635053063179683,0.018499404072834274,0.016412233329721655,0.01790632823326129,0.01917231704465747,0.028011428115216386,0.028011428115216386,0.012351944889568138,0.012351944889568138,0.01778086988258239,0.02161305223059245,0.016708771249508148,0.020369874028410614,0.02145337796609203,0.02092873395416208,0.01790632823326129,0.020278631591553232,0.016298180283649925,0.013116100298248716,0.018180055543833437,0.03560736098359347,0.06547785374977902,0.028057049333645077,0.01725622587065244,0.015488403656540656
Max Violations Committee,0.2769538712455163,0.2780499210182656,0.0,0.24441567773171302,0.2825778269473132,0.2798177432323774,0.28247517920584864,0.27757089822476433,0.27757089822476433,0.27757089822476433,0.27757089822476433,0.280319576635093,0.27757089822476433,0.280319576635093,0.12478543770707756,0.280319576635093,0.27757089822476433,0.2666104004972713,0.2762478828903323,0.28128902752670265,0.2810267055207377,0.28331917174677945,0.2843342438568178,0.2840491112416385,0.2833647929652081,0.28354727783892286,0.2847562401272832,0.2846992136042473,0.2846421870812115,0.28570288040967856,0.28477905073649756,0.284151758983103,0.284414080989068,0.28545196370832077,0.2856800698004642,0.2852238576161773,0.28564585388664265,0.28537212657607053,0.2857142857142857,0.28545196370832077,0.28570288040967856,0.28526947883460596,0.28570288040967856,0.2857142857142857,0.2854747743175351,0.2851668310931414,0.2852010470069629,0.28570288040967856,0.28570288040967856,0.2845509446443541,0.2845509446443541,0.28502996743785536,0.2837753839310663,0.28406051654624564,0.28394646350017394,0.28456234994896124,0.2840377059370313,0.2851668310931414,0.28367273618960176,0.2846649976904258,0.28456234994896124,0.2849729409148195,0.28158556544648916,0.2829770126085642,0.28233831555056255,0.2839578688047811,0.2842544067245676
Random Choice,0.24317421032522224,0.24344622684010334,0.24441567773171302,0.0,0.24330936318481725,0.24336638970785313,0.24334357909863877,0.24352606397235355,0.24352606397235355,0.24352606397235355,0.24352606397235355,0.24338920031706746,0.24352606397235355,0.24338920031706746,0.24476924217453538,0.24338920031706746,0.24352606397235355,0.24533950740489402,0.24408492389810502,0.2428759616097447,0.24340060562167465,0.2435374692769607,0.24332076848942444,0.24326374196638856,0.24357168519078223,0.24321812074795987,0.24342341623088898,0.24348044275392486,0.24340060562167465,0.2435944957999966,0.24330936318481725,0.24335498440324596,0.2435374692769607,0.24349184805853202,0.24343482153549617,0.24338920031706746,0.24352606397235355,0.24329795788021008,0.24351465866774638,0.24349184805853202,0.24342341623088898,0.24335498440324596,0.24309266239728097,0.24334357909863877,0.2436743329322468,0.24342341623088898,0.24335498440324596,0.24356027988617507,0.24356027988617507,0.24314968892031685,0.24314968892031685,0.24349184805853202,0.24322952605256704,0.24338920031706746,0.24332076848942444,0.24334357909863877,0.24322952605256704,0.24343482153549617,0.2432067154433527,0.24322952605256704,0.24330936318481725,0.24336638970785313,0.24328655257560292,0.24316109422492402,0.24334357909863877,0.24321812074795987,0.24329795788021008
Borda ranking,0.028119778508984526,0.026312037728747642,0.2825778269473132,0.24330936318481725,0.0,0.04464036223247432,0.028992284311433247,0.04481144180158191,0.04481144180158191,0.04481144180158191,0.04481144180158191,0.04448068796797391,0.04481144180158191,0.04448068796797391,0.24223726455174302,0.04448068796797391,0.04481144180158191,0.14914716834799865,0.15448485090415554,0.03523098593155677,0.04871205597723501,0.02941428058189864,0.025182912572637533,0.02618657937806874,0.03276744013640744,0.027589431844750992,0.025433829273995335,0.024715295083743448,0.02390551845663418,0.07287989643983417,0.026494522602462406,0.025924257372103767,0.015077812690682436,0.027156030269678427,0.035105527580877864,0.02197802197802198,0.023426495663132922,0.027965806896787695,0.02423627229024219,0.027178840878892774,0.028250939511967017,0.024578431428457375,0.030497784519580056,0.024795132215993658,0.02680246582685607,0.023278226703239677,0.024008166198098736,0.03406764486162514,0.03406764486162514,0.019696961056587418,0.019696961056587418,0.024715295083743448,0.02660857564853413,0.010002452140490541,0.026312037728747642,0.026369064251783505,0.02602690511356832,0.023266821398632506,0.02684808704528476,0.021932400759593285,0.015568240788790867,0.021407756747663337,0.026357658947176333,0.05669576920225597,0.014633005811002697,0.026312037728747642,0.022206128070165435
Plurality ranking,0.03747440934778766,0.045062358502939714,0.2798177432323774,0.24336638970785313,0.04464036223247432,0.0,0.04119596024110814,0.013002047252176987,0.013002047252176987,0.013002047252176987,0.013002047252176987,0.002737273105721471,0.013002047252176987,0.002737273105721471,0.24229429107477887,0.002737273105721471,0.013002047252176987,0.14709421351870755,0.17241398974663116,0.05046847288673962,0.07737358645506025,0.03935970619935332,0.040876611712107304,0.04101347536739337,0.03242528099819226,0.04822162787912658,0.043374373421078145,0.043214699156577725,0.04299799836904144,0.07593651807455648,0.04384199090997223,0.04140125572403725,0.04271286575386212,0.044389445531116525,0.050126313748524436,0.04264443392621908,0.04299799836904144,0.04456052510022412,0.043374373421078145,0.04437804022650935,0.044845657715403435,0.04332875220264945,0.04596337756690637,0.04365950603625746,0.04427539248504479,0.043055024892077305,0.043100646110506,0.0490085938970215,0.0490085938970215,0.04245054374789715,0.04245054374789715,0.043534047685578565,0.031683936198726025,0.04231368009261107,0.04085380110289295,0.0413784451148229,0.04121877085032249,0.043055024892077305,0.02606112102738984,0.04272427105846929,0.04224524826496804,0.04303221428286296,0.054266439320928166,0.07175077128372406,0.04618007835444265,0.03523098593155677,0.0382762022616719
STV,0.03142560604937357,0.014883922512360499,0.28247517920584864,0.24334357909863877,0.028992284311433247,0.04119596024110814,0.0,0.03988435021128327,0.03988435021128327,0.03988435021128327,0.03988435021128327,0.0413784451148229,0.03988435021128327,0.0413784451148229,0.2388498890834127,0.0413784451148229,0.03988435021128327,0.14832598641628222,0.1643846553031815,0.03934830089474615,0.061417565309625506,0.016013047668470604,0.020609385425161244,0.017404494830545687,0.02668841278078434,0.028729962305468273,0.02252547659916627,0.02230877581162999,0.02178413179970004,0.07267460095690506,0.02332384792166837,0.019035453389371397,0.01819146084844061,0.027384136361821885,0.031056644445331523,0.021339324920020303,0.022536881903773447,0.02773770080464424,0.023050120611096223,0.02740694697103623,0.028490450908717643,0.022901851651202974,0.029756439720113825,0.023358063835489887,0.021179650655519883,0.022103480328700877,0.02271936677748821,0.030532000433401575,0.030532000433401575,0.017096551606152022,0.017096551606152022,0.02153321509834224,0.021727105276664178,0.020255820982338885,0.017290441784473958,0.019240748872300508,0.01860205181429883,0.022103480328700877,0.020666411948197107,0.020951544563376428,0.018066002497761708,0.022217533374772606,0.03803669086492127,0.06626481976767394,0.0302696784274366,0.016663150031079457,0.017073740996937675
Approval Voting (AV),0.03561306363589706,0.04393323334682961,0.27757089822476433,0.24352606397235355,0.04481144180158191,0.013002047252176987,0.03988435021128327,0.0,0.0,0.0,0.0,0.015522619570362176,0.0,0.015522619570362176,0.23906658987094898,0.015522619570362176,0.0,0.1470714029094932,0.17410197482849274,0.051164196467777166,0.07830882143284842,0.04022650934949845,0.04184606260371699,0.041880278517538505,0.035345038977628494,0.048723461281842184,0.04445787735875956,0.044206960657401755,0.04370512725468616,0.08049863991742559,0.04510797972136841,0.04246194905250432,0.04290675593218406,0.04659066932030087,0.051905541267243394,0.04357966890400725,0.044309608398866315,0.046636290538729565,0.04469738875551019,0.0465792640156937,0.0470810974184093,0.044526309186402595,0.048438328666662867,0.04495971076147516,0.04497111606608233,0.04403588108829416,0.04432101370347349,0.05103873811709826,0.05103873811709826,0.04232508539721824,0.04232508539721824,0.044355229617295,0.03453526235051923,0.04231368009261107,0.041732009557645264,0.04288394532296971,0.042199627046539345,0.04403588108829416,0.030611837565651785,0.04330594159343511,0.0423022747880039,0.04402447578368699,0.054722651505215075,0.07558295363173412,0.04630553670512155,0.03552752385134326,0.03904035767035248
Proportional Approval Voting (PAV),0.03561306363589706,0.04393323334682961,0.27757089822476433,0.24352606397235355,0.04481144180158191,0.013002047252176987,0.03988435021128327,0.0,0.0,0.0,0.0,0.015522619570362176,0.0,0.015522619570362176,0.23906658987094898,0.015522619570362176,0.0,0.1470714029094932,0.17410197482849274,0.051164196467777166,0.07830882143284842,0.04022650934949845,0.04184606260371699,0.041880278517538505,0.035345038977628494,0.048723461281842184,0.04445787735875956,0.044206960657401755,0.04370512725468616,0.08049863991742559,0.04510797972136841,0.04246194905250432,0.04290675593218406,0.04659066932030087,0.051905541267243394,0.04357966890400725,0.044309608398866315,0.046636290538729565,0.04469738875551019,0.0465792640156937,0.0470810974184093,0.044526309186402595,0.048438328666662867,0.04495971076147516,0.04497111606608233,0.04403588108829416,0.04432101370347349,0.05103873811709826,0.05103873811709826,0.04232508539721824,0.04232508539721824,0.044355229617295,0.03453526235051923,0.04231368009261107,0.041732009557645264,0.04288394532296971,0.042199627046539345,0.04403588108829416,0.030611837565651785,0.04330594159343511,0.0423022747880039,0.04402447578368699,0.054722651505215075,0.07558295363173412,0.04630553670512155,0.03552752385134326,0.03904035767035248
Approval Chamberlin-Courant (CC),0.03561306363589706,0.04393323334682961,0.27757089822476433,0.24352606397235355,0.04481144180158191,0.013002047252176987,0.03988435021128327,0.0,0.0,0.0,0.0,0.015522619570362176,0.0,0.015522619570362176,0.23906658987094898,0.015522619570362176,0.0,0.1470714029094932,0.17410197482849274,0.051164196467777166,0.07830882143284842,0.04022650934949845,0.04184606260371699,0.041880278517538505,0.035345038977628494,0.048723461281842184,0.04445787735875956,0.044206960657401755,0.04370512725468616,0.08049863991742559,0.04510797972136841,0.04246194905250432,0.04290675593218406,0.04659066932030087,0.051905541267243394,0.04357966890400725,0.044309608398866315,0.046636290538729565,0.04469738875551019,0.0465792640156937,0.0470810974184093,0.044526309186402595,0.048438328666662867,0.04495971076147516,0.04497111606608233,0.04403588108829416,0.04432101370347349,0.05103873811709826,0.05103873811709826,0.04232508539721824,0.04232508539721824,0.044355229617295,0.03453526235051923,0.04231368009261107,0.041732009557645264,0.04288394532296971,0.042199627046539345,0.04403588108829416,0.030611837565651785,0.04330594159343511,0.0423022747880039,0.04402447578368699,0.054722651505215075,0.07558295363173412,0.04630553670512155,0.03552752385134326,0.03904035767035248
Lexicographic Chamberlin-Courant (lex-CC),0.03561306363589706,0.04393323334682961,0.27757089822476433,0.24352606397235355,0.04481144180158191,0.013002047252176987,0.03988435021128327,0.0,0.0,0.0,0.0,0.015522619570362176,0.0,0.015522619570362176,0.23906658987094898,0.015522619570362176,0.0,0.1470714029094932,0.17410197482849274,0.051164196467777166,0.07830882143284842,0.04022650934949845,0.04184606260371699,0.041880278517538505,0.035345038977628494,0.048723461281842184,0.04445787735875956,0.044206960657401755,0.04370512725468616,0.08049863991742559,0.04510797972136841,0.04246194905250432,0.04290675593218406,0.04659066932030087,0.051905541267243394,0.04357966890400725,0.044309608398866315,0.046636290538729565,0.04469738875551019,0.0465792640156937,0.0470810974184093,0.044526309186402595,0.048438328666662867,0.04495971076147516,0.04497111606608233,0.04403588108829416,0.04432101370347349,0.05103873811709826,0.05103873811709826,0.04232508539721824,0.04232508539721824,0.044355229617295,0.03453526235051923,0.04231368009261107,0.041732009557645264,0.04288394532296971,0.042199627046539345,0.04403588108829416,0.030611837565651785,0.04330594159343511,0.0423022747880039,0.04402447578368699,0.054722651505215075,0.07558295363173412,0.04630553670512155,0.03552752385134326,0.03904035767035248
Sequential Approval Chamberlin-Courant (seq-CC),0.03764719971258632,0.04537030172733338,0.280319576635093,0.24338920031706746,0.04448068796797391,0.002737273105721471,0.0413784451148229,0.015522619570362176,0.015522619570362176,0.015522619570362176,0.015522619570362176,0.0,0.015522619570362176,0.0,0.24352606397235355,0.0,0.015522619570362176,0.1472310771739936,0.17211745182684465,0.05029739331763203,0.07715688566752396,0.03913160010720986,0.04068272153378536,0.04073974805682123,0.03203750064154839,0.04808476422384051,0.04316907793814903,0.04306643019668448,0.042815513495326675,0.07584527563769909,0.043591074208614425,0.04116174432728662,0.04264443392621908,0.04412712352515155,0.05009209783470292,0.04246194905250432,0.04279270288611233,0.044298203094259136,0.04319188854736338,0.04411571822054437,0.04462895692786715,0.04306643019668448,0.04575808208397726,0.0434770211625427,0.04421836596200893,0.04283832410454102,0.04288394532296971,0.048974377983199986,0.048974377983199986,0.04237070661564694,0.04237070661564694,0.043362968116470973,0.031090860359153042,0.04223384296036086,0.04059147909692798,0.04109331249964358,0.040956448844357514,0.04283832410454102,0.02509167013578015,0.04253038088014736,0.042176816437325,0.04278129758150516,0.0540839544472134,0.07119191135797259,0.046077430612978094,0.035185364713128074,0.03813933860638583
Monroe's Approval Rule (Monroe),0.03561306363589706,0.04393323334682961,0.27757089822476433,0.24352606397235355,0.04481144180158191,0.013002047252176987,0.03988435021128327,0.0,0.0,0.0,0.0,0.015522619570362176,0.0,0.015522619570362176,0.23906658987094898,0.015522619570362176,0.0,0.1470714029094932,0.17410197482849274,0.051164196467777166,0.07830882143284842,0.04022650934949845,0.04184606260371699,0.041880278517538505,0.035345038977628494,0.048723461281842184,0.04445787735875956,0.044206960657401755,0.04370512725468616,0.08049863991742559,0.04510797972136841,0.04246194905250432,0.04290675593218406,0.04659066932030087,0.051905541267243394,0.04357966890400725,0.044309608398866315,0.046636290538729565,0.04469738875551019,0.0465792640156937,0.0470810974184093,0.044526309186402595,0.048438328666662867,0.04495971076147516,0.04497111606608233,0.04403588108829416,0.04432101370347349,0.05103873811709826,0.05103873811709826,0.04232508539721824,0.04232508539721824,0.044355229617295,0.03453526235051923,0.04231368009261107,0.041732009557645264,0.04288394532296971,0.042199627046539345,0.04403588108829416,0.030611837565651785,0.04330594159343511,0.0423022747880039,0.04402447578368699,0.054722651505215075,0.07558295363173412,0.04630553670512155,0.03552752385134326,0.03904035767035248
Greedy Monroe,0.03764719971258632,0.04537030172733338,0.280319576635093,0.24338920031706746,0.04448068796797391,0.002737273105721471,0.0413784451148229,0.015522619570362176,0.015522619570362176,0.015522619570362176,0.015522619570362176,0.0,0.015522619570362176,0.0,0.24352606397235355,0.0,0.015522619570362176,0.1472310771739936,0.17211745182684465,0.05029739331763203,0.07715688566752396,0.03913160010720986,0.04068272153378536,0.04073974805682123,0.03203750064154839,0.04808476422384051,0.04316907793814903,0.04306643019668448,0.042815513495326675,0.07584527563769909,0.043591074208614425,0.04116174432728662,0.04264443392621908,0.04412712352515155,0.05009209783470292,0.04246194905250432,0.04279270288611233,0.044298203094259136,0.04319188854736338,0.04411571822054437,0.04462895692786715,0.04306643019668448,0.04575808208397726,0.0434770211625427,0.04421836596200893,0.04283832410454102,0.04288394532296971,0.048974377983199986,0.048974377983199986,0.04237070661564694,0.04237070661564694,0.043362968116470973,0.031090860359153042,0.04223384296036086,0.04059147909692798,0.04109331249964358,0.040956448844357514,0.04283832410454102,0.02509167013578015,0.04253038088014736,0.042176816437325,0.04278129758150516,0.0540839544472134,0.07119191135797259,0.046077430612978094,0.035185364713128074,0.03813933860638583
Minimax Approval Voting (MAV),0.23548646475475743,0.23332972165354107,0.12478543770707756,0.24476924217453538,0.24223726455174302,0.24229429107477887,0.2388498890834127,0.23906658987094898,0.23906658987094898,0.23906658987094898,0.23906658987094898,0.24352606397235355,0.23906658987094898,0.24352606397235355,0.0,0.24352606397235355,0.23906658987094898,0.24309266239728097,0.2666788323249143,0.24455254138699908,0.2487496934824387,0.2433321737940316,0.24340060562167465,0.24336638970785313,0.24462097321464213,0.2437199541506755,0.24377698067371134,0.24361730640921092,0.24335498440324596,0.25413299725702426,0.24422178755339108,0.24362871171381809,0.2418608894997063,0.24629755299189654,0.24629755299189654,0.2436743329322468,0.2441305451165337,0.24629755299189654,0.24419897694417675,0.24629755299189654,0.24629755299189654,0.24416476103035523,0.24629755299189654,0.24419897694417675,0.24365152232303244,0.24364011701842528,0.24408492389810502,0.24629755299189654,0.24629755299189654,0.2416555940167772,0.2416555940167772,0.24351465866774638,0.24305844648345945,0.24205477967802824,0.24328655257560292,0.24429021938103412,0.2435032533631392,0.24364011701842528,0.24254520777613667,0.24289877221895903,0.24192932132734934,0.24364011701842528,0.24302423056963793,0.254908557970312,0.24202056376420672,0.24188370010892066,0.24219164333331433
Method of Equal Shares (aka Rule X) with Phragmén phase,0.03764719971258632,0.04537030172733338,0.280319576635093,0.24338920031706746,0.04448068796797391,0.002737273105721471,0.0413784451148229,0.015522619570362176,0.015522619570362176,0.015522619570362176,0.015522619570362176,0.0,0.015522619570362176,0.0,0.24352606397235355,0.0,0.015522619570362176,0.1472310771739936,0.17211745182684465,0.05029739331763203,0.07715688566752396,0.03913160010720986,0.04068272153378536,0.04073974805682123,0.03203750064154839,0.04808476422384051,0.04316907793814903,0.04306643019668448,0.042815513495326675,0.07584527563769909,0.043591074208614425,0.04116174432728662,0.04264443392621908,0.04412712352515155,0.05009209783470292,0.04246194905250432,0.04279270288611233,0.044298203094259136,0.04319188854736338,0.04411571822054437,0.04462895692786715,0.04306643019668448,0.04575808208397726,0.0434770211625427,0.04421836596200893,0.04283832410454102,0.04288394532296971,0.048974377983199986,0.048974377983199986,0.04237070661564694,0.04237070661564694,0.043362968116470973,0.031090860359153042,0.04223384296036086,0.04059147909692798,0.04109331249964358,0.040956448844357514,0.04283832410454102,0.02509167013578015,0.04253038088014736,0.042176816437325,0.04278129758150516,0.0540839544472134,0.07119191135797259,0.046077430612978094,0.035185364713128074,0.03813933860638583
E Pluribus Hugo (EPH),0.03561306363589706,0.04393323334682961,0.27757089822476433,0.24352606397235355,0.04481144180158191,0.013002047252176987,0.03988435021128327,0.0,0.0,0.0,0.0,0.015522619570362176,0.0,0.015522619570362176,0.23906658987094898,0.015522619570362176,0.0,0.1470714029094932,0.17410197482849274,0.051164196467777166,0.07830882143284842,0.04022650934949845,0.04184606260371699,0.041880278517538505,0.035345038977628494,0.048723461281842184,0.04445787735875956,0.044206960657401755,0.04370512725468616,0.08049863991742559,0.04510797972136841,0.04246194905250432,0.04290675593218406,0.04659066932030087,0.051905541267243394,0.04357966890400725,0.044309608398866315,0.046636290538729565,0.04469738875551019,0.0465792640156937,0.0470810974184093,0.044526309186402595,0.048438328666662867,0.04495971076147516,0.04497111606608233,0.04403588108829416,0.04432101370347349,0.05103873811709826,0.05103873811709826,0.04232508539721824,0.04232508539721824,0.044355229617295,0.03453526235051923,0.04231368009261107,0.041732009557645264,0.04288394532296971,0.042199627046539345,0.04403588108829416,0.030611837565651785,0.04330594159343511,0.0423022747880039,0.04402447578368699,0.054722651505215075,0.07558295363173412,0.04630553670512155,0.03552752385134326,0.03904035767035248
Random Serial Dictator,0.1486088379705401,0.1490103046927126,0.2666104004972713,0.24533950740489402,0.14914716834799865,0.14709421351870755,0.14832598641628222,0.1470714029094932,0.1470714029094932,0.1470714029094932,0.1470714029094932,0.1472310771739936,0.1470714029094932,0.1472310771739936,0.24309266239728097,0.1472310771739936,0.1470714029094932,0.0,0.20800994542561746,0.15133698683257582,0.16436184469396717,0.1483716076347109,0.14861111903146154,0.14851987659460414,0.1481663121517818,0.14948932748621382,0.1487936039051763,0.1487479826867476,0.14886203573281934,0.15526041161744328,0.14873657738214044,0.14857690311764002,0.14878219860056913,0.14875938799135477,0.15070969507918133,0.1487936039051763,0.14872517207753327,0.14885063042821217,0.1487479826867476,0.14878219860056913,0.14886203573281934,0.14873657738214044,0.1492156001756417,0.14886203573281934,0.1486225243360687,0.14888484634203367,0.14878219860056913,0.1501736457626442,0.1501736457626442,0.14872517207753327,0.14872517207753327,0.14873657738214044,0.1481549068471746,0.14873657738214044,0.1484628500715683,0.1484628500715683,0.14851987659460414,0.14888484634203367,0.1480408538011029,0.1488734410374265,0.14896468347428388,0.1487936039051763,0.15007099802117965,0.1532302673973665,0.1490445206065341,0.14836020233010372,0.14842863415774676
Anti-Plurality,0.16465325022668043,0.16235451108310475,0.2762478828903323,0.24408492389810502,0.15448485090415554,0.17241398974663116,0.1643846553031815,0.17410197482849274,0.17410197482849274,0.17410197482849274,0.17410197482849274,0.17211745182684465,0.17410197482849274,0.17211745182684465,0.2666788323249143,0.17211745182684465,0.17410197482849274,0.20800994542561746,0.0,0.16688241701215234,0.15721071870526981,0.16401968555575197,0.16167019280667438,0.16205797316331827,0.16542253802243423,0.15812314307384365,0.16072355252427903,0.16041560929988538,0.1602445297307778,0.17841317997000405,0.16071214721967186,0.16155613976060265,0.15863638178116643,0.15962864328199045,0.16463557200453932,0.15948037432209722,0.15960583267277612,0.16025593503538496,0.15970848041424066,0.15962864328199045,0.15978831754649087,0.16005063955245585,0.16097446922563685,0.15994799181099129,0.16046123051831407,0.15991377589716976,0.16001642363863433,0.16362049989450092,0.16362049989450092,0.15981112815570522,0.15981112815570522,0.1604954464321356,0.1627993179627845,0.15790644228630737,0.16218343151399717,0.16161316628363853,0.16172721932971024,0.1599023705925626,0.16327834075628575,0.15989096528795543,0.15892151439634575,0.15961723797738328,0.16356347337146507,0.16403109086035916,0.16156754506520982,0.16298180283649927,0.16080338965652924
Two-Approval,0.039326060550762154,0.040796774579857094,0.28128902752670265,0.2428759616097447,0.03523098593155677,0.05046847288673962,0.03934830089474615,0.051164196467777166,0.051164196467777166,0.051164196467777166,0.051164196467777166,0.05029739331763203,0.051164196467777166,0.05029739331763203,0.24455254138699908,0.05029739331763203,0.051164196467777166,0.15133698683257582,0.16688241701215234,0.0,0.060231413630479534,0.03810512269256431,0.03728394076084787,0.0378998272096352,0.04136703981021573,0.04319188854736338,0.038481497744601016,0.0382762022616719,0.03779717946817065,0.07754466602416785,0.039085978888781174,0.03805950147413562,0.03632589517384536,0.03992997142971196,0.046773154194015634,0.03696459223184703,0.037705937031313266,0.040009808561962165,0.0382762022616719,0.03992997142971196,0.04053445257389212,0.038162149215600176,0.04213119521889631,0.03859555079067274,0.03974748655599719,0.037591883985241534,0.037842800686599336,0.04559840781947684,0.04559840781947684,0.03623465273698797,0.03623465273698797,0.038458687135386666,0.037911232514242374,0.035276607149985456,0.037705937031313266,0.038162149215600176,0.037911232514242374,0.03756907337602719,0.038846467492030544,0.03709005058252593,0.035960925426415824,0.03732956197927656,0.034808989661091375,0.059866443883050006,0.033018356837765245,0.038846467492030544,0.03750064154838415
Three-Approval,0.062245590424106254,0.05976379614158545,0.2810267055207377,0.24340060562167465,0.04871205597723501,0.07737358645506025,0.061417565309625506,0.07830882143284842,0.07830882143284842,0.07830882143284842,0.07830882143284842,0.07715688566752396,0.07830882143284842,0.07715688566752396,0.2487496934824387,0.07715688566752396,0.07830882143284842,0.16436184469396717,0.15721071870526981,0.060231413630479534,0.0,0.061178053912874876,0.05757397765700827,0.058691697508511206,0.06475931955952714,0.05944444761258461,0.05725462912800744,0.05677560633450618,0.05649047371932686,0.0966371459365751,0.0578134890537589,0.05809862166893822,0.05403833322878471,0.05779067844454456,0.06562612270967227,0.055338537954002405,0.05609128805807581,0.058680292203904034,0.05661593207000576,0.0578134890537589,0.058543428548617965,0.05677560633450618,0.06058497807330189,0.05700371242664964,0.05871450811772556,0.05594301909818256,0.05621674640875471,0.06440575511670478,0.06440575511670478,0.054870920465108323,0.054870920465108323,0.05685544346675639,0.060014712842943255,0.05235034814692313,0.05878293994536859,0.05841797019793906,0.058224080019617125,0.05593161379357539,0.06113243269444619,0.05548680691389565,0.0538330377458556,0.05542978039085979,0.03523098593155677,0.06861431251675154,0.04672753297558695,0.06034546667655127,0.057505545829365234
Instant Runoff,0.03358520047674173,0.024578431428457375,0.28331917174677945,0.2435374692769607,0.02941428058189864,0.03935970619935332,0.016013047668470604,0.04022650934949845,0.04022650934949845,0.04022650934949845,0.04022650934949845,0.03913160010720986,0.04022650934949845,0.03913160010720986,0.2433321737940316,0.03913160010720986,0.04022650934949845,0.1483716076347109,0.16401968555575197,0.03810512269256431,0.061178053912874876,0.0,0.011085956078171958,0.004938496894905821,0.01664033942186511,0.023141363047953604,0.014370683805037723,0.014347873195823377,0.014621600506395525,0.0656945545373153,0.014712842943252907,0.0076415540868057736,0.018704699555763385,0.018978426866335534,0.02851326151793199,0.015591051398005212,0.015374350610468929,0.01749573726740307,0.01587618401318453,0.019001237475549878,0.019400423136800925,0.01505500208146809,0.021715699972057002,0.016218343151399715,0.020483927074482343,0.01497516494921788,0.014690032334038561,0.027007761309785182,0.027007761309785182,0.017894922928654116,0.017894922928654116,0.014747058857074426,0.01749573726740307,0.02076905968966166,0.004208557400046762,0.007744201828270328,0.006466807712266975,0.01497516494921788,0.019708366361194593,0.015385755915076103,0.018693294251156213,0.014872517207753327,0.038150743910993004,0.06082448947005252,0.030862754267009587,0.01665174472647228,0.017096551606152022
Bottom-Two-Runoff Instant Runoff,0.03260377401529451,0.019571502705908517,0.2843342438568178,0.24332076848942444,0.025182912572637533,0.040876611712107304,0.020609385425161244,0.04184606260371699,0.04184606260371699,0.04184606260371699,0.04184606260371699,0.04068272153378536,0.04184606260371699,0.04068272153378536,0.24340060562167465,0.04068272153378536,0.04184606260371699,0.14861111903146154,0.16167019280667438,0.03728394076084787,0.05757397765700827,0.011085956078171958,0.0,0.0065808607583387035,0.01863626772812035,0.017313252393688305,0.007892470788163575,0.007470474517698182,0.007470474517698182,0.06423467554759718,0.008747868633701535,0.005850921263479645,0.012420376717211174,0.013355611694999344,0.023928329065848526,0.008941758812023472,0.008611004978415462,0.01182730087763819,0.00913564899034541,0.01337842230421369,0.01407414588525123,0.007846849569734884,0.016777203077151182,0.009580455870025149,0.014918138426182018,0.008109171575699858,0.00786966017894923,0.02247985538073758,0.02247985538073758,0.011838706182245362,0.011838706182245362,0.008303061754021795,0.012511619154068558,0.015385755915076103,0.006877398678125196,0.0075617169545555635,0.006318538752373729,0.008109171575699858,0.015591051398005212,0.008097766271092686,0.012465997935639865,0.008143387489521377,0.034409803999840324,0.05849780733018927,0.026380469556390677,0.014461926241895105,0.012739725246212013
Benham,0.03297843827164014,0.020130362631659984,0.2840491112416385,0.24326374196638856,0.02618657937806874,0.04101347536739337,0.017404494830545687,0.041880278517538505,0.041880278517538505,0.041880278517538505,0.041880278517538505,0.04073974805682123,0.041880278517538505,0.04073974805682123,0.24336638970785313,0.04073974805682123,0.041880278517538505,0.14851987659460414,0.16205797316331827,0.0378998272096352,0.058691697508511206,0.004938496894905821,0.0065808607583387035,0.0,0.01754135848583176,0.018944210952514015,0.009831372571382951,0.009740130134525567,0.010025262749704889,0.06474791425491996,0.010105099881955097,0.002862731456400372,0.014176793626715785,0.014655816420217044,0.0243161094224924,0.010949092422885885,0.010880660595242847,0.013127505602855888,0.011405304607172796,0.01467862702943139,0.015112028604503955,0.010470069629384626,0.017518547876617416,0.011770274354602326,0.01602445297307778,0.01044725902017028,0.010173531709598133,0.022833419823559936,0.022833419823559936,0.013321395781177825,0.013321395781177825,0.010184937014205307,0.013446854131856726,0.016435043938936,0.000729939494859059,0.003683913388116813,0.002646030668864089,0.01044725902017028,0.015648077921041077,0.010743796939956774,0.014085551189858403,0.010310395364884208,0.03545909202370022,0.05925055743426268,0.02753240532171513,0.013982903448393848,0.012306323671139447
PluralityWRunoff PUT,0.03460141311724083,0.030646053479473304,0.2833647929652081,0.24357168519078223,0.03276744013640744,0.03242528099819226,0.02668841278078434,0.035345038977628494,0.035345038977628494,0.035345038977628494,0.035345038977628494,0.03203750064154839,0.035345038977628494,0.03203750064154839,0.24462097321464213,0.03203750064154839,0.035345038977628494,0.1481663121517818,0.16542253802243423,0.04136703981021573,0.06475931955952714,0.01664033942186511,0.01863626772812035,0.01754135848583176,0.0,0.02786315915532314,0.020609385425161244,0.020655006643589935,0.020780464994268836,0.06466807712266975,0.020791870298876008,0.01828270328529799,0.024441567773171302,0.022776393300524073,0.03215155368762011,0.021077002914055325,0.020780464994268836,0.021556025707556586,0.021213866569341402,0.022787798605131245,0.022890446346595802,0.020552358902125378,0.02493199587127973,0.021761321190485693,0.025308370923316434,0.020940139258769253,0.020563764206732553,0.030646053479473304,0.030646053479473304,0.02427048820406371,0.02427048820406371,0.02105419230484098,0.01995928306255239,0.025422423969388163,0.017598385008867623,0.01768962744572501,0.018168650239226265,0.020940139258769253,0.021065597609448154,0.021179650655519883,0.024487188991599993,0.020780464994268836,0.041903089126752856,0.06237561089662802,0.03463791009198378,0.01974258227501611,0.02097435517259077
Coombs,0.037581619211095076,0.02422486698563502,0.28354727783892286,0.24321812074795987,0.027589431844750992,0.04822162787912658,0.028729962305468273,0.048723461281842184,0.048723461281842184,0.048723461281842184,0.048723461281842184,0.04808476422384051,0.048723461281842184,0.04808476422384051,0.2437199541506755,0.04808476422384051,0.048723461281842184,0.14948932748621382,0.15812314307384365,0.04319188854736338,0.05944444761258461,0.023141363047953604,0.017313252393688305,0.018944210952514015,0.02786315915532314,0.0,0.013515285959499763,0.013412638218035209,0.0137091761378217,0.06502164156549212,0.013846039793107775,0.01790632823326129,0.017484331962795897,0.017324657698295477,0.02737273105721471,0.014838301293931808,0.014347873195823377,0.01660612350804359,0.014815490684717462,0.01733606300290265,0.017723843359546524,0.014096956494465575,0.020415495246839305,0.015283108173611547,0.019856635321087838,0.013937282229965157,0.013800418574679084,0.025992689199746802,0.025992689199746802,0.01730184708908113,0.01730184708908113,0.013982903448393848,0.02185256362734308,0.01921793826308616,0.01917231704465747,0.018385351026762548,0.018294108589905166,0.013937282229965157,0.0241906510718135,0.014051335276036884,0.0176097903134748,0.01378901327007191,0.0354704973283074,0.06002611814755043,0.028980879006826075,0.02268515086366669,0.01945744965983679
Baldwin,0.03420279772122014,0.01921793826308616,0.2847562401272832,0.24342341623088898,0.025433829273995335,0.043374373421078145,0.02252547659916627,0.04445787735875956,0.04445787735875956,0.04445787735875956,0.04445787735875956,0.04316907793814903,0.04445787735875956,0.04316907793814903,0.24377698067371134,0.04316907793814903,0.04445787735875956,0.1487936039051763,0.16072355252427903,0.038481497744601016,0.05725462912800744,0.014370683805037723,0.007892470788163575,0.009831372571382951,0.020609385425161244,0.013515285959499763,0.0,0.001904685869397857,0.004094504353975034,0.06356176257577399,0.0024977617089708424,0.008382898886272005,0.01117719851502934,0.011793084963816671,0.023426495663132922,0.007858254874342056,0.005964974309551372,0.009774346048347086,0.006603671367553049,0.011815895573031017,0.012637077504747457,0.004676174888940846,0.01599023705925626,0.00713972068409017,0.013367016999606516,0.004596337756690637,0.00375234521575985,0.02181834771352156,0.02181834771352156,0.009785751352954258,0.009785751352954258,0.003193485290008383,0.01541997182889762,0.015591051398005212,0.010162126404990961,0.00926110734102431,0.009033001248880854,0.004584932452083464,0.018077407802368883,0.006831777459696505,0.011918543314495572,0.004756012021191056,0.033565811458909536,0.057448519306329375,0.026619980953141307,0.015397161219683275,0.013036263165998506
Strict Nanson,0.03373403970186534,0.018909995038692496,0.2846992136042473,0.24348044275392486,0.024715295083743448,0.043214699156577725,0.02230877581162999,0.044206960657401755,0.044206960657401755,0.044206960657401755,0.044206960657401755,0.04306643019668448,0.044206960657401755,0.04306643019668448,0.24361730640921092,0.04306643019668448,0.044206960657401755,0.1487479826867476,0.16041560929988538,0.0382762022616719,0.05677560633450618,0.014347873195823377,0.007470474517698182,0.009740130134525567,0.020655006643589935,0.013412638218035209,0.001904685869397857,0.0,0.002680246582685607,0.06375565275409593,0.0035014285144020483,0.008348682972450486,0.010253368841848343,0.011804490268423845,0.02349492749077596,0.007447663908483836,0.005736868217407916,0.010173531709598133,0.0064554024076598025,0.01182730087763819,0.01293361542453395,0.0037181293019383317,0.016172721932971024,0.006957235810375406,0.013332801085784999,0.004208557400046762,0.0032162958992227285,0.02189818484577177,0.02189818484577177,0.009078622467309545,0.009078622467309545,0.00346721260058053,0.015169055127539818,0.014906733121574844,0.010139315795776616,0.00934094447327452,0.008998785335059337,0.0041971520954395885,0.017974760060904326,0.006033406137194409,0.01130265686570824,0.004083099049367861,0.03316662579765849,0.0574371140017222,0.02594706798131811,0.014952354340003535,0.012591456286318766
Weak Nanson,0.03305827540389035,0.018066002497761708,0.2846421870812115,0.24340060562167465,0.02390551845663418,0.04299799836904144,0.02178413179970004,0.04370512725468616,0.04370512725468616,0.04370512725468616,0.04370512725468616,0.042815513495326675,0.04370512725468616,0.042815513495326675,0.24335498440324596,0.042815513495326675,0.04370512725468616,0.14886203573281934,0.1602445297307778,0.03779717946817065,0.05649047371932686,0.014621600506395525,0.007470474517698182,0.010025262749704889,0.020780464994268836,0.0137091761378217,0.004094504353975034,0.002680246582685607,0.0,0.06429170207063305,0.005622815171336188,0.008725058024487189,0.009512024042382113,0.012762535855426358,0.023973950284277217,0.006478213016874148,0.0062387016201235195,0.011268440951886723,0.006957235810375406,0.012785346464640704,0.013914471620750811,0.004584932452083464,0.016788608381758354,0.007402042690055144,0.01366355491939301,0.004676174888940846,0.004026072526331997,0.022411423553094546,0.022411423553094546,0.008017929138842476,0.008017929138842476,0.005041144636370376,0.014997975558432226,0.014108361799072749,0.010413043106348763,0.009945425617454678,0.00934094447327452,0.004676174888940846,0.017723843359546524,0.004584932452083464,0.010105099881955097,0.0047446067165838835,0.03273322422258593,0.057585382961615444,0.02520572318185188,0.014633005811002697,0.011758869049995152
