,NN,Min Violations Committee,Max Violations Committee,Random Choice,Borda ranking,Plurality ranking,STV,Approval Voting (AV),Proportional Approval Voting (PAV),Approval Chamberlin-Courant (CC),Lexicographic Chamberlin-Courant (lex-CC),Sequential Approval Chamberlin-Courant (seq-CC),Monroe's Approval Rule (Monroe),Greedy Monroe,Minimax Approval Voting (MAV),Method of Equal Shares (aka Rule X) with Phragmén phase,E Pluribus Hugo (EPH),Random Serial Dictator,Anti-Plurality,Two-Approval,Three-Approval,Instant Runoff,Bottom-Two-Runoff Instant Runoff,Benham,PluralityWRunoff PUT,Coombs,Baldwin,Strict Nanson,Weak Nanson,Iterated Removal Condorcet Loser,Raynaud,Tideman Alternative Top Cycle,Knockout Voting,Banks,Condorcet,Copeland,Llull,Uncovered Set,Uncovered Set - Fishburn,Uncovered Set - Bordes,Uncovered Set - McKelvey,Slater,Top Cycle,GOCHA,Bipartisan Set,Minimax,Split Cycle,Ranked Pairs ZT,Ranked Pairs TB,Simple Stable Voting,Stable Voting,Loss-Trimmer Voting,Daunou,Blacks,Condorcet IRV,Condorcet IRV PUT,Smith IRV,Smith-Minimax,Condorcet Plurality,Copeland-Local-Borda,Copeland-Global-Borda,Borda-Minimax Faceoff,Bucklin,Simplified Bucklin,Weighted Bucklin,Bracket Voting,Superior Voting
Min Violations Committee,0.05871735944387735,0.0,0.25450937230906095,0.24444989364553454,0.07793244638081172,0.06918457774711018,0.04994382887480967,0.0678729677172853,0.0678729677172853,0.0678729677172853,0.0678729677172853,0.0694697103622895,0.0678729677172853,0.0694697103622895,0.20268366817406777,0.0694697103622895,0.0678729677172853,0.1379699698329693,0.23107147134132086,0.13719440911968156,0.17003028108373205,0.05505340533882309,0.04078536927524992,0.04183465729910982,0.05847499672097493,0.04563262373329836,0.0400782403896052,0.03886927810124489,0.03781999007738499,0.11590070541808996,0.041184554936500965,0.04341999463950683,0.03631448986923818,0.053080287641782194,0.05771084131229435,0.039245653153281594,0.040808179884464266,0.05142651847374214,0.042199627046539345,0.053091692946389366,0.05476827272364377,0.040865206407500125,0.056672958593041625,0.04221103235114652,0.04338577872568532,0.037991069646492584,0.040169482826462585,0.05701511773125681,0.05701511773125681,0.033565811458909536,0.033565811458909536,0.0376489105082774,0.04311205141511317,0.04113893371807228,0.04271286575386212,0.04339718403029249,0.043591074208614425,0.03796825903727824,0.04296378245521992,0.03571000872505802,0.0347975843564842,0.03859555079067274,0.07124893788100846,0.07819476838677669,0.058532023244010786,0.042496164966325835,0.03875522505517316
Max Violations Committee,0.2647661627422914,0.25450937230906095,0.0,0.24415335572574803,0.2778446255353365,0.2762022616719036,0.2767839322068694,0.27458270841768506,0.27458270841768506,0.27458270841768506,0.27458270841768506,0.2767040950746192,0.27458270841768506,0.2767040950746192,0.14481315259727298,0.2767040950746192,0.27458270841768506,0.2633826992934414,0.27601977679818884,0.2758372919244741,0.27468535615914963,0.2791106143467327,0.2810267055207377,0.28079859942859425,0.27940715226651913,0.2797835273185559,0.28134605404973856,0.28125481161288113,0.2810951373483807,0.2857142857142857,0.28142589118198874,0.28106092143455924,0.2811065426529879,0.2854975849267494,0.28474483482267604,0.2835928990573516,0.28447110751210386,0.2853493159668562,0.2857142857142857,0.2854975849267494,0.28570288040967856,0.28293139139013557,0.2857142857142857,0.2857142857142857,0.2855089902313566,0.2821786412860621,0.2827146906025993,0.2852580735299988,0.2852580735299988,0.2809696789977018,0.2809696789977018,0.28182507684323976,0.2803537925489145,0.2804678455949862,0.28087843656084444,0.28142589118198874,0.280981084302309,0.2822014518952765,0.28028536072127147,0.28125481161288113,0.2813232434405242,0.28192772458470433,0.2768637693391196,0.2810153002161305,0.2776849512708361,0.27995460688766344,0.2809468683884875
Random Choice,0.24443050462770236,0.24444989364553454,0.24415335572574803,0.0,0.24460956791003496,0.2448490793067856,0.24426740877181977,0.24490610582982145,0.24490610582982145,0.24490610582982145,0.24490610582982145,0.24481486339296407,0.24490610582982145,0.24481486339296407,0.24299001465581643,0.24481486339296407,0.24490610582982145,0.24545356045096575,0.2458071248937881,0.24495172704825013,0.24579571958918092,0.24448410955935607,0.24465518912846365,0.2443016246856413,0.24441567773171302,0.24451832547317756,0.24435865120867717,0.24424459816260544,0.24443848834092738,0.24466659443307082,0.24431302999024845,0.24422178755339108,0.2447578368699282,0.24435865120867717,0.24459816260542777,0.24460956791003496,0.2446323785192493,0.2442560034672126,0.2443358405994628,0.24435865120867717,0.24431302999024845,0.24465518912846365,0.24449551486396323,0.2445867573008206,0.24443848834092738,0.2444612989501417,0.24456394669160628,0.24457535199621344,0.24457535199621344,0.24449551486396323,0.24449551486396323,0.24443848834092738,0.24456394669160628,0.24488329522060712,0.2442560034672126,0.24410773450731935,0.24432443529485565,0.24443848834092738,0.24456394669160628,0.2446437838238565,0.2447122156514995,0.24456394669160628,0.24507718539892903,0.2452254543588223,0.24500875357128601,0.24437005651328433,0.2443814618178915
Borda ranking,0.07701089776855216,0.07793244638081172,0.2778446255353365,0.24460956791003496,0.0,0.09719600586232657,0.08553978455379598,0.09717319525311222,0.09717319525311222,0.09717319525311222,0.09717319525311222,0.09715038464389787,0.09717319525311222,0.09715038464389787,0.23375171792400645,0.09715038464389787,0.09717319525311222,0.14883922512360498,0.21575414725388778,0.10887503778007152,0.1241011194306472,0.08617848161179764,0.07333610862412109,0.07654099921873664,0.08866483801616132,0.06977765358668317,0.07290270704904851,0.0700171649834338,0.06856869129832285,0.13452556784160313,0.07484160883226788,0.07617602947130711,0.052715317894352666,0.07662083635098685,0.08826565235491027,0.06283182308091494,0.06604811898013767,0.07713407505830962,0.07217276755418946,0.07663224165559401,0.07854833282959904,0.07056461960457809,0.08454752305297193,0.0756285748501628,0.07455647621708857,0.06545504314056468,0.06699475926253301,0.0862811293532622,0.0862811293532622,0.06104119025758881,0.06104119025758881,0.07307378661815611,0.07624446129895014,0.037295346065455044,0.07731655993202438,0.07739639706427459,0.07683753713852312,0.06542082722674315,0.07711126444909527,0.06310555039148708,0.05111857524934847,0.05855483385322514,0.06937846792543212,0.08136544306757072,0.05550961752311,0.07631289312659317,0.07168233945608102
Plurality ranking,0.052074910040659915,0.06918457774711018,0.2762022616719036,0.2448490793067856,0.09719600586232657,0.0,0.0501833402715603,0.008599599673808288,0.008599599673808288,0.008599599673808288,0.008599599673808288,0.00212138665693414,0.008599599673808288,0.00212138665693414,0.23431057784975792,0.00212138665693414,0.008599599673808288,0.12584613103554462,0.23618104780533425,0.14861111903146154,0.18858671167960217,0.04806195361462616,0.051289654818456064,0.05687825407597073,0.04175482016685961,0.062352800287413676,0.058303917151867335,0.05674139042068466,0.0569352805990066,0.1121483602023301,0.059695364313942414,0.05863467098547535,0.06198783053998415,0.06795280484953552,0.07715688566752396,0.06350473605273813,0.06253528516112844,0.06757642979749881,0.06422327024299002,0.06792999424032117,0.0689678769595739,0.06033406137194409,0.07364405184851475,0.0664473046413887,0.06593406593406594,0.05607988275346864,0.055897397879753875,0.0751267414474472,0.0751267414474472,0.057209007909578745,0.057209007909578745,0.059706769618549586,0.03259636056729985,0.06682367969342541,0.0542094127978923,0.05524729551714502,0.05639923128246948,0.056114098667290155,0.0275438106263223,0.06090432660230273,0.06410921719691828,0.057745057226115865,0.09120822094356085,0.09082044058691698,0.07459069213091009,0.04952183260434428,0.05507621594803743
STV,0.055757112633085644,0.04994382887480967,0.2767839322068694,0.24426740877181977,0.08553978455379598,0.0501833402715603,0.0,0.04916826816152192,0.04916826816152192,0.04916826816152192,0.04916826816152192,0.050365825145275066,0.04916826816152192,0.050365825145275066,0.2303301265418546,0.050365825145275066,0.04916826816152192,0.130556521838307,0.23087758116299892,0.14268036063573167,0.1788579868496838,0.01607007419150647,0.03732956197927656,0.029676602587863615,0.030417947387329846,0.05521307960332351,0.04246194905250432,0.0432261044611849,0.043362968116470973,0.11331170127226173,0.04290675593218406,0.03302976214237242,0.04534749111811904,0.05665014798382728,0.06526115296224273,0.048563787017341764,0.04915686285691475,0.05727743973722178,0.050525499409775486,0.05666155328843445,0.058440780807153404,0.04644240036040762,0.06268355412102168,0.05320574599246109,0.051700245784314286,0.0459519722622992,0.046008998785335056,0.063892516409382,0.063892516409382,0.043431399944114005,0.043431399944114005,0.04067131622917819,0.0412986079825727,0.05208802614095816,0.025513666406245545,0.02696214009135649,0.028866825960754346,0.0459063510438705,0.04120736554571531,0.04605462000376375,0.04753730960269621,0.04592916165308485,0.08159354915971419,0.08366931459821964,0.06577439166956552,0.036132004995523416,0.03438699339062598
Approval Voting (AV),0.0512685550049328,0.0678729677172853,0.27458270841768506,0.24490610582982145,0.09717319525311222,0.008599599673808288,0.04916826816152192,0.0,0.0,0.0,0.0,0.010538501457027663,0.0,0.010538501457027663,0.23212075936518076,0.010538501457027663,0.0,0.12550397189732945,0.23668288120804987,0.1490103046927126,0.18909995038692495,0.048495355189698726,0.05181429883038601,0.057505545829365234,0.043454210553328355,0.06215891010909174,0.05888558768683315,0.05725462912800744,0.05709495486350702,0.11543308792919586,0.06026562954430106,0.059398826394155925,0.06199923584459132,0.06994873315579075,0.07879924953095685,0.06400656945545373,0.06355035727116681,0.06952673688532536,0.06571736514652965,0.06992592254657641,0.0711462901395439,0.061018379648374456,0.07566279076398433,0.06803264198178573,0.06705178578556886,0.05679841694372052,0.05677560633450618,0.07707704853527375,0.07707704853527375,0.05708354955889985,0.05708354955889985,0.060242818935086706,0.035595955678986296,0.06680086908421107,0.05477967802825094,0.05617112519032602,0.056992307122042465,0.05684403816214922,0.031763773330976235,0.060710436423980794,0.06399516415084656,0.05839515958872472,0.09152756947256169,0.09221188774899206,0.07503549901058983,0.04901999920162868,0.05560085995996738
Proportional Approval Voting (PAV),0.0512685550049328,0.0678729677172853,0.27458270841768506,0.24490610582982145,0.09717319525311222,0.008599599673808288,0.04916826816152192,0.0,0.0,0.0,0.0,0.010538501457027663,0.0,0.010538501457027663,0.23212075936518076,0.010538501457027663,0.0,0.12550397189732945,0.23668288120804987,0.1490103046927126,0.18909995038692495,0.048495355189698726,0.05181429883038601,0.057505545829365234,0.043454210553328355,0.06215891010909174,0.05888558768683315,0.05725462912800744,0.05709495486350702,0.11543308792919586,0.06026562954430106,0.059398826394155925,0.06199923584459132,0.06994873315579075,0.07879924953095685,0.06400656945545373,0.06355035727116681,0.06952673688532536,0.06571736514652965,0.06992592254657641,0.0711462901395439,0.061018379648374456,0.07566279076398433,0.06803264198178573,0.06705178578556886,0.05679841694372052,0.05677560633450618,0.07707704853527375,0.07707704853527375,0.05708354955889985,0.05708354955889985,0.060242818935086706,0.035595955678986296,0.06680086908421107,0.05477967802825094,0.05617112519032602,0.056992307122042465,0.05684403816214922,0.031763773330976235,0.060710436423980794,0.06399516415084656,0.05839515958872472,0.09152756947256169,0.09221188774899206,0.07503549901058983,0.04901999920162868,0.05560085995996738
Approval Chamberlin-Courant (CC),0.0512685550049328,0.0678729677172853,0.27458270841768506,0.24490610582982145,0.09717319525311222,0.008599599673808288,0.04916826816152192,0.0,0.0,0.0,0.0,0.010538501457027663,0.0,0.010538501457027663,0.23212075936518076,0.010538501457027663,0.0,0.12550397189732945,0.23668288120804987,0.1490103046927126,0.18909995038692495,0.048495355189698726,0.05181429883038601,0.057505545829365234,0.043454210553328355,0.06215891010909174,0.05888558768683315,0.05725462912800744,0.05709495486350702,0.11543308792919586,0.06026562954430106,0.059398826394155925,0.06199923584459132,0.06994873315579075,0.07879924953095685,0.06400656945545373,0.06355035727116681,0.06952673688532536,0.06571736514652965,0.06992592254657641,0.0711462901395439,0.061018379648374456,0.07566279076398433,0.06803264198178573,0.06705178578556886,0.05679841694372052,0.05677560633450618,0.07707704853527375,0.07707704853527375,0.05708354955889985,0.05708354955889985,0.060242818935086706,0.035595955678986296,0.06680086908421107,0.05477967802825094,0.05617112519032602,0.056992307122042465,0.05684403816214922,0.031763773330976235,0.060710436423980794,0.06399516415084656,0.05839515958872472,0.09152756947256169,0.09221188774899206,0.07503549901058983,0.04901999920162868,0.05560085995996738
Lexicographic Chamberlin-Courant (lex-CC),0.0512685550049328,0.0678729677172853,0.27458270841768506,0.24490610582982145,0.09717319525311222,0.008599599673808288,0.04916826816152192,0.0,0.0,0.0,0.0,0.010538501457027663,0.0,0.010538501457027663,0.23212075936518076,0.010538501457027663,0.0,0.12550397189732945,0.23668288120804987,0.1490103046927126,0.18909995038692495,0.048495355189698726,0.05181429883038601,0.057505545829365234,0.043454210553328355,0.06215891010909174,0.05888558768683315,0.05725462912800744,0.05709495486350702,0.11543308792919586,0.06026562954430106,0.059398826394155925,0.06199923584459132,0.06994873315579075,0.07879924953095685,0.06400656945545373,0.06355035727116681,0.06952673688532536,0.06571736514652965,0.06992592254657641,0.0711462901395439,0.061018379648374456,0.07566279076398433,0.06803264198178573,0.06705178578556886,0.05679841694372052,0.05677560633450618,0.07707704853527375,0.07707704853527375,0.05708354955889985,0.05708354955889985,0.060242818935086706,0.035595955678986296,0.06680086908421107,0.05477967802825094,0.05617112519032602,0.056992307122042465,0.05684403816214922,0.031763773330976235,0.060710436423980794,0.06399516415084656,0.05839515958872472,0.09152756947256169,0.09221188774899206,0.07503549901058983,0.04901999920162868,0.05560085995996738
Sequential Approval Chamberlin-Courant (seq-CC),0.05260297564397201,0.0694697103622895,0.2767040950746192,0.24481486339296407,0.09715038464389787,0.00212138665693414,0.050365825145275066,0.010538501457027663,0.010538501457027663,0.010538501457027663,0.010538501457027663,0.0,0.010538501457027663,0.0,0.2351545703906887,0.0,0.010538501457027663,0.1258917522539733,0.23610121067308404,0.14858830842224718,0.18843844271970894,0.047799631608661186,0.0512326282954202,0.0566387426792201,0.041503903465501805,0.06222734193673478,0.0582354853242243,0.056672958593041625,0.05684403816214922,0.11211414428850859,0.05956990596326352,0.058383754284117545,0.061976425235376977,0.06785015710807096,0.07712266975370245,0.06332225117902336,0.06239842150584237,0.06738253961917688,0.06410921719691828,0.06782734649885662,0.06886522921810934,0.060322656067336916,0.0735756200208717,0.0663674675091385,0.06585422880181573,0.05602285623043277,0.05578334483368214,0.07509252553362569,0.07509252553362569,0.05714057608193571,0.05714057608193571,0.0596611484001209,0.03190063698626231,0.06677805847499672,0.05399271201035602,0.055030594729608744,0.05614831458111168,0.056057072144254295,0.026505927907069578,0.06089292129769556,0.06400656945545373,0.057688030703080005,0.09112838381131064,0.09071779284545242,0.07448804438944553,0.04940777955827255,0.05499637881578722
Monroe's Approval Rule (Monroe),0.0512685550049328,0.0678729677172853,0.27458270841768506,0.24490610582982145,0.09717319525311222,0.008599599673808288,0.04916826816152192,0.0,0.0,0.0,0.0,0.010538501457027663,0.0,0.010538501457027663,0.23212075936518076,0.010538501457027663,0.0,0.12550397189732945,0.23668288120804987,0.1490103046927126,0.18909995038692495,0.048495355189698726,0.05181429883038601,0.057505545829365234,0.043454210553328355,0.06215891010909174,0.05888558768683315,0.05725462912800744,0.05709495486350702,0.11543308792919586,0.06026562954430106,0.059398826394155925,0.06199923584459132,0.06994873315579075,0.07879924953095685,0.06400656945545373,0.06355035727116681,0.06952673688532536,0.06571736514652965,0.06992592254657641,0.0711462901395439,0.061018379648374456,0.07566279076398433,0.06803264198178573,0.06705178578556886,0.05679841694372052,0.05677560633450618,0.07707704853527375,0.07707704853527375,0.05708354955889985,0.05708354955889985,0.060242818935086706,0.035595955678986296,0.06680086908421107,0.05477967802825094,0.05617112519032602,0.056992307122042465,0.05684403816214922,0.031763773330976235,0.060710436423980794,0.06399516415084656,0.05839515958872472,0.09152756947256169,0.09221188774899206,0.07503549901058983,0.04901999920162868,0.05560085995996738
Greedy Monroe,0.05260297564397201,0.0694697103622895,0.2767040950746192,0.24481486339296407,0.09715038464389787,0.00212138665693414,0.050365825145275066,0.010538501457027663,0.010538501457027663,0.010538501457027663,0.010538501457027663,0.0,0.010538501457027663,0.0,0.2351545703906887,0.0,0.010538501457027663,0.1258917522539733,0.23610121067308404,0.14858830842224718,0.18843844271970894,0.047799631608661186,0.0512326282954202,0.0566387426792201,0.041503903465501805,0.06222734193673478,0.0582354853242243,0.056672958593041625,0.05684403816214922,0.11211414428850859,0.05956990596326352,0.058383754284117545,0.061976425235376977,0.06785015710807096,0.07712266975370245,0.06332225117902336,0.06239842150584237,0.06738253961917688,0.06410921719691828,0.06782734649885662,0.06886522921810934,0.060322656067336916,0.0735756200208717,0.0663674675091385,0.06585422880181573,0.05602285623043277,0.05578334483368214,0.07509252553362569,0.07509252553362569,0.05714057608193571,0.05714057608193571,0.0596611484001209,0.03190063698626231,0.06677805847499672,0.05399271201035602,0.055030594729608744,0.05614831458111168,0.056057072144254295,0.026505927907069578,0.06089292129769556,0.06400656945545373,0.057688030703080005,0.09112838381131064,0.09071779284545242,0.07448804438944553,0.04940777955827255,0.05499637881578722
Minimax Approval Voting (MAV),0.2160324366863028,0.20268366817406777,0.14481315259727298,0.24299001465581643,0.23375171792400645,0.23431057784975792,0.2303301265418546,0.23212075936518076,0.23212075936518076,0.23212075936518076,0.23212075936518076,0.2351545703906887,0.23212075936518076,0.2351545703906887,0.0,0.2351545703906887,0.23212075936518076,0.23323847921668367,0.2707847419834965,0.243754170064497,0.24541934453714423,0.23534846056901065,0.23513175978147435,0.23504051734461698,0.23651180163894228,0.23433338845897228,0.2354054870920465,0.2349948961261883,0.23456149455111572,0.2523309591290909,0.23589591519015493,0.2356678090980115,0.23362625957332755,0.24221445394252866,0.24221445394252866,0.23699082443244354,0.23814276019776798,0.24221445394252866,0.23952280205523588,0.24221445394252866,0.24221445394252866,0.23693379790940766,0.24221445394252866,0.23952280205523588,0.23971669223355782,0.23538267648283218,0.23647758572512076,0.24221445394252866,0.24221445394252866,0.23311302086600477,0.23311302086600477,0.23508613856304567,0.23421933541290055,0.2340254452345786,0.2351545703906887,0.23588450988554777,0.23556516135654693,0.23538267648283218,0.23413949828065034,0.23392279749311404,0.2336946914009706,0.23541689239665367,0.23455008924650855,0.24263645021299407,0.23328410043511236,0.23337534287196976,0.23404825584379294
Method of Equal Shares (aka Rule X) with Phragmén phase,0.05260297564397201,0.0694697103622895,0.2767040950746192,0.24481486339296407,0.09715038464389787,0.00212138665693414,0.050365825145275066,0.010538501457027663,0.010538501457027663,0.010538501457027663,0.010538501457027663,0.0,0.010538501457027663,0.0,0.2351545703906887,0.0,0.010538501457027663,0.1258917522539733,0.23610121067308404,0.14858830842224718,0.18843844271970894,0.047799631608661186,0.0512326282954202,0.0566387426792201,0.041503903465501805,0.06222734193673478,0.0582354853242243,0.056672958593041625,0.05684403816214922,0.11211414428850859,0.05956990596326352,0.058383754284117545,0.061976425235376977,0.06785015710807096,0.07712266975370245,0.06332225117902336,0.06239842150584237,0.06738253961917688,0.06410921719691828,0.06782734649885662,0.06886522921810934,0.060322656067336916,0.0735756200208717,0.0663674675091385,0.06585422880181573,0.05602285623043277,0.05578334483368214,0.07509252553362569,0.07509252553362569,0.05714057608193571,0.05714057608193571,0.0596611484001209,0.03190063698626231,0.06677805847499672,0.05399271201035602,0.055030594729608744,0.05614831458111168,0.056057072144254295,0.026505927907069578,0.06089292129769556,0.06400656945545373,0.057688030703080005,0.09112838381131064,0.09071779284545242,0.07448804438944553,0.04940777955827255,0.05499637881578722
E Pluribus Hugo (EPH),0.0512685550049328,0.0678729677172853,0.27458270841768506,0.24490610582982145,0.09717319525311222,0.008599599673808288,0.04916826816152192,0.0,0.0,0.0,0.0,0.010538501457027663,0.0,0.010538501457027663,0.23212075936518076,0.010538501457027663,0.0,0.12550397189732945,0.23668288120804987,0.1490103046927126,0.18909995038692495,0.048495355189698726,0.05181429883038601,0.057505545829365234,0.043454210553328355,0.06215891010909174,0.05888558768683315,0.05725462912800744,0.05709495486350702,0.11543308792919586,0.06026562954430106,0.059398826394155925,0.06199923584459132,0.06994873315579075,0.07879924953095685,0.06400656945545373,0.06355035727116681,0.06952673688532536,0.06571736514652965,0.06992592254657641,0.0711462901395439,0.061018379648374456,0.07566279076398433,0.06803264198178573,0.06705178578556886,0.05679841694372052,0.05677560633450618,0.07707704853527375,0.07707704853527375,0.05708354955889985,0.05708354955889985,0.060242818935086706,0.035595955678986296,0.06680086908421107,0.05477967802825094,0.05617112519032602,0.056992307122042465,0.05684403816214922,0.031763773330976235,0.060710436423980794,0.06399516415084656,0.05839515958872472,0.09152756947256169,0.09221188774899206,0.07503549901058983,0.04901999920162868,0.05560085995996738
Random Serial Dictator,0.13159839641417226,0.1379699698329693,0.2633826992934414,0.24545356045096575,0.14883922512360498,0.12584613103554462,0.130556521838307,0.12550397189732945,0.12550397189732945,0.12550397189732945,0.12550397189732945,0.1258917522539733,0.12550397189732945,0.1258917522539733,0.23323847921668367,0.1258917522539733,0.12550397189732945,0.0,0.23913502169859202,0.18688732129313343,0.20880831674811956,0.1301345255678416,0.13213045387409683,0.13299725702424198,0.1288685367564454,0.13544939751478413,0.13437729888170988,0.1340807609619234,0.13427465114024534,0.15649218451501792,0.1348335110659968,0.1335675222546006,0.13562047708389172,0.13758218947632544,0.1419960423593013,0.13648728023403686,0.13597404152671408,0.13775326904543303,0.1363846324925723,0.1375935947809326,0.13824369714354146,0.13497037472128287,0.14035367849586844,0.13733127277496765,0.1369663030275381,0.13413778748495925,0.1341605980941736,0.14092394372622707,0.14092394372622707,0.13440010949092424,0.13440010949092424,0.13454837845081746,0.12974674521119772,0.13690927650450224,0.1322331016155614,0.13242699179388334,0.13309990476570652,0.13411497687574492,0.12945020729141124,0.13527831794567655,0.13628198475110773,0.13459399966924618,0.1447789366834515,0.14532639130459576,0.1393157957766157,0.13162862047138124,0.13345346920852888
Anti-Plurality,0.23146666514595934,0.23107147134132086,0.27601977679818884,0.2458071248937881,0.21575414725388778,0.23618104780533425,0.23087758116299892,0.23668288120804987,0.23668288120804987,0.23668288120804987,0.23668288120804987,0.23610121067308404,0.23668288120804987,0.23610121067308404,0.2707847419834965,0.23610121067308404,0.23668288120804987,0.23913502169859202,0.0,0.22370364456508723,0.21485312818992114,0.22962299765620992,0.2264865388892374,0.2258478418312357,0.23039855836949766,0.2245020158875893,0.22520914477323403,0.22527757660087708,0.22524336068705555,0.22118307224690203,0.22515211825019818,0.225140712945591,0.22348694377755093,0.2214111783390455,0.2235781862144083,0.22296229976562099,0.22288246263337078,0.22228938679379778,0.22251749288594125,0.2213997730344383,0.2213997730344383,0.2243765575369104,0.2213997730344383,0.22239203453526235,0.22335008012226487,0.22423969388162435,0.22435374692769608,0.2224490610582982,0.2224490610582982,0.2246388795428754,0.2246388795428754,0.22532319781930576,0.22962299765620992,0.2213655571206168,0.22704539881498886,0.22666902376295214,0.22619000096945088,0.22422828857701718,0.2299993727082466,0.2248441750258045,0.2232474323808003,0.22347553847294377,0.22881322102910062,0.2272735049071323,0.22806047092502724,0.22744458447623989,0.2243081257092674
Two-Approval,0.13627457130311307,0.13719440911968156,0.2758372919244741,0.24495172704825013,0.10887503778007152,0.14861111903146154,0.14268036063573167,0.1490103046927126,0.1490103046927126,0.1490103046927126,0.1490103046927126,0.14858830842224718,0.1490103046927126,0.14858830842224718,0.243754170064497,0.14858830842224718,0.1490103046927126,0.18688732129313343,0.22370364456508723,0.0,0.13538096568714109,0.14253209167583844,0.1325638554491694,0.13709176137821702,0.14473331546502277,0.13377281773752972,0.13249542362152636,0.12981517703884077,0.12927912772230366,0.17935982025239938,0.13384124956517277,0.13595123091749972,0.12567505146643704,0.13250682892613355,0.1427487924633747,0.12532148702361467,0.12716914636997667,0.13385265486977993,0.13129786663777324,0.13251823423074072,0.13378422304213688,0.12954144972826862,0.1388481782877216,0.13402373443888752,0.13283758275974156,0.12832108213530113,0.12885713145183825,0.14077567476633382,0.14077567476633382,0.1263593697428674,0.1263593697428674,0.13296304111042045,0.13309990476570652,0.123428206458824,0.13595123091749972,0.13607668926817862,0.13519848081342634,0.12829827152608678,0.13401232913428035,0.1251846233683286,0.12301761549296578,0.12792189647405008,0.1058184161453492,0.11423553094544273,0.1140758566809423,0.13698911363675245,0.13572312482535628
Three-Approval,0.17134588297016942,0.17003028108373205,0.27468535615914963,0.24579571958918092,0.1241011194306472,0.18858671167960217,0.1788579868496838,0.18909995038692495,0.18909995038692495,0.18909995038692495,0.18909995038692495,0.18843844271970894,0.18909995038692495,0.18843844271970894,0.24541934453714423,0.18843844271970894,0.18909995038692495,0.20880831674811956,0.21485312818992114,0.13538096568714109,0.0,0.17884658154507663,0.16874148166312153,0.17069178875094806,0.18138996447247616,0.16358628398067943,0.16650604196011565,0.16487508340128995,0.16412233329721654,0.20474802830796604,0.16755532998397554,0.16991622803766032,0.15676591182559008,0.16583312898829244,0.1749573726740307,0.15937772658063265,0.16143068140992375,0.16717895493193885,0.16476103035521822,0.16586734490211397,0.16725879206418906,0.16470400383218234,0.17129626989512822,0.16720176554115318,0.16619809873572197,0.16197813603106806,0.16271948083053428,0.17297284967238263,0.17297284967238263,0.15960583267277612,0.15960583267277612,0.16638058360943675,0.17144453885502148,0.14951213809542818,0.17143313355041429,0.17112519032602064,0.17064616753251938,0.16192110950803218,0.1723113420051666,0.16067793130585034,0.1545418774271914,0.15968566980502633,0.12700947210547625,0.15007099802117965,0.1409467543354414,0.17123924337209237,0.16735003450104644
Instant Runoff,0.05722497533602879,0.05505340533882309,0.2791106143467327,0.24448410955935607,0.08617848161179764,0.04806195361462616,0.01607007419150647,0.048495355189698726,0.048495355189698726,0.048495355189698726,0.048495355189698726,0.047799631608661186,0.048495355189698726,0.047799631608661186,0.23534846056901065,0.047799631608661186,0.048495355189698726,0.1301345255678416,0.22962299765620992,0.14253209167583844,0.17884658154507663,0.0,0.030577621651830266,0.01782649110101108,0.01998209367176674,0.05352509452146193,0.03671367553048923,0.038698198532137296,0.0400782403896052,0.10855568925107068,0.036439948219917084,0.022491260685344752,0.04604321469915658,0.05151776091059952,0.06255809577034278,0.0470810974184093,0.04556419190565532,0.048803298414092394,0.04667050645255108,0.051529166215206694,0.051837109439600355,0.04218822174193217,0.05784770496758042,0.04963588565041601,0.04908843102927171,0.04246194905250432,0.0412986079825727,0.06026562954430106,0.06026562954430106,0.04419555535279458,0.04419555535279458,0.03781999007738499,0.03934830089474615,0.05272672319895984,0.012340539584960966,0.015967426450041913,0.01697109325547312,0.04241632783407563,0.0398273236882474,0.04482284710618909,0.048404112752841344,0.04201714217282458,0.08194711360253654,0.08233489395918041,0.06610514550317352,0.03638292169688122,0.034090455470839484
Bottom-Two-Runoff Instant Runoff,0.054976419532724675,0.04078536927524992,0.2810267055207377,0.24465518912846365,0.07333610862412109,0.051289654818456064,0.03732956197927656,0.05181429883038601,0.05181429883038601,0.05181429883038601,0.05181429883038601,0.0512326282954202,0.05181429883038601,0.0512326282954202,0.23513175978147435,0.0512326282954202,0.05181429883038601,0.13213045387409683,0.2264865388892374,0.1325638554491694,0.16874148166312153,0.030577621651830266,0.0,0.018214271457654956,0.034341372172197286,0.0347975843564842,0.019674150447373074,0.018807347297227942,0.019628529228944383,0.10629743893885046,0.021567431012163758,0.01859064650969166,0.027213056792714293,0.036759296748917925,0.05032020392684638,0.02952833362797037,0.02753240532171513,0.0342957509537686,0.0300187617260788,0.036759296748917925,0.03804809616952845,0.02169288936284266,0.045233438072047306,0.033257868234515875,0.03439839869523315,0.02240001824848737,0.021077002914055325,0.04790227935012575,0.04790227935012575,0.0243161094224924,0.0243161094224924,0.021727105276664178,0.02312995774334643,0.03642854291530991,0.0182370820668693,0.01913810113083595,0.018499404072834274,0.022365802334665855,0.024726700388350623,0.024202056376420672,0.030988212617688488,0.022856230432774283,0.06953814218993254,0.07220698346801097,0.05444892419464293,0.028159697075109635,0.023346658530882712
Benham,0.05945984477380428,0.04183465729910982,0.28079859942859425,0.2443016246856413,0.07654099921873664,0.05687825407597073,0.029676602587863615,0.057505545829365234,0.057505545829365234,0.057505545829365234,0.057505545829365234,0.0566387426792201,0.057505545829365234,0.0566387426792201,0.23504051734461698,0.0566387426792201,0.057505545829365234,0.13299725702424198,0.2258478418312357,0.13709176137821702,0.17069178875094806,0.01782649110101108,0.018214271457654956,0.0,0.029539738932577542,0.04200573686821741,0.023346658530882712,0.025433829273995335,0.0267910605222489,0.10618338589277873,0.023232605484810986,0.006318538752373729,0.03221998551526315,0.03841306591695798,0.05025177209920334,0.032790250745621786,0.031547072543439955,0.03563017159280781,0.03316662579765849,0.038447281830779494,0.03890349401506641,0.02781753793689445,0.04539311233654773,0.036439948219917084,0.03560736098359347,0.029870492766185554,0.028707151696253926,0.04783384752248271,0.04783384752248271,0.03134177706051084,0.03134177706051084,0.024099408634956118,0.02927741692661257,0.03959921759610395,0.005485951516050115,0.00799511852962813,0.008246035230985932,0.029836276852364035,0.03013281477215053,0.030703080002509167,0.03452385704591206,0.028764178219289793,0.07339313514715694,0.07543468467184088,0.057984568622866495,0.026163768768854394,0.017472926658188722
PluralityWRunoff PUT,0.05681096277878843,0.05847499672097493,0.27940715226651913,0.24441567773171302,0.08866483801616132,0.04175482016685961,0.030417947387329846,0.043454210553328355,0.043454210553328355,0.043454210553328355,0.043454210553328355,0.041503903465501805,0.043454210553328355,0.041503903465501805,0.23651180163894228,0.041503903465501805,0.043454210553328355,0.1288685367564454,0.23039855836949766,0.14473331546502277,0.18138996447247616,0.01998209367176674,0.034341372172197286,0.029539738932577542,0.0,0.05506481064343026,0.039701865337568504,0.04153811937932332,0.042598812707790396,0.10751780653181794,0.03934830089474615,0.031786583940190585,0.04871205597723501,0.052624075457495284,0.06397235354163221,0.04895156737398564,0.047571525516517735,0.050194745576167474,0.048734866586449356,0.052635480762102456,0.0529092080726746,0.044389445531116525,0.05920493621583398,0.05171165108892146,0.05102733281249109,0.045313275204297516,0.04401307047907982,0.061622860792554614,0.061622860792554614,0.04704688150458779,0.04704688150458779,0.04078536927524992,0.038926304624280754,0.05552102282771717,0.026950734786749315,0.027213056792714293,0.02925460631739822,0.04526765398586883,0.03835603939392211,0.04732060881515993,0.051050143421705434,0.04462895692786715,0.08467298140365084,0.0841027161732922,0.06867133903978741,0.03811652799717148,0.03507131166705635
Coombs,0.059259681677948414,0.04563262373329836,0.2797835273185559,0.24451832547317756,0.06977765358668317,0.062352800287413676,0.05521307960332351,0.06215891010909174,0.06215891010909174,0.06215891010909174,0.06215891010909174,0.06222734193673478,0.06215891010909174,0.06222734193673478,0.23433338845897228,0.06222734193673478,0.06215891010909174,0.13544939751478413,0.2245020158875893,0.13377281773752972,0.16358628398067943,0.05352509452146193,0.0347975843564842,0.04200573686821741,0.05506481064343026,0.0,0.03083994365779524,0.02781753793689445,0.02696214009135649,0.10774591262396141,0.032630576481121366,0.04136703981021573,0.031056644445331523,0.04253038088014736,0.05531572734478806,0.033474569022052154,0.03367986450498127,0.04099066475817903,0.03691897101341834,0.04254178618475453,0.04392182804222244,0.03159269376186864,0.05055971532359701,0.040032619171176516,0.04058007379232081,0.028034238724430734,0.0274183522756434,0.05305747703256785,0.05305747703256785,0.027509594712500782,0.027509594712500782,0.03247090221662095,0.037215508933204834,0.036280273955416664,0.04186887321293133,0.041720604253038085,0.04161795651157353,0.027965806896787695,0.03786561129581368,0.029961735203042936,0.03292711440090786,0.028205318293538326,0.0645654293812052,0.0694240891438608,0.052395969365351826,0.04266724453543343,0.03889208871045923
Baldwin,0.059297319183152085,0.0400782403896052,0.28134605404973856,0.24435865120867717,0.07290270704904851,0.058303917151867335,0.04246194905250432,0.05888558768683315,0.05888558768683315,0.05888558768683315,0.05888558768683315,0.0582354853242243,0.05888558768683315,0.0582354853242243,0.2354054870920465,0.0582354853242243,0.05888558768683315,0.13437729888170988,0.22520914477323403,0.13249542362152636,0.16650604196011565,0.03671367553048923,0.019674150447373074,0.023346658530882712,0.039701865337568504,0.03083994365779524,0.0,0.008611004978415462,0.01244318732642552,0.10571576840388465,0.006763345632053468,0.021065597609448154,0.02438454125013544,0.035208175322342425,0.049955234179416844,0.02687089765449911,0.02403097680731308,0.03103383383611718,0.027121814355856907,0.03523098593155677,0.036132004995523416,0.018567835900477312,0.044389445531116525,0.03095399670386697,0.03191204229086948,0.01705093038772333,0.015157649822932646,0.047343419424374276,0.047343419424374276,0.020164578545481503,0.020164578545481503,0.009454997519346248,0.030281083732043773,0.03592670951259431,0.024373135945528264,0.0243161094224924,0.022502665989951928,0.01700530916929464,0.03172955741715472,0.023278226703239677,0.02936865936346995,0.016993903864687465,0.06731410779153384,0.06991451724196925,0.05363914756753366,0.03258495526269268,0.024658268560707585
Strict Nanson,0.056810392513558045,0.03886927810124489,0.28125481161288113,0.24424459816260544,0.0700171649834338,0.05674139042068466,0.0432261044611849,0.05725462912800744,0.05725462912800744,0.05725462912800744,0.05725462912800744,0.056672958593041625,0.05725462912800744,0.056672958593041625,0.2349948961261883,0.056672958593041625,0.05725462912800744,0.1340807609619234,0.22527757660087708,0.12981517703884077,0.16487508340128995,0.038698198532137296,0.018807347297227942,0.025433829273995335,0.04153811937932332,0.02781753793689445,0.008611004978415462,0.0,0.005246440119299486,0.10578420023152768,0.01280815707385505,0.023825681324383972,0.020426900551446477,0.03483180027030572,0.05001226070245271,0.024646863256100413,0.02186396893195025,0.03199187942311969,0.025969878590532458,0.03486601618412724,0.03649697474295295,0.015020786167646573,0.04457193040483129,0.02977925032932817,0.03191204229086948,0.013754797356250391,0.011439520520994315,0.04748028307966035,0.04748028307966035,0.01578494157632715,0.01578494157632715,0.012899399510712433,0.028490450908717643,0.03305257275158676,0.026357658947176333,0.02626641651031895,0.02517150726803036,0.013674960224000183,0.030167030685972044,0.01936620722297941,0.026403280165605024,0.013971498143786676,0.0648961832148132,0.06811247911403594,0.050753605501918944,0.03126193992826063,0.024863564043636696
Weak Nanson,0.056051369491950706,0.03781999007738499,0.2810951373483807,0.24443848834092738,0.06856869129832285,0.0569352805990066,0.043362968116470973,0.05709495486350702,0.05709495486350702,0.05709495486350702,0.05709495486350702,0.05684403816214922,0.05709495486350702,0.05684403816214922,0.23456149455111572,0.05684403816214922,0.05709495486350702,0.13427465114024534,0.22524336068705555,0.12927912772230366,0.16412233329721654,0.0400782403896052,0.019628529228944383,0.0267910605222489,0.042598812707790396,0.02696214009135649,0.01244318732642552,0.005246440119299486,0.0,0.10628603363424328,0.016378017415900135,0.025274155009494915,0.01917231704465747,0.03569860342045085,0.0504798781913468,0.023061525915703394,0.022183317460951087,0.03307538336080111,0.02672262869460586,0.03573281933427237,0.037455020329955464,0.015933210536220398,0.04505095319833254,0.03042935269193702,0.03202609533694121,0.014393494414252068,0.01244318732642552,0.048027737700804644,0.048027737700804644,0.01464441111560987,0.01464441111560987,0.015807752185541497,0.028661530477825235,0.03158128845726147,0.02773770080464424,0.02761224245396534,0.026574359734712616,0.014325062586609032,0.030338110255079636,0.017393089525938515,0.02450999960081434,0.014496142155716624,0.063892516409382,0.06727989187771233,0.04979555991491643,0.03137599297433236,0.02496621178510125
Iterated Removal Condorcet Loser,0.11709769213661274,0.11590070541808996,0.2857142857142857,0.24466659443307082,0.13452556784160313,0.1121483602023301,0.11331170127226173,0.11543308792919586,0.11543308792919586,0.11543308792919586,0.11543308792919586,0.11211414428850859,0.11543308792919586,0.11211414428850859,0.2523309591290909,0.11211414428850859,0.11543308792919586,0.15649218451501792,0.22118307224690203,0.17935982025239938,0.20474802830796604,0.10855568925107068,0.10629743893885046,0.10618338589277873,0.10751780653181794,0.10774591262396141,0.10571576840388465,0.10578420023152768,0.10628603363424328,0.0,0.10475772281688213,0.10539641987488381,0.10803104523914073,0.08657766727304869,0.06844323294764396,0.10213450275723239,0.09984203653119066,0.08818581522266006,0.09199518696145577,0.08648642483619132,0.08282532205728885,0.10110802534258684,0.06244404272427106,0.0807039354003547,0.09348928186499542,0.10517971908734752,0.10386810905752265,0.0711462901395439,0.0711462901395439,0.10827055663589136,0.10827055663589136,0.10582982144995637,0.10619479119738591,0.10801963993453355,0.10626322302502894,0.10494020769059689,0.1055674994439914,0.10515690847813318,0.1070387837383167,0.1071984580028171,0.10813369298060528,0.10536220396106229,0.11798787616120257,0.10641149198492218,0.11541027731998152,0.10925141283210821,0.10758623835946099
