,NN,Min Violations Committee,Max Violations Committee,Random Choice,Borda ranking,Plurality ranking,STV,Approval Voting (AV),Proportional Approval Voting (PAV),Approval Chamberlin-Courant (CC),Lexicographic Chamberlin-Courant (lex-CC),Sequential Approval Chamberlin-Courant (seq-CC),Monroe's Approval Rule (Monroe),Greedy Monroe,Minimax Approval Voting (MAV),Method of Equal Shares (aka Rule X) with Phragmén phase,E Pluribus Hugo (EPH),Random Serial Dictator,Anti-Plurality,Two-Approval,Three-Approval,Instant Runoff,Bottom-Two-Runoff Instant Runoff,Benham,PluralityWRunoff PUT,Coombs,Baldwin,Strict Nanson,Weak Nanson,Iterated Removal Condorcet Loser,Raynaud,Tideman Alternative Top Cycle,Knockout Voting,Banks,Condorcet,Copeland,Llull,Uncovered Set,Uncovered Set - Fishburn,Uncovered Set - Bordes,Uncovered Set - McKelvey,Slater,Top Cycle,GOCHA,Bipartisan Set,Minimax,Split Cycle,Ranked Pairs ZT,Ranked Pairs TB,Simple Stable Voting,Stable Voting,Loss-Trimmer Voting,Daunou,Blacks,Condorcet IRV,Condorcet IRV PUT,Smith IRV,Smith-Minimax,Condorcet Plurality,Copeland-Local-Borda,Copeland-Global-Borda,Borda-Minimax Faceoff,Bucklin,Simplified Bucklin,Weighted Bucklin,Bracket Voting,Superior Voting
Min Violations Committee,0.21876286660925998,0.0,0.2734307726523606,0.24545356045096575,0.046157267745228305,0.07690596896616617,0.026323443033354814,0.07295973357208438,0.07295973357208438,0.07295973357208438,0.07295973357208438,0.07792104107620454,0.07295973357208438,0.07792104107620454,0.22940629686867361,0.07792104107620454,0.07295973357208438,0.17694189567567875,0.20616228607925546,0.08912105020044823,0.20616228607925546,0.05612550397189733,0.04892875676477129,0.049578859127380144,0.0571861973003644,0.05707214425429267,0.049670101564237526,0.048039143005411816,0.04271286575386212,0.1795651157353285,0.05200818900870795,0.05208802614095816,0.03193485290008383,0.06037968259037278,0.06777031997582075,0.04453771449100977,0.049749938696487736,0.06022000832587236,0.049749938696487736,0.06037968259037278,0.06355035727116681,0.049749938696487736,0.06355035727116681,0.049749938696487736,0.03654259596138164,0.0487576771956637,0.0487576771956637,0.06355035727116681,0.06355035727116681,0.03259636056729985,0.03259636056729985,0.04839270744823417,0.04644240036040762,0.03701021345027573,0.049578859127380144,0.05197397309488643,0.05208802614095816,0.0487576771956637,0.04175482016685961,0.04288394532296971,0.03193485290008383,0.0487576771956637,0.08868764862537566,0.20228448251281672,0.06928722548857473,0.033793917551052995,0.035595955678986296
Max Violations Committee,0.22873566495777184,0.2734307726523606,0.0,0.24443848834092738,0.28190491397549,0.27668128446540485,0.28091265247466596,0.27328250369246737,0.27328250369246737,0.27328250369246737,0.27328250369246737,0.27773057248926475,0.27328250369246737,0.27773057248926475,0.04404728639290134,0.27773057248926475,0.27328250369246737,0.25828452813403513,0.2853835318806777,0.2757802654014382,0.2853835318806777,0.2821216147630263,0.28331917174677945,0.2829998232177786,0.2831024709592431,0.2817452397109896,0.28385522106331657,0.2840034900232098,0.2838894369771381,0.28566866449585704,0.28380959984488785,0.28302263382699294,0.28406051654624564,0.285075588656284,0.2857142857142857,0.2857142857142857,0.2857142857142857,0.2852238576161773,0.2857142857142857,0.285075588656284,0.2857142857142857,0.2857142857142857,0.2856230432774283,0.2857142857142857,0.2854747743175351,0.28472202421346166,0.28472202421346166,0.2853835318806777,0.2853835318806777,0.28472202421346166,0.28472202421346166,0.28435705446603216,0.28260063755652753,0.28328495583295793,0.2829998232177786,0.28364992558038743,0.28302263382699294,0.28472202421346166,0.282566421642706,0.28406051654624564,0.28406051654624564,0.28472202421346166,0.27584869722908123,0.2851896417023558,0.27777619370769346,0.2828743648670997,0.2835358725343157
Random Choice,0.2450218696715843,0.24545356045096575,0.24443848834092738,0.0,0.2456360453246805,0.2451798331403936,0.2457615036753594,0.24570447715232355,0.24570447715232355,0.24570447715232355,0.24570447715232355,0.24528248088185814,0.24570447715232355,0.24528248088185814,0.24448410955935607,0.24528248088185814,0.24570447715232355,0.24624052646886066,0.2452254543588223,0.24575009837075223,0.2452254543588223,0.24606944689975307,0.2458869620260383,0.2460580415951459,0.24614928403200328,0.24553339758321596,0.24592117793985982,0.24578431428457376,0.24565885593389486,0.24614928403200328,0.2458527461122168,0.24604663629053872,0.2456474506292877,0.24601242037671722,0.2460238256813244,0.2459667991582885,0.2459667991582885,0.24616068933661045,0.2459667991582885,0.24601242037671722,0.24617209464121764,0.2459667991582885,0.24612647342278893,0.2459667991582885,0.2458071248937881,0.2457615036753594,0.2457615036753594,0.24582993550300244,0.24582993550300244,0.24569307184771638,0.24569307184771638,0.24581853019839528,0.24609225750896743,0.24559042410625181,0.2460580415951459,0.24616068933661045,0.24604663629053872,0.2457615036753594,0.24575009837075223,0.2457158824569307,0.2456474506292877,0.2457615036753594,0.2458071248937881,0.24536231801410835,0.2458869620260383,0.2457615036753594,0.2456816665431092
Borda ranking,0.2203789982720963,0.046157267745228305,0.28190491397549,0.2456360453246805,0.0,0.06627622507228112,0.051369491950706274,0.06789577832649965,0.06789577832649965,0.06789577832649965,0.06789577832649965,0.06647011525060306,0.06789577832649965,0.06647011525060306,0.24586415141682397,0.06647011525060306,0.06789577832649965,0.1745695923173868,0.18444658610719847,0.07108926361650804,0.18444658610719847,0.049202484075343444,0.03891489931967358,0.04348842646714987,0.04901999920162868,0.048358491534412656,0.0413784451148229,0.038937709928887926,0.028570288040967853,0.16717895493193885,0.04487987362922495,0.04377355908232919,0.016492070461971865,0.04469738875551019,0.06887663452271651,0.03462650478737661,0.03983872899285457,0.04752590429808904,0.03983872899285457,0.04469738875551019,0.04784525282708988,0.03983872899285457,0.049510427299737106,0.03983872899285457,0.045860729825441815,0.03641713761070274,0.03641713761070274,0.053707579395176695,0.053707579395176695,0.020255820982338885,0.020255820982338885,0.04198292625900306,0.040329157090963005,0.011986975142138609,0.04348842646714987,0.044606146318652805,0.04377355908232919,0.03641713761070274,0.04020369874028411,0.027441162884857748,0.016492070461971865,0.03641713761070274,0.07065586204143547,0.180454729494688,0.048358491534412656,0.03854992957224405,0.03696459223184703
Plurality ranking,0.2211904856948967,0.07690596896616617,0.27668128446540485,0.2451798331403936,0.06627622507228112,0.0,0.06769048284357054,0.025650530061531618,0.025650530061531618,0.025650530061531618,0.025650530061531618,0.006056216746408755,0.025650530061531618,0.006056216746408755,0.2453052914910725,0.006056216746408755,0.025650530061531618,0.1705435197910548,0.181116237161904,0.13207342735106098,0.181116237161904,0.05882856116379728,0.0605393568548732,0.06390392171398918,0.06516991052538536,0.08981677378148577,0.07235525242790422,0.07119191135797259,0.06915036183328867,0.1764172516637488,0.07392918446369406,0.0661165508077807,0.06722286535467646,0.07408885872819448,0.09481229719942745,0.07083834691515023,0.0718192031113671,0.07569700667780585,0.0718192031113671,0.07408885872819448,0.07583387033309193,0.0718192031113671,0.0765524045233438,0.0718192031113671,0.07486441944148223,0.07056461960457809,0.07056461960457809,0.07988275346863827,0.07988275346863827,0.06767907753896338,0.06767907753896338,0.07233244181868988,0.04400166517447265,0.06651573646903175,0.06390392171398918,0.06854588068910851,0.0661165508077807,0.07056461960457809,0.039017547061138136,0.06912755122407431,0.06722286535467646,0.07056461960457809,0.1316400257759884,0.1772156229862509,0.1113956100982567,0.047092502723016474,0.05650187902393403
STV,0.21895333519619975,0.026323443033354814,0.28091265247466596,0.2457615036753594,0.051369491950706274,0.06769048284357054,0.0,0.06213609949987739,0.06213609949987739,0.06213609949987739,0.06213609949987739,0.06893366104575238,0.06213609949987739,0.06893366104575238,0.23882707847419835,0.06893366104575238,0.06213609949987739,0.17369138386263452,0.20376717211174916,0.10050354419840668,0.20376717211174916,0.040888017016714476,0.050833442634169154,0.04355685829479291,0.04409290761133003,0.06570595984192248,0.05302326111874633,0.05171165108892146,0.04903140450623585,0.17909749824643442,0.05540696978164544,0.04606602530837092,0.0395764069868896,0.06139475470041116,0.07131736970865149,0.04992101826559533,0.05427784462553534,0.06359597848959551,0.05427784462553534,0.06139475470041116,0.06445137633513347,0.05427784462553534,0.0649418044332419,0.05427784462553534,0.044389445531116525,0.052555643629852246,0.052555643629852246,0.06545504314056468,0.06545504314056468,0.038230581043243214,0.038230581043243214,0.05172305639352863,0.04539311233654773,0.04262162331700474,0.04355685829479291,0.04641958975119328,0.04606602530837092,0.052555643629852246,0.040865206407500125,0.04954464321355863,0.0395764069868896,0.052555643629852246,0.10007014262333411,0.19990077384991758,0.08036177626213951,0.03220858021065598,0.029380064668077122
Approval Voting (AV),0.21937647199712587,0.07295973357208438,0.27328250369246737,0.24570447715232355,0.06789577832649965,0.025650530061531618,0.06213609949987739,0.0,0.0,0.0,0.0,0.031706746807940375,0.0,0.031706746807940375,0.2393061012676996,0.031706746807940375,0.0,0.17036103491734006,0.2008588194369201,0.1334876851223504,0.2008588194369201,0.06394954293241786,0.06470229303649128,0.06893366104575238,0.07029089229400594,0.0928619901116009,0.07704283262145224,0.07574262789623454,0.07224119938183249,0.1861459764936672,0.07895892379545727,0.07128315379482998,0.06819231624628615,0.08211819317164414,0.09874712728890207,0.0755943589363413,0.07772715089788261,0.08309904936786099,0.07772715089788261,0.08211819317164414,0.0841027161732922,0.07772715089788261,0.08499232993265167,0.07772715089788261,0.07752185541495349,0.07546890058566239,0.07546890058566239,0.08809457278580268,0.08809457278580268,0.06927582018396757,0.06927582018396757,0.07700861670763072,0.054483140108464445,0.067918588935714,0.06893366104575238,0.0735756200208717,0.07128315379482998,0.07546890058566239,0.04970431747805905,0.07225260468643967,0.06819231624628615,0.07546890058566239,0.13305428354727783,0.19694679995665984,0.11251332994975963,0.04774260508562533,0.059467258221798956
Proportional Approval Voting (PAV),0.21937647199712587,0.07295973357208438,0.27328250369246737,0.24570447715232355,0.06789577832649965,0.025650530061531618,0.06213609949987739,0.0,0.0,0.0,0.0,0.031706746807940375,0.0,0.031706746807940375,0.2393061012676996,0.031706746807940375,0.0,0.17036103491734006,0.2008588194369201,0.1334876851223504,0.2008588194369201,0.06394954293241786,0.06470229303649128,0.06893366104575238,0.07029089229400594,0.0928619901116009,0.07704283262145224,0.07574262789623454,0.07224119938183249,0.1861459764936672,0.07895892379545727,0.07128315379482998,0.06819231624628615,0.08211819317164414,0.09874712728890207,0.0755943589363413,0.07772715089788261,0.08309904936786099,0.07772715089788261,0.08211819317164414,0.0841027161732922,0.07772715089788261,0.08499232993265167,0.07772715089788261,0.07752185541495349,0.07546890058566239,0.07546890058566239,0.08809457278580268,0.08809457278580268,0.06927582018396757,0.06927582018396757,0.07700861670763072,0.054483140108464445,0.067918588935714,0.06893366104575238,0.0735756200208717,0.07128315379482998,0.07546890058566239,0.04970431747805905,0.07225260468643967,0.06819231624628615,0.07546890058566239,0.13305428354727783,0.19694679995665984,0.11251332994975963,0.04774260508562533,0.059467258221798956
Approval Chamberlin-Courant (CC),0.21937647199712587,0.07295973357208438,0.27328250369246737,0.24570447715232355,0.06789577832649965,0.025650530061531618,0.06213609949987739,0.0,0.0,0.0,0.0,0.031706746807940375,0.0,0.031706746807940375,0.2393061012676996,0.031706746807940375,0.0,0.17036103491734006,0.2008588194369201,0.1334876851223504,0.2008588194369201,0.06394954293241786,0.06470229303649128,0.06893366104575238,0.07029089229400594,0.0928619901116009,0.07704283262145224,0.07574262789623454,0.07224119938183249,0.1861459764936672,0.07895892379545727,0.07128315379482998,0.06819231624628615,0.08211819317164414,0.09874712728890207,0.0755943589363413,0.07772715089788261,0.08309904936786099,0.07772715089788261,0.08211819317164414,0.0841027161732922,0.07772715089788261,0.08499232993265167,0.07772715089788261,0.07752185541495349,0.07546890058566239,0.07546890058566239,0.08809457278580268,0.08809457278580268,0.06927582018396757,0.06927582018396757,0.07700861670763072,0.054483140108464445,0.067918588935714,0.06893366104575238,0.0735756200208717,0.07128315379482998,0.07546890058566239,0.04970431747805905,0.07225260468643967,0.06819231624628615,0.07546890058566239,0.13305428354727783,0.19694679995665984,0.11251332994975963,0.04774260508562533,0.059467258221798956
Lexicographic Chamberlin-Courant (lex-CC),0.21937647199712587,0.07295973357208438,0.27328250369246737,0.24570447715232355,0.06789577832649965,0.025650530061531618,0.06213609949987739,0.0,0.0,0.0,0.0,0.031706746807940375,0.0,0.031706746807940375,0.2393061012676996,0.031706746807940375,0.0,0.17036103491734006,0.2008588194369201,0.1334876851223504,0.2008588194369201,0.06394954293241786,0.06470229303649128,0.06893366104575238,0.07029089229400594,0.0928619901116009,0.07704283262145224,0.07574262789623454,0.07224119938183249,0.1861459764936672,0.07895892379545727,0.07128315379482998,0.06819231624628615,0.08211819317164414,0.09874712728890207,0.0755943589363413,0.07772715089788261,0.08309904936786099,0.07772715089788261,0.08211819317164414,0.0841027161732922,0.07772715089788261,0.08499232993265167,0.07772715089788261,0.07752185541495349,0.07546890058566239,0.07546890058566239,0.08809457278580268,0.08809457278580268,0.06927582018396757,0.06927582018396757,0.07700861670763072,0.054483140108464445,0.067918588935714,0.06893366104575238,0.0735756200208717,0.07128315379482998,0.07546890058566239,0.04970431747805905,0.07225260468643967,0.06819231624628615,0.07546890058566239,0.13305428354727783,0.19694679995665984,0.11251332994975963,0.04774260508562533,0.059467258221798956
Sequential Approval Chamberlin-Courant (seq-CC),0.22126975256191653,0.07792104107620454,0.27773057248926475,0.24528248088185814,0.06647011525060306,0.006056216746408755,0.06893366104575238,0.031706746807940375,0.031706746807940375,0.031706746807940375,0.031706746807940375,0.0,0.031706746807940375,0.0,0.24846456086725935,0.0,0.031706746807940375,0.17065757283712654,0.1796563581721859,0.1317654841266673,0.1796563581721859,0.05753976174318676,0.05967255370472807,0.06264933820720017,0.06388111110477483,0.08906402367741237,0.07143142275472322,0.07033651351243464,0.06845463825225112,0.17593822887024754,0.07293692296287003,0.06480494077795583,0.06701756987174735,0.07266319565229788,0.09457278580267682,0.07002857028804096,0.07082694161054306,0.07428274890651643,0.07082694161054306,0.07266319565229788,0.07453366560787422,0.07082694161054306,0.07534344223498349,0.07082694161054306,0.07438539664798098,0.06957235810375406,0.06957235810375406,0.07903876092770748,0.07903876092770748,0.06739394492378405,0.06739394492378405,0.07147704397315191,0.04120736554571531,0.06631044098610264,0.06264933820720017,0.06729129718231949,0.06480494077795583,0.06957235810375406,0.03616622090934494,0.06839761172921525,0.06701756987174735,0.06957235810375406,0.13133208255159476,0.17566450155967542,0.11093939791396978,0.04713812394144517,0.05586318196593235
Monroe's Approval Rule (Monroe),0.21937647199712587,0.07295973357208438,0.27328250369246737,0.24570447715232355,0.06789577832649965,0.025650530061531618,0.06213609949987739,0.0,0.0,0.0,0.0,0.031706746807940375,0.0,0.031706746807940375,0.2393061012676996,0.031706746807940375,0.0,0.17036103491734006,0.2008588194369201,0.1334876851223504,0.2008588194369201,0.06394954293241786,0.06470229303649128,0.06893366104575238,0.07029089229400594,0.0928619901116009,0.07704283262145224,0.07574262789623454,0.07224119938183249,0.1861459764936672,0.07895892379545727,0.07128315379482998,0.06819231624628615,0.08211819317164414,0.09874712728890207,0.0755943589363413,0.07772715089788261,0.08309904936786099,0.07772715089788261,0.08211819317164414,0.0841027161732922,0.07772715089788261,0.08499232993265167,0.07772715089788261,0.07752185541495349,0.07546890058566239,0.07546890058566239,0.08809457278580268,0.08809457278580268,0.06927582018396757,0.06927582018396757,0.07700861670763072,0.054483140108464445,0.067918588935714,0.06893366104575238,0.0735756200208717,0.07128315379482998,0.07546890058566239,0.04970431747805905,0.07225260468643967,0.06819231624628615,0.07546890058566239,0.13305428354727783,0.19694679995665984,0.11251332994975963,0.04774260508562533,0.059467258221798956
Greedy Monroe,0.22126975256191653,0.07792104107620454,0.27773057248926475,0.24528248088185814,0.06647011525060306,0.006056216746408755,0.06893366104575238,0.031706746807940375,0.031706746807940375,0.031706746807940375,0.031706746807940375,0.0,0.031706746807940375,0.0,0.24846456086725935,0.0,0.031706746807940375,0.17065757283712654,0.1796563581721859,0.1317654841266673,0.1796563581721859,0.05753976174318676,0.05967255370472807,0.06264933820720017,0.06388111110477483,0.08906402367741237,0.07143142275472322,0.07033651351243464,0.06845463825225112,0.17593822887024754,0.07293692296287003,0.06480494077795583,0.06701756987174735,0.07266319565229788,0.09457278580267682,0.07002857028804096,0.07082694161054306,0.07428274890651643,0.07082694161054306,0.07266319565229788,0.07453366560787422,0.07082694161054306,0.07534344223498349,0.07082694161054306,0.07438539664798098,0.06957235810375406,0.06957235810375406,0.07903876092770748,0.07903876092770748,0.06739394492378405,0.06739394492378405,0.07147704397315191,0.04120736554571531,0.06631044098610264,0.06264933820720017,0.06729129718231949,0.06480494077795583,0.06957235810375406,0.03616622090934494,0.06839761172921525,0.06701756987174735,0.06957235810375406,0.13133208255159476,0.17566450155967542,0.11093939791396978,0.04713812394144517,0.05586318196593235
Minimax Approval Voting (MAV),0.21750315071539778,0.22940629686867361,0.04404728639290134,0.24448410955935607,0.24586415141682397,0.2453052914910725,0.23882707847419835,0.2393061012676996,0.2393061012676996,0.2393061012676996,0.2393061012676996,0.24846456086725935,0.2393061012676996,0.24846456086725935,0.0,0.24846456086725935,0.2393061012676996,0.24499734826667882,0.2857142857142857,0.24939979584504754,0.2857142857142857,0.24962790193719098,0.2494112011496547,0.24952525419572644,0.2514299400651243,0.24942260645426187,0.250551731610372,0.25009551942608504,0.2485329926949024,0.27433179171632727,0.25119042866837366,0.25026659899519266,0.2458071248937881,0.254908557970312,0.254908557970312,0.25035784143205003,0.251806315117161,0.254908557970312,0.251806315117161,0.254908557970312,0.254908557970312,0.251806315117161,0.254908557970312,0.251806315117161,0.24831629190736612,0.25081405361633696,0.25081405361633696,0.254908557970312,0.254908557970312,0.24646863256100413,0.24646863256100413,0.2504490838689074,0.2476091630217214,0.24621771585964633,0.24952525419572644,0.2509737278808374,0.25026659899519266,0.25081405361633696,0.24637739012414675,0.24870407226400998,0.2458071248937881,0.25081405361633696,0.24936557993122602,0.28515542578853426,0.24628614768728935,0.24460956791003496,0.24600101507211003
Method of Equal Shares (aka Rule X) with Phragmén phase,0.22126975256191653,0.07792104107620454,0.27773057248926475,0.24528248088185814,0.06647011525060306,0.006056216746408755,0.06893366104575238,0.031706746807940375,0.031706746807940375,0.031706746807940375,0.031706746807940375,0.0,0.031706746807940375,0.0,0.24846456086725935,0.0,0.031706746807940375,0.17065757283712654,0.1796563581721859,0.1317654841266673,0.1796563581721859,0.05753976174318676,0.05967255370472807,0.06264933820720017,0.06388111110477483,0.08906402367741237,0.07143142275472322,0.07033651351243464,0.06845463825225112,0.17593822887024754,0.07293692296287003,0.06480494077795583,0.06701756987174735,0.07266319565229788,0.09457278580267682,0.07002857028804096,0.07082694161054306,0.07428274890651643,0.07082694161054306,0.07266319565229788,0.07453366560787422,0.07082694161054306,0.07534344223498349,0.07082694161054306,0.07438539664798098,0.06957235810375406,0.06957235810375406,0.07903876092770748,0.07903876092770748,0.06739394492378405,0.06739394492378405,0.07147704397315191,0.04120736554571531,0.06631044098610264,0.06264933820720017,0.06729129718231949,0.06480494077795583,0.06957235810375406,0.03616622090934494,0.06839761172921525,0.06701756987174735,0.06957235810375406,0.13133208255159476,0.17566450155967542,0.11093939791396978,0.04713812394144517,0.05586318196593235
E Pluribus Hugo (EPH),0.21937647199712587,0.07295973357208438,0.27328250369246737,0.24570447715232355,0.06789577832649965,0.025650530061531618,0.06213609949987739,0.0,0.0,0.0,0.0,0.031706746807940375,0.0,0.031706746807940375,0.2393061012676996,0.031706746807940375,0.0,0.17036103491734006,0.2008588194369201,0.1334876851223504,0.2008588194369201,0.06394954293241786,0.06470229303649128,0.06893366104575238,0.07029089229400594,0.0928619901116009,0.07704283262145224,0.07574262789623454,0.07224119938183249,0.1861459764936672,0.07895892379545727,0.07128315379482998,0.06819231624628615,0.08211819317164414,0.09874712728890207,0.0755943589363413,0.07772715089788261,0.08309904936786099,0.07772715089788261,0.08211819317164414,0.0841027161732922,0.07772715089788261,0.08499232993265167,0.07772715089788261,0.07752185541495349,0.07546890058566239,0.07546890058566239,0.08809457278580268,0.08809457278580268,0.06927582018396757,0.06927582018396757,0.07700861670763072,0.054483140108464445,0.067918588935714,0.06893366104575238,0.0735756200208717,0.07128315379482998,0.07546890058566239,0.04970431747805905,0.07225260468643967,0.06819231624628615,0.07546890058566239,0.13305428354727783,0.19694679995665984,0.11251332994975963,0.04774260508562533,0.059467258221798956
Random Serial Dictator,0.22409142492173104,0.17694189567567875,0.25828452813403513,0.24624052646886066,0.1745695923173868,0.1705435197910548,0.17369138386263452,0.17036103491734006,0.17036103491734006,0.17036103491734006,0.17036103491734006,0.17065757283712654,0.17036103491734006,0.17065757283712654,0.24499734826667882,0.17065757283712654,0.17036103491734006,0.0,0.1912669582622878,0.18153823343236938,0.1912669582622878,0.17425024378838597,0.17414759604692143,0.1745695923173868,0.1746266188404227,0.1767480054973568,0.1755390432089965,0.17515126285235263,0.17506002041549526,0.21569712073085193,0.17568731216888975,0.17482050901874463,0.1747862931049231,0.17559606973203237,0.1900123747554988,0.17564169095046106,0.17547061138135348,0.17622336148542686,0.17547061138135348,0.17559606973203237,0.17623476679003405,0.17547061138135348,0.17638303574992728,0.17547061138135348,0.17584698643339017,0.17502580450167374,0.17502580450167374,0.17719281237703655,0.17719281237703655,0.17488894084638765,0.17488894084638765,0.1752881265076387,0.17308690271845437,0.17459240292660116,0.1745695923173868,0.17479769840953027,0.17482050901874463,0.17502580450167374,0.1724368003558455,0.17509423632931675,0.1747862931049231,0.17502580450167374,0.18137855916786896,0.19018345432460637,0.17862988075754033,0.17271052766641765,0.17354311490274127
Anti-Plurality,0.23412695244558243,0.20616228607925546,0.2853835318806777,0.2452254543588223,0.18444658610719847,0.181116237161904,0.20376717211174916,0.2008588194369201,0.2008588194369201,0.2008588194369201,0.2008588194369201,0.1796563581721859,0.2008588194369201,0.1796563581721859,0.2857142857142857,0.1796563581721859,0.2008588194369201,0.1912669582622878,0.0,0.180785483328296,0.0,0.17762621395210912,0.177683240475145,0.17785432004425258,0.17342906185666954,0.17766042986593064,0.17468364536345854,0.1757101227781041,0.17924576720632765,0.14499563747098776,0.17322376637374043,0.17615492965778384,0.18649954093648957,0.1611683594039588,0.18233660475487148,0.17162702372873623,0.16818262173737006,0.16139646549610223,0.16818262173737006,0.1611683594039588,0.15438220316269097,0.16818262173737006,0.15094920647593196,0.16818262173737006,0.1777630776073952,0.17401073239163534,0.17401073239163534,0.14261192880808865,0.14261192880808865,0.18503966194677143,0.18503966194677143,0.17504861511088807,0.18232519945026432,0.18563273778634443,0.17785432004425258,0.17467224005885137,0.17615492965778384,0.17401073239163534,0.18548446882645117,0.17891501337271964,0.18649954093648957,0.17401073239163534,0.18079688863290316,0.005542978039085979,0.18852968515656632,0.18944210952514015,0.18688732129313343
Two-Approval,0.2216313007179639,0.08912105020044823,0.2757802654014382,0.24575009837075223,0.07108926361650804,0.13207342735106098,0.10050354419840668,0.1334876851223504,0.1334876851223504,0.1334876851223504,0.1334876851223504,0.1317654841266673,0.1334876851223504,0.1317654841266673,0.24939979584504754,0.1317654841266673,0.1334876851223504,0.18153823343236938,0.180785483328296,0.0,0.180785483328296,0.09906647581790291,0.08902980776359085,0.09267950523788614,0.09569050565417976,0.06527255826684991,0.08239192048221627,0.08098906801553403,0.07818336308216951,0.17900625580957705,0.08402287904104198,0.09031860718420137,0.0756741960685915,0.08243754170064498,0.1056929577946703,0.08005383303774585,0.08141106428599942,0.08507216706490188,0.08141106428599942,0.08243754170064498,0.0846045495760078,0.08141106428599942,0.08561962168604619,0.08141106428599942,0.08623550813483351,0.08009945425617454,0.08009945425617454,0.09009050109205792,0.09009050109205792,0.07646116208648643,0.07646116208648643,0.0823006780453589,0.09712757403468353,0.07425993829730207,0.09267950523788614,0.0906835769316309,0.09031860718420137,0.08009945425617454,0.10037808584772778,0.07795525699002606,0.0756741960685915,0.08009945425617454,0.00043340157507256626,0.1770103275033218,0.023802870715169625,0.09784610822493542,0.0933638235143165
Three-Approval,0.23412695244558243,0.20616228607925546,0.2853835318806777,0.2452254543588223,0.18444658610719847,0.181116237161904,0.20376717211174916,0.2008588194369201,0.2008588194369201,0.2008588194369201,0.2008588194369201,0.1796563581721859,0.2008588194369201,0.1796563581721859,0.2857142857142857,0.1796563581721859,0.2008588194369201,0.1912669582622878,0.0,0.180785483328296,0.0,0.17762621395210912,0.177683240475145,0.17785432004425258,0.17342906185666954,0.17766042986593064,0.17468364536345854,0.1757101227781041,0.17924576720632765,0.14499563747098776,0.17322376637374043,0.17615492965778384,0.18649954093648957,0.1611683594039588,0.18233660475487148,0.17162702372873623,0.16818262173737006,0.16139646549610223,0.16818262173737006,0.1611683594039588,0.15438220316269097,0.16818262173737006,0.15094920647593196,0.16818262173737006,0.1777630776073952,0.17401073239163534,0.17401073239163534,0.14261192880808865,0.14261192880808865,0.18503966194677143,0.18503966194677143,0.17504861511088807,0.18232519945026432,0.18563273778634443,0.17785432004425258,0.17467224005885137,0.17615492965778384,0.17401073239163534,0.18548446882645117,0.17891501337271964,0.18649954093648957,0.17401073239163534,0.18079688863290316,0.005542978039085979,0.18852968515656632,0.18944210952514015,0.18688732129313343
Instant Runoff,0.221288001049288,0.05612550397189733,0.2821216147630263,0.24606944689975307,0.049202484075343444,0.05882856116379728,0.040888017016714476,0.06394954293241786,0.06394954293241786,0.06394954293241786,0.06394954293241786,0.05753976174318676,0.06394954293241786,0.05753976174318676,0.24962790193719098,0.05753976174318676,0.06394954293241786,0.17425024378838597,0.17762621395210912,0.09906647581790291,0.17762621395210912,0.0,0.019833824711873494,0.006546644844517185,0.006341349361588074,0.0472065557690882,0.023871302542812663,0.024601242037671722,0.02753240532171513,0.1592408629253466,0.024567026123850203,0.009147054294952583,0.03618903151855928,0.032162958992227285,0.06145178122344702,0.02838780316725309,0.026699818085391517,0.02940287527729147,0.026699818085391517,0.032162958992227285,0.03266479239494289,0.026699818085391517,0.034352777476804465,0.026699818085391517,0.041960115649788715,0.0252399390956734,0.0252399390956734,0.04178903608068112,0.04178903608068112,0.035128338190092215,0.035128338190092215,0.024715295083743448,0.029847682156971207,0.03891489931967358,0.006546644844517185,0.011188603819636513,0.009147054294952583,0.0252399390956734,0.03302976214237242,0.027988617506002043,0.03618903151855928,0.0252399390956734,0.09863307424283034,0.17340625124745518,0.08093204149249816,0.03079432243936655,0.02676824991303455
Bottom-Two-Runoff Instant Runoff,0.22114999686354125,0.04892875676477129,0.28331917174677945,0.2458869620260383,0.03891489931967358,0.0605393568548732,0.050833442634169154,0.06470229303649128,0.06470229303649128,0.06470229303649128,0.06470229303649128,0.05967255370472807,0.06470229303649128,0.05967255370472807,0.2494112011496547,0.05967255370472807,0.06470229303649128,0.17414759604692143,0.177683240475145,0.08902980776359085,0.177683240475145,0.019833824711873494,0.0,0.013287179867356308,0.020552358902125378,0.03475196313805551,0.015112028604503955,0.013686365528607355,0.014005714057608193,0.15693699139469766,0.017210604652223748,0.011941353923709918,0.024464378382385646,0.022662340254452344,0.054962162901965705,0.016549096985007727,0.01472424824786008,0.021727105276664178,0.01472424824786008,0.022662340254452344,0.024578431428457375,0.01472424824786008,0.026950734786749315,0.01472424824786008,0.03452385704591206,0.013059073775212851,0.013059073775212851,0.03507131166705635,0.03507131166705635,0.025388208055566644,0.025388208055566644,0.015032191472253745,0.018795941992620767,0.02777191671846576,0.013287179867356308,0.01534013469664741,0.011941353923709918,0.013059073775212851,0.023506332795383132,0.013960092839179502,0.024464378382385646,0.013059073775212851,0.08859640618851827,0.17341765655206237,0.0706444567368283,0.02067781725280428,0.027669268977001202
Benham,0.2211642534943002,0.049578859127380144,0.2829998232177786,0.2460580415951459,0.04348842646714987,0.06390392171398918,0.04355685829479291,0.06893366104575238,0.06893366104575238,0.06893366104575238,0.06893366104575238,0.06264933820720017,0.06893366104575238,0.06264933820720017,0.24952525419572644,0.06264933820720017,0.06893366104575238,0.1745695923173868,0.17785432004425258,0.09267950523788614,0.17785432004425258,0.006546644844517185,0.013287179867356308,0.0,0.009854183180597297,0.04065991092457102,0.017324657698295477,0.018054597193154536,0.020985760477197943,0.15707385504998375,0.018020381279333017,0.0026004094504353975,0.029642386674042096,0.0256163141477101,0.05490513637892984,0.021841158322735903,0.02015317324087433,0.022856230432774283,0.02015317324087433,0.0256163141477101,0.026118147550425703,0.02015317324087433,0.027806132632287275,0.02015317324087433,0.03541347080527153,0.018693294251156213,0.018693294251156213,0.03524239123616394,0.03524239123616394,0.028581693345575025,0.028581693345575025,0.018168650239226265,0.02330103731245402,0.03236825447515639,0.0,0.004641958975119328,0.0026004094504353975,0.018693294251156213,0.026483117297855234,0.021441972661484857,0.029642386674042096,0.018693294251156213,0.09224610366281358,0.17362295203499148,0.07459069213091009,0.024247677594849363,0.02022160506851737
PluralityWRunoff PUT,0.22161704408720495,0.0571861973003644,0.2831024709592431,0.24614928403200328,0.04901999920162868,0.06516991052538536,0.04409290761133003,0.07029089229400594,0.07029089229400594,0.07029089229400594,0.07029089229400594,0.06388111110477483,0.07029089229400594,0.06388111110477483,0.2514299400651243,0.06388111110477483,0.07029089229400594,0.1746266188404227,0.17342906185666954,0.09569050565417976,0.17342906185666954,0.006341349361588074,0.020552358902125378,0.009854183180597297,0.0,0.043591074208614425,0.020552358902125378,0.021601646925985277,0.025969878590532458,0.15596754050308798,0.02051814298830386,0.010356016583312899,0.035824061771129755,0.027931590982966176,0.05863467098547535,0.025844420239853557,0.023118552438739257,0.024441567773171302,0.023118552438739257,0.027931590982966176,0.02769207958621555,0.023118552438739257,0.029437091191112985,0.023118552438739257,0.039496569854639396,0.022057859110272186,0.022057859110272186,0.0372725354562407,0.0372725354562407,0.03415888729848252,0.03415888729848252,0.021316514310805956,0.03228841734290618,0.03865257731370861,0.009854183180597297,0.005212224205477968,0.010356016583312899,0.022057859110272186,0.03633730047845253,0.026448901384033715,0.035824061771129755,0.022057859110272186,0.09525710407910719,0.16918628854280127,0.0782746055190269,0.03344035310823064,0.02569615127996031
Coombs,0.22127944707083264,0.05707214425429267,0.2817452397109896,0.24553339758321596,0.048358491534412656,0.08981677378148577,0.06570595984192248,0.0928619901116009,0.0928619901116009,0.0928619901116009,0.0928619901116009,0.08906402367741237,0.0928619901116009,0.08906402367741237,0.24942260645426187,0.08906402367741237,0.0928619901116009,0.1767480054973568,0.17766042986593064,0.06527255826684991,0.17766042986593064,0.0472065557690882,0.03475196313805551,0.04065991092457102,0.043591074208614425,0.0,0.025182912572637533,0.02496621178510125,0.027315704534178847,0.15976550693727654,0.025718961889174656,0.03805950147413562,0.03617762621395211,0.032699008308764405,0.06299149734541536,0.028650125173218063,0.02724727270653581,0.03087415957161676,0.02724727270653581,0.032699008308764405,0.0333719212805876,0.02724727270653581,0.035345038977628494,0.02724727270653581,0.042758486972290816,0.02541101866478099,0.02541101866478099,0.0428041081907195,0.0428041081907195,0.035185364713128074,0.035185364713128074,0.025468045187816854,0.04823303318373375,0.03878944096899468,0.04065991092457102,0.038378850003136455,0.03805950147413562,0.02541101866478099,0.053080287641782194,0.027806132632287275,0.03617762621395211,0.02541101866478099,0.06483915669177734,0.173394845942848,0.05436908706239272,0.05063955245584721,0.0475030936888747
Baldwin,0.2214111783390455,0.049670101564237526,0.28385522106331657,0.24592117793985982,0.0413784451148229,0.07235525242790422,0.05302326111874633,0.07704283262145224,0.07704283262145224,0.07704283262145224,0.07704283262145224,0.07143142275472322,0.07704283262145224,0.07143142275472322,0.250551731610372,0.07143142275472322,0.07704283262145224,0.1755390432089965,0.17468364536345854,0.08239192048221627,0.17468364536345854,0.023871302542812663,0.015112028604503955,0.017324657698295477,0.020552358902125378,0.025182912572637533,0.0,0.0024407351859349782,0.01280815707385505,0.1546217145594416,0.0035014285144020483,0.01472424824786008,0.02504604891735146,0.018704699555763385,0.053468067998426065,0.014507547460323797,0.00929532325484583,0.016366612111292964,0.00929532325484583,0.018704699555763385,0.020301442200767576,0.00929532325484583,0.023734438887526587,0.00929532325484583,0.03155847784804713,0.0049613075041201665,0.0049613075041201665,0.0320717165553699,0.0320717165553699,0.02112262413248402,0.02112262413248402,0.004003261917117651,0.03022405720900791,0.030121409467543353,0.017324657698295477,0.01534013469664741,0.01472424824786008,0.0049613075041201665,0.035265201845378284,0.014096956494465575,0.02504604891735146,0.0049613075041201665,0.08195851890714372,0.1704180614403759,0.0659910924571018,0.03251652343504964,0.02933444344964843
Strict Nanson,0.22128058760129338,0.048039143005411816,0.2840034900232098,0.24578431428457376,0.038937709928887926,0.07119191135797259,0.05171165108892146,0.07574262789623454,0.07574262789623454,0.07574262789623454,0.07574262789623454,0.07033651351243464,0.07574262789623454,0.07033651351243464,0.25009551942608504,0.07033651351243464,0.07574262789623454,0.17515126285235263,0.1757101227781041,0.08098906801553403,0.1757101227781041,0.024601242037671722,0.013686365528607355,0.018054597193154536,0.021601646925985277,0.02496621178510125,0.0024407351859349782,0.0,0.010367421887920072,0.1552832222266576,0.0059421637003370265,0.015454187742719139,0.02260531373141648,0.01815724493461909,0.053947090791927325,0.012739725246212013,0.007527501040734045,0.017997570670118673,0.007527501040734045,0.01815724493461909,0.021327919615413127,0.007527501040734045,0.02476091630217214,0.007527501040734045,0.03145583010658257,0.002520572318185188,0.002520572318185188,0.033098193970015455,0.033098193970015455,0.01868188894654904,0.01868188894654904,0.0030452163301151365,0.02912914796671932,0.027680674281608374,0.018054597193154536,0.016389422720507307,0.015454187742719139,0.002520572318185188,0.034170292603089694,0.011656221308530598,0.02260531373141648,0.002520572318185188,0.08055566644046146,0.17144453885502148,0.06410921719691828,0.03125053462365346,0.028456234994896128
Weak Nanson,0.2208677155745137,0.04271286575386212,0.2838894369771381,0.24565885593389486,0.028570288040967853,0.06915036183328867,0.04903140450623585,0.07224119938183249,0.07224119938183249,0.07224119938183249,0.07224119938183249,0.06845463825225112,0.07224119938183249,0.06845463825225112,0.2485329926949024,0.06845463825225112,0.07224119938183249,0.17506002041549526,0.17924576720632765,0.07818336308216951,0.17924576720632765,0.02753240532171513,0.014005714057608193,0.020985760477197943,0.025969878590532458,0.027315704534178847,0.01280815707385505,0.010367421887920072,0.0,0.15779238924023564,0.016309585588257097,0.018385351026762548,0.01223789184349641,0.02346071157695444,0.05566929178761042,0.007618743477591428,0.012830967683069395,0.02330103731245402,0.012830967683069395,0.02346071157695444,0.02663138625774848,0.012830967683069395,0.028296560730395708,0.012830967683069395,0.03180939454940493,0.007846849569734884,0.007846849569734884,0.03663383839823902,0.03663383839823902,0.013583717787142801,0.013583717787142801,0.013412638218035209,0.02724727270653581,0.017313252393688305,0.020985760477197943,0.02075765438505449,0.018385351026762548,0.007846849569734884,0.03228841734290618,0.001288799420610526,0.01223789184349641,0.007846849569734884,0.07774996150709695,0.17498018328324505,0.05974098553237111,0.028136886465895287,0.02488637465285104
Iterated Removal Condorcet Loser,0.2415449625620876,0.1795651157353285,0.28566866449585704,0.24614928403200328,0.16717895493193885,0.1764172516637488,0.17909749824643442,0.1861459764936672,0.1861459764936672,0.1861459764936672,0.1861459764936672,0.17593822887024754,0.1861459764936672,0.17593822887024754,0.27433179171632727,0.17593822887024754,0.1861459764936672,0.21569712073085193,0.14499563747098776,0.17900625580957705,0.14499563747098776,0.1592408629253466,0.15693699139469766,0.15707385504998375,0.15596754050308798,0.15976550693727654,0.1546217145594416,0.1552832222266576,0.15779238924023564,0.0,0.1536522636678319,0.15556835484183693,0.16415654921103806,0.14538341782763164,0.13418340870338794,0.15276264990847244,0.1503333200271446,0.14571417166123965,0.1503333200271446,0.14538341782763164,0.14076426946172665,0.1503333200271446,0.13848320854029209,0.1503333200271446,0.15863638178116643,0.15417690767976186,0.15417690767976186,0.1391561215121153,0.1391561215121153,0.16316428771021402,0.16316428771021402,0.15486122595619223,0.1591039992700605,0.1634608256300005,0.15707385504998375,0.15469014638708464,0.15556835484183693,0.15417690767976186,0.16414514390643087,0.1575984990619137,0.16415654921103806,0.15417690767976186,0.17882377093586227,0.1451096905170595,0.17694189567567875,0.16667712152922323,0.16451011365386042
