,NN,Min Violations Committee,Max Violations Committee,Random Choice,Borda ranking,Plurality ranking,STV,Approval Voting (AV),Proportional Approval Voting (PAV),Approval Chamberlin-Courant (CC),Lexicographic Chamberlin-Courant (lex-CC),Sequential Approval Chamberlin-Courant (seq-CC),Monroe's Approval Rule (Monroe),Greedy Monroe,Minimax Approval Voting (MAV),Method of Equal Shares (aka Rule X) with Phragmén phase,E Pluribus Hugo (EPH),Random Serial Dictator,Anti-Plurality,Two-Approval,Three-Approval,Instant Runoff,Bottom-Two-Runoff Instant Runoff,Benham,PluralityWRunoff PUT,Coombs,Baldwin,Strict Nanson,Weak Nanson,Iterated Removal Condorcet Loser,Raynaud,Tideman Alternative Top Cycle,Knockout Voting,Banks,Condorcet,Copeland,Llull,Uncovered Set,Uncovered Set - Fishburn,Uncovered Set - Bordes,Uncovered Set - McKelvey,Slater,Top Cycle,GOCHA,Bipartisan Set,Minimax,Split Cycle,Ranked Pairs ZT,Ranked Pairs TB,Simple Stable Voting,Stable Voting,Loss-Trimmer Voting,Daunou,Blacks,Condorcet IRV,Condorcet IRV PUT,Smith IRV,Smith-Minimax,Condorcet Plurality,Copeland-Local-Borda,Copeland-Global-Borda,Borda-Minimax Faceoff,Bucklin,Simplified Bucklin,Weighted Bucklin,Bracket Voting,Superior Voting
Min Violations Committee,0.24496507125464054,0.0,0.34524769470280625,0.3211847830425931,0.11030298191688954,0.19663885673226617,0.09663486487565366,0.18847950181629475,0.18847950181629475,0.18847950181629475,0.18847950181629475,0.19675062871741647,0.18847950181629475,0.19675062871741647,0.26612909664284856,0.19675062871741647,0.18847950181629475,0.29849507005708353,0.22359187257993693,0.16211728074727555,0.1755458863917608,0.13267334637339825,0.10541694942317673,0.10987186140273841,0.1522334437746996,0.12877729431958804,0.10322941199952097,0.10014769869466289,0.09403217436429684,0.2708394874456109,0.10980799169693825,0.11368807632429843,0.07637220071055048,0.14576663606243265,0.16264420582012695,0.09106223304458903,0.10172847391321704,0.14163107261187177,0.10231926869186858,0.1458305057682328,0.15386212127260387,0.10504969861482576,0.1595784599417189,0.1025907149415193,0.09851902119675861,0.0973374316394555,0.10393197876332282,0.15740688994451318,0.15740688994451318,0.07024070895373438,0.07024070895373438,0.09420781605524729,0.12025068859526566,0.09312203105664445,0.11178795257674344,0.11838249970061075,0.11472595904355115,0.09728952936010539,0.1177917049219592,0.08228014849706598,0.07314678056764201,0.09926949023991058,0.16181389964472476,0.2654744321583969,0.11638657139435551,0.09115803760328929,0.08877889106223305
Max Violations Committee,0.27866991337671154,0.34524769470280625,0.0,0.31872579936928663,0.38043990259869864,0.364185062472556,0.3709871861402738,0.34641331683365933,0.34641331683365933,0.34641331683365933,0.34641331683365933,0.36453634585445693,0.34641331683365933,0.36453634585445693,0.07911859805995769,0.36453634585445693,0.34641331683365933,0.32527244421380386,0.3585166260827911,0.37114686040477424,0.36903916011336874,0.37930621532074565,0.3863478503852142,0.3845115963434593,0.38142988303860126,0.37879525767434435,0.3888068340585206,0.38890263861722085,0.3884874855295198,0.3996806514709992,0.38869506207337035,0.38527803281306133,0.38923795457267174,0.3971418306654425,0.4,0.39586443654943915,0.39940920522134843,0.39647119875454073,0.4,0.39718973294479265,0.3999680651470999,0.394650912139236,0.3996487166180991,0.4,0.398083908825995,0.3950181629475869,0.39503413037403695,0.39966468404454913,0.39966468404454913,0.3890144106023712,0.3890144106023712,0.3918885473633787,0.3814139156121512,0.38446369406410924,0.3841124106822083,0.3882160392798691,0.3846872380344098,0.3949702606682368,0.38053570715739893,0.3896052053810227,0.3887269969262704,0.39399624765478425,0.3712745998163746,0.39655103588679097,0.37884315995369444,0.38326613708035606,0.385916729871063
Random Choice,0.31955530717336633,0.3211847830425931,0.31872579936928663,0.0,0.32134445730709355,0.32021077002914056,0.320370444293641,0.3212965550277434,0.3212965550277434,0.3212965550277434,0.3212965550277434,0.32021077002914056,0.3212965550277434,0.32021077002914056,0.3183904834138358,0.32021077002914056,0.3212965550277434,0.3201309328968903,0.3208973693664924,0.3215999361302942,0.3217117081154445,0.32043431399944117,0.32131252245419345,0.3209612390722925,0.3206099556903916,0.32128058760129335,0.32147219671869387,0.3213284898806435,0.321536066424494,0.32195121951219513,0.3212167178954932,0.3206259231168416,0.32167977326254443,0.32128058760129335,0.3206099556903916,0.3211688156161431,0.3214402618657938,0.321136880763243,0.32131252245419345,0.3212167178954932,0.32124865274839326,0.32185541495349484,0.32112091333679293,0.321536066424494,0.32201508921799527,0.3212167178954932,0.3214242944393437,0.320769629954892,0.320769629954892,0.3213604247335436,0.3213604247335436,0.3210570436309928,0.32084946708714224,0.3216318709831943,0.32100914135164266,0.3214083270128937,0.32081753223424214,0.32115284818969303,0.32091333679294237,0.3209931739251926,0.3213604247335436,0.3208973693664924,0.32185541495349484,0.32139235958644363,0.3213284898806435,0.3211847830425931,0.32067382539619177
Borda ranking,0.26302183545567037,0.11030298191688954,0.38043990259869864,0.32134445730709355,0.0,0.17639215999361302,0.12716458424813382,0.17766955410961638,0.17766955410961638,0.17766955410961638,0.17766955410961638,0.17666360624326374,0.17766955410961638,0.17666360624326374,0.323037004510798,0.17666360624326374,0.17766955410961638,0.2964193046185781,0.19556903916011337,0.1243064149135763,0.13388687078360145,0.12981517703884077,0.10452277354197437,0.11225100794379465,0.1395393397469163,0.12004311205141512,0.10543291684962676,0.10057881920881402,0.09326573789469482,0.24757494710789987,0.11378388088299868,0.11201149654704402,0.04849307412877729,0.12042633028621612,0.15549079877050817,0.08018841563211049,0.09328170532114487,0.1241148057961758,0.0986307931819089,0.12052213484491638,0.12844197836413715,0.09914175082831024,0.1414075286415712,0.10142509281066624,0.11269809588439583,0.08991257834018603,0.0927228453953934,0.14260508562532434,0.14260508562532434,0.06628078719412399,0.06628078719412399,0.10238313839766876,0.1126501936050457,0.018777693505249292,0.11301744441339667,0.11453434992615065,0.11271406331084588,0.08981677378148577,0.11456628477905073,0.07945391401540856,0.04895612949582851,0.07814458504650514,0.11903716418506247,0.23377909065506366,0.029140553271326496,0.10340505369047144,0.08426010937687119
Plurality ranking,0.28166699932138434,0.19663885673226617,0.364185062472556,0.32021077002914056,0.17639215999361302,0.0,0.16987745000199592,0.05912738014450521,0.05912738014450521,0.05912738014450521,0.05912738014450521,0.00633906830066664,0.05912738014450521,0.00633906830066664,0.332952776336274,0.00633906830066664,0.05912738014450521,0.2878926988942557,0.28329408007664364,0.20698574907189335,0.25353079717376553,0.15491597141830665,0.16270807552592711,0.1656460819927348,0.13391880563650155,0.2211009540537304,0.18550956049658696,0.18391281785158278,0.1822841403536785,0.26135483613428606,0.18820805556664405,0.1693664923555946,0.17814857690311764,0.19018801644644925,0.21342062193126024,0.17974531954812184,0.1823959123388288,0.19362101313320826,0.18372120873418227,0.19025188615224942,0.19416390563250968,0.18378507843998243,0.20146101952017884,0.18455151490958444,0.19111412718055168,0.18111851822282543,0.18183705241307732,0.20286615304778252,0.20286615304778252,0.17849986028501857,0.17849986028501857,0.18507843998243584,0.11290567242824638,0.17647199712586323,0.16379386052452996,0.17035647279549718,0.1674663686080396,0.18111851822282543,0.08234401820286616,0.17992096123907228,0.17746197756576584,0.18043191888547364,0.24158716218913417,0.25699572871342463,0.1809109416789749,0.14878447966149055,0.16214921560017564
STV,0.25698534988623206,0.09663486487565366,0.3709871861402738,0.320370444293641,0.12716458424813382,0.16987745000199592,0.0,0.16312322861362819,0.16312322861362819,0.16312322861362819,0.16312322861362819,0.17061195161869785,0.16312322861362819,0.17061195161869785,0.30264660093409446,0.17061195161869785,0.16312322861362819,0.2947427248413237,0.2444133966707916,0.1660133328010858,0.19869865474432158,0.07742605085625325,0.10867430441898528,0.086479581653427,0.12481737255997764,0.16000958045587002,0.12154405013771906,0.11922877330246298,0.11461418705840086,0.26846034090455473,0.12753183505648477,0.09524569877450002,0.10265458464731947,0.15022154804199433,0.17224062911660212,0.1129535747075965,0.12216677976927069,0.15395792583130413,0.1243064149135763,0.15018961318909424,0.15822122869346533,0.12213484491637061,0.1660133328010858,0.12638218035208176,0.12465769829547722,0.11828669514191051,0.1216398546964193,0.16537463574308411,0.16537463574308411,0.09802403097680731,0.09802403097680731,0.1153167538222027,0.11688156161430681,0.11349646720689793,0.08494670871422298,0.0957726238473514,0.09216398546964193,0.11819089058321025,0.11467805676420104,0.10916929463893657,0.10286216119117002,0.11943634984631352,0.18471118917408486,0.2626801325296395,0.13262544409404814,0.09018402458983674,0.09366492355594587
Approval Voting (AV),0.2665594187856772,0.18847950181629475,0.34641331683365933,0.3212965550277434,0.17766955410961638,0.05912738014450521,0.16312322861362819,0.0,0.0,0.0,0.0,0.06479581653427009,0.0,0.06479581653427009,0.3051694543132011,0.06479581653427009,0.0,0.28829188455550675,0.28695062073370325,0.21003552752385135,0.2568839567282743,0.1622130853059758,0.16923875294399426,0.17243223823400264,0.14779449922158797,0.22386331882958765,0.19159314997405294,0.1900123747554988,0.18764919564089258,0.2869985230130534,0.19552113688076325,0.17690311764001437,0.17944193844557105,0.20633108458744162,0.2283821005149495,0.18512634226178595,0.19095445291605126,0.20764041355634505,0.1930302183545567,0.20642688914614188,0.21083389884635345,0.1920402379146541,0.21830665442497305,0.19414793820605963,0.19871462217077163,0.18766516306734263,0.18983673306454832,0.21944034170292603,0.21944034170292603,0.17878727396111932,0.17878727396111932,0.19018801644644925,0.13278511835854856,0.17760568440381622,0.1708195281625484,0.1806873977086743,0.1747794499221588,0.18764919564089258,0.11333679294239751,0.1832741207935811,0.17800487006506727,0.18737774939124185,0.24439742924434155,0.27979721368408444,0.18245978204462895,0.14896012135244102,0.16596543052173565
Proportional Approval Voting (PAV),0.2665594187856772,0.18847950181629475,0.34641331683365933,0.3212965550277434,0.17766955410961638,0.05912738014450521,0.16312322861362819,0.0,0.0,0.0,0.0,0.06479581653427009,0.0,0.06479581653427009,0.3051694543132011,0.06479581653427009,0.0,0.28829188455550675,0.28695062073370325,0.21003552752385135,0.2568839567282743,0.1622130853059758,0.16923875294399426,0.17243223823400264,0.14779449922158797,0.22386331882958765,0.19159314997405294,0.1900123747554988,0.18764919564089258,0.2869985230130534,0.19552113688076325,0.17690311764001437,0.17944193844557105,0.20633108458744162,0.2283821005149495,0.18512634226178595,0.19095445291605126,0.20764041355634505,0.1930302183545567,0.20642688914614188,0.21083389884635345,0.1920402379146541,0.21830665442497305,0.19414793820605963,0.19871462217077163,0.18766516306734263,0.18983673306454832,0.21944034170292603,0.21944034170292603,0.17878727396111932,0.17878727396111932,0.19018801644644925,0.13278511835854856,0.17760568440381622,0.1708195281625484,0.1806873977086743,0.1747794499221588,0.18764919564089258,0.11333679294239751,0.1832741207935811,0.17800487006506727,0.18737774939124185,0.24439742924434155,0.27979721368408444,0.18245978204462895,0.14896012135244102,0.16596543052173565
Approval Chamberlin-Courant (CC),0.2665594187856772,0.18847950181629475,0.34641331683365933,0.3212965550277434,0.17766955410961638,0.05912738014450521,0.16312322861362819,0.0,0.0,0.0,0.0,0.06479581653427009,0.0,0.06479581653427009,0.3051694543132011,0.06479581653427009,0.0,0.28829188455550675,0.28695062073370325,0.21003552752385135,0.2568839567282743,0.1622130853059758,0.16923875294399426,0.17243223823400264,0.14779449922158797,0.22386331882958765,0.19159314997405294,0.1900123747554988,0.18764919564089258,0.2869985230130534,0.19552113688076325,0.17690311764001437,0.17944193844557105,0.20633108458744162,0.2283821005149495,0.18512634226178595,0.19095445291605126,0.20764041355634505,0.1930302183545567,0.20642688914614188,0.21083389884635345,0.1920402379146541,0.21830665442497305,0.19414793820605963,0.19871462217077163,0.18766516306734263,0.18983673306454832,0.21944034170292603,0.21944034170292603,0.17878727396111932,0.17878727396111932,0.19018801644644925,0.13278511835854856,0.17760568440381622,0.1708195281625484,0.1806873977086743,0.1747794499221588,0.18764919564089258,0.11333679294239751,0.1832741207935811,0.17800487006506727,0.18737774939124185,0.24439742924434155,0.27979721368408444,0.18245978204462895,0.14896012135244102,0.16596543052173565
Lexicographic Chamberlin-Courant (lex-CC),0.2665594187856772,0.18847950181629475,0.34641331683365933,0.3212965550277434,0.17766955410961638,0.05912738014450521,0.16312322861362819,0.0,0.0,0.0,0.0,0.06479581653427009,0.0,0.06479581653427009,0.3051694543132011,0.06479581653427009,0.0,0.28829188455550675,0.28695062073370325,0.21003552752385135,0.2568839567282743,0.1622130853059758,0.16923875294399426,0.17243223823400264,0.14779449922158797,0.22386331882958765,0.19159314997405294,0.1900123747554988,0.18764919564089258,0.2869985230130534,0.19552113688076325,0.17690311764001437,0.17944193844557105,0.20633108458744162,0.2283821005149495,0.18512634226178595,0.19095445291605126,0.20764041355634505,0.1930302183545567,0.20642688914614188,0.21083389884635345,0.1920402379146541,0.21830665442497305,0.19414793820605963,0.19871462217077163,0.18766516306734263,0.18983673306454832,0.21944034170292603,0.21944034170292603,0.17878727396111932,0.17878727396111932,0.19018801644644925,0.13278511835854856,0.17760568440381622,0.1708195281625484,0.1806873977086743,0.1747794499221588,0.18764919564089258,0.11333679294239751,0.1832741207935811,0.17800487006506727,0.18737774939124185,0.24439742924434155,0.27979721368408444,0.18245978204462895,0.14896012135244102,0.16596543052173565
Sequential Approval Chamberlin-Courant (seq-CC),0.28149854297233645,0.19675062871741647,0.36453634585445693,0.32021077002914056,0.17666360624326374,0.00633906830066664,0.17061195161869785,0.06479581653427009,0.06479581653427009,0.06479581653427009,0.06479581653427009,0.0,0.06479581653427009,0.0,0.332952776336274,0.0,0.06479581653427009,0.28758931779170493,0.28276715500379224,0.20695381421899325,0.2536106343060157,0.15429324178675502,0.1621332481737256,0.16513512434633348,0.13256157438824798,0.22084547523052972,0.18493473314438547,0.1834657299109816,0.1815656061634266,0.2610354876052852,0.18761726078799248,0.1688395672827432,0.17787713065346691,0.18942157997684722,0.21326094766675982,0.17915452476947027,0.18172528042792702,0.1927268372520059,0.18314638138198075,0.1894854496826474,0.19336553431000758,0.18313041395553073,0.20093409444732746,0.18405652468963316,0.19045946269609995,0.1805277234441739,0.18113448564927548,0.20264260907748194,0.20264260907748194,0.1782124466089178,0.1782124466089178,0.18474312402698495,0.11071813500459063,0.1763123228613628,0.16325096802522854,0.16973374316394554,0.16693944353518822,0.1805277234441739,0.07895892379545727,0.1795058081513712,0.1773661730070656,0.17971338469522175,0.2417468364536346,0.25696379386052454,0.180958843958325,0.1484970659853898,0.16198954133567522
Monroe's Approval Rule (Monroe),0.2665594187856772,0.18847950181629475,0.34641331683365933,0.3212965550277434,0.17766955410961638,0.05912738014450521,0.16312322861362819,0.0,0.0,0.0,0.0,0.06479581653427009,0.0,0.06479581653427009,0.3051694543132011,0.06479581653427009,0.0,0.28829188455550675,0.28695062073370325,0.21003552752385135,0.2568839567282743,0.1622130853059758,0.16923875294399426,0.17243223823400264,0.14779449922158797,0.22386331882958765,0.19159314997405294,0.1900123747554988,0.18764919564089258,0.2869985230130534,0.19552113688076325,0.17690311764001437,0.17944193844557105,0.20633108458744162,0.2283821005149495,0.18512634226178595,0.19095445291605126,0.20764041355634505,0.1930302183545567,0.20642688914614188,0.21083389884635345,0.1920402379146541,0.21830665442497305,0.19414793820605963,0.19871462217077163,0.18766516306734263,0.18983673306454832,0.21944034170292603,0.21944034170292603,0.17878727396111932,0.17878727396111932,0.19018801644644925,0.13278511835854856,0.17760568440381622,0.1708195281625484,0.1806873977086743,0.1747794499221588,0.18764919564089258,0.11333679294239751,0.1832741207935811,0.17800487006506727,0.18737774939124185,0.24439742924434155,0.27979721368408444,0.18245978204462895,0.14896012135244102,0.16596543052173565
Greedy Monroe,0.28149854297233645,0.19675062871741647,0.36453634585445693,0.32021077002914056,0.17666360624326374,0.00633906830066664,0.17061195161869785,0.06479581653427009,0.06479581653427009,0.06479581653427009,0.06479581653427009,0.0,0.06479581653427009,0.0,0.332952776336274,0.0,0.06479581653427009,0.28758931779170493,0.28276715500379224,0.20695381421899325,0.2536106343060157,0.15429324178675502,0.1621332481737256,0.16513512434633348,0.13256157438824798,0.22084547523052972,0.18493473314438547,0.1834657299109816,0.1815656061634266,0.2610354876052852,0.18761726078799248,0.1688395672827432,0.17787713065346691,0.18942157997684722,0.21326094766675982,0.17915452476947027,0.18172528042792702,0.1927268372520059,0.18314638138198075,0.1894854496826474,0.19336553431000758,0.18313041395553073,0.20093409444732746,0.18405652468963316,0.19045946269609995,0.1805277234441739,0.18113448564927548,0.20264260907748194,0.20264260907748194,0.1782124466089178,0.1782124466089178,0.18474312402698495,0.11071813500459063,0.1763123228613628,0.16325096802522854,0.16973374316394554,0.16693944353518822,0.1805277234441739,0.07895892379545727,0.1795058081513712,0.1773661730070656,0.17971338469522175,0.2417468364536346,0.25696379386052454,0.180958843958325,0.1484970659853898,0.16198954133567522
Minimax Approval Voting (MAV),0.21040756856013737,0.26612909664284856,0.07911859805995769,0.3183904834138358,0.323037004510798,0.332952776336274,0.30264660093409446,0.3051694543132011,0.3051694543132011,0.3051694543132011,0.3051694543132011,0.332952776336274,0.3051694543132011,0.332952776336274,0.0,0.332952776336274,0.3051694543132011,0.3198115843678895,0.3342621053051774,0.3303341183984671,0.3312921639854696,0.3315955450880204,0.3316594147938206,0.33143587082352,0.33937168176919086,0.32964751906111533,0.3342621053051774,0.33293680890982397,0.32991896531076603,0.3841124106822083,0.3370564049339348,0.33381501736457625,0.3223184703205461,0.3555307173366333,0.3555307173366333,0.3329847111891741,0.3391960400782404,0.3555307173366333,0.33978683485689193,0.3555307173366333,0.3555307173366333,0.3377909065506367,0.3555307173366333,0.33983473713624207,0.3389724961079398,0.33480499780447887,0.3378547762564369,0.3554668476308331,0.3554668476308331,0.32029060716139074,0.32029060716139074,0.33167538222027065,0.32912059398826393,0.3224781445850465,0.3315316753822203,0.33830186419703806,0.3334317991297753,0.3347570955251287,0.32701289369685843,0.3256396950221548,0.3206099556903916,0.3352680531715301,0.3298231607520658,0.3784120394395433,0.32294119995209775,0.3198275517943395,0.3224941120114965
Method of Equal Shares (aka Rule X) with Phragmén phase,0.28149854297233645,0.19675062871741647,0.36453634585445693,0.32021077002914056,0.17666360624326374,0.00633906830066664,0.17061195161869785,0.06479581653427009,0.06479581653427009,0.06479581653427009,0.06479581653427009,0.0,0.06479581653427009,0.0,0.332952776336274,0.0,0.06479581653427009,0.28758931779170493,0.28276715500379224,0.20695381421899325,0.2536106343060157,0.15429324178675502,0.1621332481737256,0.16513512434633348,0.13256157438824798,0.22084547523052972,0.18493473314438547,0.1834657299109816,0.1815656061634266,0.2610354876052852,0.18761726078799248,0.1688395672827432,0.17787713065346691,0.18942157997684722,0.21326094766675982,0.17915452476947027,0.18172528042792702,0.1927268372520059,0.18314638138198075,0.1894854496826474,0.19336553431000758,0.18313041395553073,0.20093409444732746,0.18405652468963316,0.19045946269609995,0.1805277234441739,0.18113448564927548,0.20264260907748194,0.20264260907748194,0.1782124466089178,0.1782124466089178,0.18474312402698495,0.11071813500459063,0.1763123228613628,0.16325096802522854,0.16973374316394554,0.16693944353518822,0.1805277234441739,0.07895892379545727,0.1795058081513712,0.1773661730070656,0.17971338469522175,0.2417468364536346,0.25696379386052454,0.180958843958325,0.1484970659853898,0.16198954133567522
E Pluribus Hugo (EPH),0.2665594187856772,0.18847950181629475,0.34641331683365933,0.3212965550277434,0.17766955410961638,0.05912738014450521,0.16312322861362819,0.0,0.0,0.0,0.0,0.06479581653427009,0.0,0.06479581653427009,0.3051694543132011,0.06479581653427009,0.0,0.28829188455550675,0.28695062073370325,0.21003552752385135,0.2568839567282743,0.1622130853059758,0.16923875294399426,0.17243223823400264,0.14779449922158797,0.22386331882958765,0.19159314997405294,0.1900123747554988,0.18764919564089258,0.2869985230130534,0.19552113688076325,0.17690311764001437,0.17944193844557105,0.20633108458744162,0.2283821005149495,0.18512634226178595,0.19095445291605126,0.20764041355634505,0.1930302183545567,0.20642688914614188,0.21083389884635345,0.1920402379146541,0.21830665442497305,0.19414793820605963,0.19871462217077163,0.18766516306734263,0.18983673306454832,0.21944034170292603,0.21944034170292603,0.17878727396111932,0.17878727396111932,0.19018801644644925,0.13278511835854856,0.17760568440381622,0.1708195281625484,0.1806873977086743,0.1747794499221588,0.18764919564089258,0.11333679294239751,0.1832741207935811,0.17800487006506727,0.18737774939124185,0.24439742924434155,0.27979721368408444,0.18245978204462895,0.14896012135244102,0.16596543052173565
Random Serial Dictator,0.31066703923995054,0.29849507005708353,0.32527244421380386,0.3201309328968903,0.2964193046185781,0.2878926988942557,0.2947427248413237,0.28829188455550675,0.28829188455550675,0.28829188455550675,0.28829188455550675,0.28758931779170493,0.28829188455550675,0.28758931779170493,0.3198115843678895,0.28758931779170493,0.28829188455550675,0.0,0.3115404574667678,0.3005389006426889,0.3080755259271087,0.294870464252924,0.29565286814897607,0.29574867270767635,0.2926350245499182,0.301704522773542,0.29761686160233125,0.29742525248493074,0.29785637299908185,0.31125304379066704,0.2980000798371322,0.29645123947147817,0.2964672068979282,0.29942118079118596,0.3037643207855974,0.2969941319707796,0.2972017085146302,0.29918166939443536,0.2973613827791306,0.2993892459382859,0.29956488762923633,0.2980000798371322,0.3012254999800407,0.2977925032932817,0.2984312003512834,0.29705800167657975,0.2970739691030298,0.300570835495589,0.300570835495589,0.29705800167657975,0.29705800167657975,0.29704203425012976,0.29255518741766795,0.29629156520697775,0.2958444772663766,0.2964991417508283,0.2966907508682288,0.29705800167657975,0.2909744121991138,0.29731348049978046,0.2966428485888787,0.2966907508682288,0.3067023272524051,0.3120673825396192,0.29728154564688036,0.2930661450640693,0.2954612590315756
Anti-Plurality,0.2902614666081194,0.22359187257993693,0.3585166260827911,0.3208973693664924,0.19556903916011337,0.28329408007664364,0.2444133966707916,0.28695062073370325,0.28695062073370325,0.28695062073370325,0.28695062073370325,0.28276715500379224,0.28695062073370325,0.28276715500379224,0.3342621053051774,0.28276715500379224,0.28695062073370325,0.3115404574667678,0.0,0.2549359307013692,0.21233483693265737,0.24599417188934575,0.22585924713584288,0.23068140992375555,0.24976248453155564,0.19229571673785478,0.21571993134006626,0.21445850465051294,0.2131012734022594,0.2684124386252046,0.21781166420502177,0.22734421779569677,0.20572432238234004,0.21397948185701168,0.23227815256875972,0.2071613907628438,0.20962037443615025,0.21731667398507046,0.21099357311085387,0.21394754700411162,0.21666200950061873,0.2119675861243064,0.22172368368528203,0.21225499980040716,0.21664604207416868,0.2107859965670033,0.21065825715540298,0.2240389605205381,0.2240389605205381,0.2080715340704962,0.2080715340704962,0.215240908546565,0.23741966388567323,0.19992814658097482,0.23272524050936091,0.2298670711748034,0.22988303860125345,0.2107061594347531,0.24161909704203424,0.20926909105424932,0.20455870025148698,0.20938086303939962,0.21926470001197557,0.27281944832541616,0.2126541854616582,0.22985110374835335,0.2169174883238194
Two-Approval,0.273914813779889,0.16211728074727555,0.37114686040477424,0.3215999361302942,0.1243064149135763,0.20698574907189335,0.1660133328010858,0.21003552752385135,0.21003552752385135,0.21003552752385135,0.21003552752385135,0.20695381421899325,0.21003552752385135,0.20695381421899325,0.3303341183984671,0.20695381421899325,0.21003552752385135,0.3005389006426889,0.2549359307013692,0.0,0.19548920202786316,0.1613668117041236,0.14824158716218913,0.15376631671390364,0.17766955410961638,0.1758812023472117,0.1506686359825955,0.1476188575306375,0.1442337631232286,0.2527164584248134,0.15461259031575586,0.15288810825915133,0.13433395872420262,0.15604965869625964,0.18618019240748873,0.1384375873218634,0.1441858608438785,0.16032892898487086,0.14736337870743682,0.1560336912698096,0.16181389964472476,0.14658097481138477,0.17158596463215042,0.14900802363179114,0.1579338150173646,0.14313201069817572,0.14391441459422777,0.17460380823120833,0.17460380823120833,0.13672907269170892,0.13672907269170892,0.14903995848469123,0.15622530038721008,0.12789908586483573,0.1529200431120514,0.15327132649395234,0.15205780208374914,0.14313201069817572,0.16253243383497665,0.13866113129216398,0.1323859326972975,0.1408327012893697,0.16368208853937966,0.21394754700411162,0.1246097960161271,0.15686399744521176,0.14512793900443097
Three-Approval,0.2769845515149096,0.1755458863917608,0.36903916011336874,0.3217117081154445,0.13388687078360145,0.25353079717376553,0.19869865474432158,0.2568839567282743,0.2568839567282743,0.2568839567282743,0.2568839567282743,0.2536106343060157,0.2568839567282743,0.2536106343060157,0.3312921639854696,0.2536106343060157,0.2568839567282743,0.3080755259271087,0.21233483693265737,0.19548920202786316,0.0,0.19917767753782284,0.17778132609476668,0.18258752145622928,0.21048261546445252,0.15802961957606482,0.16502335236118318,0.16264420582012695,0.16036086383777096,0.2548081912897689,0.1689832741207936,0.17955371043072132,0.14790627120673824,0.16767394515189013,0.1952017883517624,0.15395792583130413,0.1579018801644645,0.17158596463215042,0.16074408207257196,0.16773781485769032,0.17198515029340147,0.16112730030737296,0.18146980160472637,0.16266017324657697,0.16737056404933934,0.1579497824438146,0.158476707516666,0.18410442696898327,0.18410442696898327,0.15130733304059718,0.15130733304059718,0.16387369765678017,0.19223184703205462,0.13901241467406492,0.18359346932258194,0.18094287653187496,0.1809109416789749,0.15785397788511438,0.1981717296714702,0.15560257075565845,0.14696419304618577,0.1548201668596064,0.031807113488483495,0.24602610674224581,0.11913296874376272,0.18402458983673306,0.16701928066743843
Instant Runoff,0.27510997564967465,0.13267334637339825,0.37930621532074565,0.32043431399944117,0.12981517703884077,0.15491597141830665,0.07742605085625325,0.1622130853059758,0.1622130853059758,0.1622130853059758,0.1622130853059758,0.15429324178675502,0.1622130853059758,0.15429324178675502,0.3315955450880204,0.15429324178675502,0.1622130853059758,0.294870464252924,0.24599417188934575,0.1613668117041236,0.19917767753782284,0.0,0.06806913895652868,0.025452077761366813,0.07798491078200472,0.15098798451159634,0.0904395034130374,0.0907428845155882,0.09267494311604327,0.2338269929344138,0.0919244740728913,0.04022194722765558,0.10597580934892818,0.11659414793820606,0.15197796495149893,0.10021156840046305,0.09784838928585685,0.10821124905193405,0.1000359267095126,0.11656221308530598,0.11847830425931101,0.09427168576104747,0.13224222585924714,0.10236717097121871,0.11699333359945711,0.09532553590675023,0.09374476068819608,0.1384695221747635,0.1384695221747635,0.10391601133687278,0.10391601133687278,0.0935212167178955,0.0989341742844597,0.11640253882080556,0.020885393796654824,0.04210610354876053,0.03420222745598978,0.09522973134804998,0.1051774380264261,0.09784838928585685,0.1075086822881322,0.09435152289329768,0.18530198395273642,0.2387130254281266,0.13391880563650155,0.09235559458704243,0.09465490399584847
Bottom-Two-Runoff Instant Runoff,0.27290647079956887,0.10541694942317673,0.3863478503852142,0.32131252245419345,0.10452277354197437,0.16270807552592711,0.10867430441898528,0.16923875294399426,0.16923875294399426,0.16923875294399426,0.16923875294399426,0.1621332481737256,0.16923875294399426,0.1621332481737256,0.3316594147938206,0.1621332481737256,0.16923875294399426,0.29565286814897607,0.22585924713584288,0.14824158716218913,0.17778132609476668,0.06806913895652868,0.0,0.04534749111811904,0.09061514510398787,0.11814298830386012,0.05807352999880244,0.05435311963594268,0.05446489162109297,0.225907149415193,0.0635024549918167,0.043559139355714344,0.07164584248133807,0.08782084547523053,0.13034210211169214,0.06450840285816933,0.06048461139275877,0.08004470879406012,0.06265618138996447,0.08785278032813061,0.09294638936569398,0.055183425811344854,0.10947267574148736,0.06514709991617101,0.08852341223903237,0.05725919124985031,0.05556664404614586,0.11614705999760488,0.11614705999760488,0.07032054608598459,0.07032054608598459,0.059079477865155085,0.07038441579178475,0.08697457187337831,0.047183745159873856,0.05337910662249012,0.04577861163227017,0.0571793541176001,0.08317432437826833,0.05863238992455391,0.07368967306694343,0.056349047942197916,0.1641132090535308,0.23472116881561614,0.11020717735818929,0.07589317791704922,0.07263582292124067
Benham,0.2734964672068979,0.10987186140273841,0.3845115963434593,0.3209612390722925,0.11225100794379465,0.1656460819927348,0.086479581653427,0.17243223823400264,0.17243223823400264,0.17243223823400264,0.17243223823400264,0.16513512434633348,0.17243223823400264,0.16513512434633348,0.33143587082352,0.16513512434633348,0.17243223823400264,0.29574867270767635,0.23068140992375555,0.15376631671390364,0.18258752145622928,0.025452077761366813,0.04534749111811904,0.0,0.08387689114207017,0.12968743762724044,0.06711109336952617,0.06722286535467646,0.06920282623448165,0.22718454353119635,0.0686120314558301,0.015616143068140992,0.08280707356991737,0.09492635024549918,0.13099676659614387,0.0769150932098519,0.0749670671829468,0.08614426569797613,0.07715460460660253,0.09494231767194922,0.09698614825755458,0.07091134086463614,0.11114925551874176,0.07954971857410882,0.09433555546684763,0.0724601812302902,0.07086343858528601,0.11737655183425812,0.11737655183425812,0.08077921041076204,0.08077921041076204,0.06992136042473354,0.07927827232445811,0.09475070855454872,0.004566683964711988,0.023456149455111572,0.016159035567442418,0.07236437667158996,0.08617620055087621,0.07381741247854377,0.0845315556265219,0.07135842880523732,0.1689513392678935,0.23628597660772024,0.11780767234840925,0.07338629196439264,0.06985749071893338
PluralityWRunoff PUT,0.2803967905472835,0.1522334437746996,0.38142988303860126,0.3206099556903916,0.1395393397469163,0.13391880563650155,0.12481737255997764,0.14779449922158797,0.14779449922158797,0.14779449922158797,0.14779449922158797,0.13256157438824798,0.14779449922158797,0.13256157438824798,0.33937168176919086,0.13256157438824798,0.14779449922158797,0.2926350245499182,0.24976248453155564,0.17766955410961638,0.21048261546445252,0.07798491078200472,0.09061514510398787,0.08387689114207017,0.0,0.16315516346652828,0.10929703405053691,0.10889784838928586,0.11054249331364017,0.22667358588479503,0.11003153566723883,0.08742165981397948,0.12146421300546885,0.12301305337112291,0.1579817172967147,0.11464612191130094,0.11060636301944034,0.11609915771825476,0.11249051934054528,0.12306095565047304,0.123428206458824,0.1086104347131851,0.1369845515149096,0.11466208933775099,0.12781924873258552,0.1108937766955411,0.1092171969182867,0.1438026426090775,0.1438026426090775,0.12127260388806833,0.12127260388806833,0.11196359426769391,0.10698175721528083,0.12901680571633867,0.083429803201469,0.08483493672907269,0.08707037643207856,0.11082990698974093,0.10736497545008183,0.11514111213125225,0.12277354197437228,0.10886591353638578,0.198858329008822,0.23595066065226938,0.1446169813580296,0.10567242824637739,0.10214362700091813
Coombs,0.2747052013891661,0.12877729431958804,0.37879525767434435,0.32128058760129335,0.12004311205141512,0.2211009540537304,0.16000958045587002,0.22386331882958765,0.22386331882958765,0.22386331882958765,0.22386331882958765,0.22084547523052972,0.22386331882958765,0.22084547523052972,0.32964751906111533,0.22084547523052972,0.22386331882958765,0.301704522773542,0.19229571673785478,0.1758812023472117,0.15802961957606482,0.15098798451159634,0.11814298830386012,0.12968743762724044,0.16315516346652828,0.0,0.09160512554389047,0.09034369885433716,0.09114207017683924,0.23614226976966987,0.09457506686359826,0.1253762324857291,0.10045107979721368,0.11688156161430681,0.1536385773023033,0.09788032413875694,0.09690631112530437,0.11142070176839249,0.09963674104826155,0.11696139874655702,0.11985150293401461,0.09422378348169734,0.13407847990100197,0.1019041156041675,0.11665801764400623,0.09374476068819608,0.0926110734102431,0.13998642768751746,0.13998642768751746,0.09973254560696179,0.09973254560696179,0.09304219392439424,0.14137559378867112,0.10872220669833539,0.13128418027224462,0.12786715101193566,0.12759570476228493,0.09364895612949582,0.14760289010418745,0.093712825835296,0.10185621332481737,0.09189253921999121,0.15236118318629996,0.2436948624805397,0.12844197836413715,0.12999081872979124,0.1181749231567602
Baldwin,0.2747882320067063,0.10322941199952097,0.3888068340585206,0.32147219671869387,0.10543291684962676,0.18550956049658696,0.12154405013771906,0.19159314997405294,0.19159314997405294,0.19159314997405294,0.19159314997405294,0.18493473314438547,0.19159314997405294,0.18493473314438547,0.3342621053051774,0.18493473314438547,0.19159314997405294,0.29761686160233125,0.21571993134006626,0.1506686359825955,0.16502335236118318,0.0904395034130374,0.05807352999880244,0.06711109336952617,0.10929703405053691,0.09160512554389047,0.0,0.013268931379984831,0.031823080914933535,0.22001516905512755,0.015584208215240909,0.059191249850305376,0.06348648756536665,0.07697896291565207,0.12660572432238235,0.05754660492595106,0.043958325016965394,0.06433276116721888,0.04574667677937008,0.07709073490080236,0.08175322342421461,0.03567123068939364,0.10295796574987026,0.049099836333878884,0.0782084547523053,0.032318071134884836,0.02786315915532314,0.10867430441898528,0.10867430441898528,0.056508722206698336,0.056508722206698336,0.022066983353957927,0.09553311245060077,0.08772504091653027,0.06955410961638257,0.06398147778531794,0.06294359506606523,0.03217436429683446,0.10597580934892818,0.05143108059558501,0.0708953734381861,0.032397908267135046,0.1526166620095006,0.2314318789669075,0.11102151610714144,0.08379705400981997,0.07918246776575785
Strict Nanson,0.2734597421260628,0.10014769869466289,0.38890263861722085,0.3213284898806435,0.10057881920881402,0.18391281785158278,0.11922877330246298,0.1900123747554988,0.1900123747554988,0.1900123747554988,0.1900123747554988,0.1834657299109816,0.1900123747554988,0.1834657299109816,0.33293680890982397,0.1834657299109816,0.1900123747554988,0.29742525248493074,0.21445850465051294,0.1476188575306375,0.16264420582012695,0.0907428845155882,0.05435311963594268,0.06722286535467646,0.10889784838928586,0.09034369885433716,0.013268931379984831,0.0,0.023280507764161112,0.22250608758133408,0.02427048820406371,0.05960640293800647,0.05676420102989901,0.07598898247574946,0.12855375034928745,0.053714422577941,0.04062113288890663,0.0681170412358788,0.043511237076364215,0.07608478703444972,0.08461139275877211,0.028390084228174524,0.10551275398187697,0.046592950381222305,0.07870344497225659,0.029172488124226577,0.022993094088060356,0.11138876691549239,0.11138876691549239,0.05074448125823321,0.05074448125823321,0.022833419823559936,0.09355315157079558,0.0828549758492675,0.06985749071893338,0.0653706438864716,0.06343858528601652,0.02901281385972616,0.10450680611552433,0.04517184942716858,0.06626481976767394,0.028214442537224063,0.14991816693944354,0.23234202227455988,0.10629515787792902,0.08028422019081075,0.07547802482934814
Weak Nanson,0.27104945910342904,0.09403217436429684,0.3884874855295198,0.321536066424494,0.09326573789469482,0.1822841403536785,0.11461418705840086,0.18764919564089258,0.18764919564089258,0.18764919564089258,0.18764919564089258,0.1815656061634266,0.18764919564089258,0.1815656061634266,0.32991896531076603,0.1815656061634266,0.18764919564089258,0.29785637299908185,0.2131012734022594,0.1442337631232286,0.16036086383777096,0.09267494311604327,0.05446489162109297,0.06920282623448165,0.11054249331364017,0.09114207017683924,0.031823080914933535,0.023280507764161112,0.0,0.22660971617899486,0.04165901560815936,0.062241028302263385,0.04929144545127939,0.08288691070216758,0.1320027144624965,0.046672787513472515,0.04545926310326933,0.07547802482934814,0.049179673466129094,0.08298271526086783,0.09138158157358987,0.034872859366891544,0.10969621971178796,0.05227735419743723,0.07937407688315835,0.035064468484292045,0.030386012534429765,0.11568400463055367,0.11568400463055367,0.04308011656221308,0.04308011656221308,0.03883278112650194,0.09101433076523892,0.07562173166739851,0.07178954931938845,0.06944233763123228,0.06581773182707278,0.034904794219791625,0.10260668236796934,0.0333719212805876,0.056508722206698336,0.034313999441140074,0.1472675741487366,0.2352001916091174,0.09968464332761168,0.07811265019360504,0.06739850704562692
Iterated Removal Condorcet Loser,0.3245435311963595,0.2708394874456109,0.3996806514709992,0.32195121951219513,0.24757494710789987,0.26135483613428606,0.26846034090455473,0.2869985230130534,0.2869985230130534,0.2869985230130534,0.2869985230130534,0.2610354876052852,0.2869985230130534,0.2610354876052852,0.3841124106822083,0.2610354876052852,0.2869985230130534,0.31125304379066704,0.2684124386252046,0.2527164584248134,0.2548081912897689,0.2338269929344138,0.225907149415193,0.22718454353119635,0.22667358588479503,0.23614226976966987,0.22001516905512755,0.22250608758133408,0.22660971617899486,0.0,0.21602331244261705,0.222474152728434,0.23895253682487724,0.1736776974971059,0.14056125503971897,0.21948824398227615,0.20748073929184463,0.17848389285856853,0.199624765478424,0.1735659255119556,0.1559219192846593,0.20978004870065067,0.1177917049219592,0.19069897409285058,0.20879006826074809,0.2192008303061754,0.21562412678136603,0.15239311803920003,0.15239311803920003,0.24187457586523492,0.24187457586523492,0.22311284978643567,0.22729631551634666,0.2380583609436749,0.22736018522214682,0.2156560616342661,0.22336832860963635,0.2192008303061754,0.23571114925551875,0.23157558580495788,0.24085266057243224,0.21896131890942477,0.25215759849906194,0.1274360304977845,0.24957087541415512,0.2444612989501417,0.2386331882958764
