,NN,Min Violations Committee,Max Violations Committee,Random Choice,Borda ranking,Plurality ranking,STV,Approval Voting (AV),Proportional Approval Voting (PAV),Approval Chamberlin-Courant (CC),Lexicographic Chamberlin-Courant (lex-CC),Sequential Approval Chamberlin-Courant (seq-CC),Monroe's Approval Rule (Monroe),Greedy Monroe,Minimax Approval Voting (MAV),Method of Equal Shares (aka Rule X) with Phragmén phase,E Pluribus Hugo (EPH),Random Serial Dictator,Anti-Plurality,Two-Approval,Three-Approval,Instant Runoff,Bottom-Two-Runoff Instant Runoff,Benham,PluralityWRunoff PUT,Coombs,Baldwin,Strict Nanson,Weak Nanson,Iterated Removal Condorcet Loser,Raynaud,Tideman Alternative Top Cycle,Knockout Voting,Banks,Condorcet,Copeland,Llull,Uncovered Set,Uncovered Set - Fishburn,Uncovered Set - Bordes,Uncovered Set - McKelvey,Slater,Top Cycle,GOCHA,Bipartisan Set,Minimax,Split Cycle,Ranked Pairs ZT,Ranked Pairs TB,Simple Stable Voting,Stable Voting,Loss-Trimmer Voting,Daunou,Blacks,Condorcet IRV,Condorcet IRV PUT,Smith IRV,Smith-Minimax,Condorcet Plurality,Copeland-Local-Borda,Copeland-Global-Borda,Borda-Minimax Faceoff,Bucklin,Simplified Bucklin,Weighted Bucklin,Bracket Voting,Superior Voting
Min Violations Committee,0.21011217117081155,0.0,0.34090455470839487,0.3197636820885394,0.10824318390483414,0.1881601532872939,0.09762484531555626,0.181709313001477,0.181709313001477,0.181709313001477,0.181709313001477,0.1882240229930941,0.181709313001477,0.1882240229930941,0.26509121392359586,0.1882240229930941,0.181709313001477,0.2966907508682288,0.22734421779569677,0.1575186619296635,0.1791225899165702,0.12619057123468125,0.09732146421300547,0.10150492994291645,0.14244541136082392,0.12325256476787354,0.0942876531874975,0.09139754900003992,0.0868947347411281,0.2553830186419704,0.1000039918566125,0.10503373118837571,0.0734501616701928,0.13316833659334956,0.14881641451439065,0.08646361422697697,0.09562891700930103,0.12949582850983993,0.09625164664085266,0.13323220629914972,0.1408007664364696,0.09744920362460581,0.14586244062113288,0.09636341862600295,0.09404814179074687,0.08980080635503573,0.09522973134804998,0.14428166540257875,0.14428166540257875,0.06794139954492835,0.06794139954492835,0.08715021356432877,0.11116522294519181,0.08849147738613229,0.10319747714662089,0.10754061714103229,0.10580016765797773,0.08970500179633548,0.10915332721248652,0.07764959482655383,0.07028861123308451,0.0907428845155882,0.1553949942118079,0.23175122749590835,0.11338469522174764,0.08809229172488124,0.08427607680332122
Max Violations Committee,0.2346972176759411,0.34090455470839487,0.0,0.3205301185581414,0.3786196159833939,0.36356233284100437,0.37069977246417307,0.34976647638816816,0.34976647638816816,0.34976647638816816,0.34976647638816816,0.36373797453195483,0.34976647638816816,0.36373797453195483,0.07586124306414914,0.36373797453195483,0.34976647638816816,0.32688515428525805,0.35509959682248216,0.37026865195002195,0.36557422857370964,0.37869945311564407,0.38566125104786236,0.3838409644325576,0.3799129775258473,0.3788112251007944,0.38835974611791946,0.38832781126501936,0.3882799089856692,0.39985629316194965,0.3885194203824199,0.38439982435830905,0.3878487884715181,0.39800407169374474,0.3999680651470999,0.3958804039758892,0.3993772703684484,0.3966149055925911,0.4,0.39800407169374474,0.39998403257355,0.3944433355953854,0.3998403257354996,0.4,0.3980519739730949,0.3935491597141831,0.39377270368448364,0.3997125863238992,0.3997125863238992,0.3884236158237196,0.3884236158237196,0.39089856692347613,0.382084547523053,0.3834577461977566,0.38356951818290685,0.38703444972256595,0.3838569318590076,0.3934533551554828,0.38087102311284976,0.38885473633787077,0.3877689513392679,0.39190451478982874,0.36980559658297074,0.3921440261865794,0.3763522414274879,0.3831543650952058,0.3850864236956609
Random Choice,0.3206075605764241,0.3197636820885394,0.3205301185581414,0.0,0.31938046385373836,0.31960400782403897,0.32027463973494075,0.31990738892658976,0.31990738892658976,0.31990738892658976,0.31990738892658976,0.31965191010338906,0.31990738892658976,0.31965191010338906,0.32137639215999364,0.31965191010338906,0.31990738892658976,0.3202267374555906,0.3197956169414395,0.32057802083749154,0.31963594267693907,0.31977964951498944,0.3195720729711389,0.31965191010338906,0.3199552912059399,0.3198435192207896,0.3197956169414395,0.3197956169414395,0.3198594866472396,0.32088140194004233,0.3200670631910902,0.3201309328968903,0.3198594866472396,0.31971577980918925,0.3203385094407409,0.31934852900083827,0.31952417069178873,0.3198914215001397,0.3195401381182388,0.31963594267693907,0.3198594866472396,0.31910901760408766,0.31998722605883995,0.3193964312801884,0.3195880403975889,0.3197636820885394,0.3195082032653387,0.32045028142589116,0.32045028142589116,0.3198594866472396,0.3198594866472396,0.31987545407368967,0.32021077002914056,0.31987545407368967,0.3195880403975889,0.3196678775298391,0.31998722605883995,0.31971577980918925,0.3204183465729911,0.31917288730988785,0.31963594267693907,0.3195720729711389,0.31955610554468883,0.319236757015688,0.3189972456189374,0.31993932377948986,0.3195880403975889
Borda ranking,0.23423256556624486,0.10824318390483414,0.3786196159833939,0.31938046385373836,0.0,0.1735978603648557,0.12695700770428325,0.17509879845115964,0.17509879845115964,0.17509879845115964,0.17509879845115964,0.17340625124745518,0.17509879845115964,0.17340625124745518,0.32260588399664686,0.17340625124745518,0.17509879845115964,0.29491836653227416,0.19791625084826953,0.12021875374236557,0.13655343100075845,0.1273082910861842,0.10033930781206339,0.10950461059438744,0.13631391960400782,0.11434274080875015,0.1016007345016167,0.0962676140673027,0.09047143826593748,0.2386651231487765,0.10896171809508602,0.10916929463893657,0.05117560177238434,0.11546046066025309,0.14749111811903717,0.08143387489521377,0.09229172488124227,0.11844636940641093,0.09770468244780647,0.11555626521895333,0.12270967226857211,0.09810386810905752,0.1347012095325536,0.10053091692946389,0.1101752425052892,0.08595265658057563,0.08861921679773263,0.13557941798730588,0.13557941798730588,0.06755818131012734,0.06755818131012734,0.1002275358269131,0.10976008941758812,0.021124905193405454,0.11007943794658896,0.11116522294519181,0.110095405373039,0.08579298231607521,0.11268212845794578,0.07990100195600974,0.050233523611831865,0.07399305416949423,0.11189972456189373,0.19785238114246936,0.034856891940441496,0.10372440221947228,0.08622410283022634
Plurality ranking,0.26280787194123983,0.1881601532872939,0.36356233284100437,0.31960400782403897,0.1735978603648557,0.0,0.16127100714542333,0.04870065067262784,0.04870065067262784,0.04870065067262784,0.04870065067262784,0.004614586244062113,0.04870065067262784,0.004614586244062113,0.32985509560496584,0.004614586244062113,0.04870065067262784,0.2825755458863918,0.2824797413276915,0.2052932018681889,0.2538341782763163,0.14892818649954093,0.15577821244660892,0.16042473354357112,0.1297513073330406,0.21171210730110573,0.17573749550916132,0.17410881801125705,0.17225659654305217,0.2524769470280627,0.17869146940241906,0.16417707875933096,0.17244820566045269,0.18325815336713105,0.20179633547562972,0.17394914374675663,0.17495509161310926,0.18499860285018563,0.177142629036765,0.18325815336713105,0.1859406810107381,0.17560975609756097,0.19128976887150215,0.17773342381541654,0.1824278471917289,0.17209692227855175,0.17204901999920164,0.1931100554868069,0.1931100554868069,0.17000518941359627,0.17000518941359627,0.17624845315556265,0.1107820047103908,0.17206498742565168,0.1587481537663167,0.16424094846513113,0.16230888986467606,0.17206498742565168,0.08180112570356472,0.17294319588040397,0.17156999720570038,0.17163386691150054,0.23267733823001077,0.2406450840285817,0.1793940361662209,0.14310007584527565,0.15775817332641412
STV,0.23210011576384176,0.09762484531555626,0.37069977246417307,0.32027463973494075,0.12695700770428325,0.16127100714542333,0.0,0.15488403656540656,0.15488403656540656,0.15488403656540656,0.15488403656540656,0.1614466488363738,0.15488403656540656,0.1614466488363738,0.3043391481377989,0.1614466488363738,0.15488403656540656,0.29159714183066543,0.24794219791625086,0.16596543052173565,0.2020198794459303,0.06554628557742206,0.1015208973693665,0.07772943195880404,0.11205939882639415,0.1549000039918566,0.11268212845794578,0.11140473434194244,0.10894575066863599,0.2546165821723684,0.11734461698135804,0.08665522334437747,0.10006786156241268,0.14059318989261907,0.16050457067582133,0.10980799169693825,0.11676978962915652,0.1448724601812303,0.11978763322821444,0.14065705959841923,0.14797014091253843,0.11675382220270648,0.15502774340345696,0.12160791984351922,0.12085745080036725,0.11273003073729591,0.11515707955770228,0.1541016326693545,0.1541016326693545,0.09749710590395592,0.09749710590395592,0.1067422458185302,0.10972815456468804,0.11159634345934294,0.07558979681449843,0.08406850025947069,0.08346173805436909,0.11263422617859567,0.10838689074288452,0.10512953574707597,0.101329288251966,0.11221907309089457,0.17765358668316633,0.23306055646481177,0.131811105345096,0.08753343179912977,0.08844357510678216
Approval Voting (AV),0.2467574148736578,0.181709313001477,0.34976647638816816,0.31990738892658976,0.17509879845115964,0.04870065067262784,0.15488403656540656,0.0,0.0,0.0,0.0,0.052836214123188695,0.0,0.052836214123188695,0.3084268093090096,0.052836214123188695,0.0,0.2825116761805916,0.2845395393397469,0.2081194363498463,0.25685202187537426,0.15269649914175082,0.15895573031016727,0.16435272045028143,0.1395393397469163,0.21311724082870942,0.17948984072492116,0.17743004271286575,0.17471558021635863,0.2732984711189174,0.1828270328529799,0.16840844676859207,0.17310287014490439,0.19528162548401262,0.2136761007544609,0.1789309807991697,0.18218833579497826,0.19568081114526367,0.18493473314438547,0.19526565805756257,0.19869865474432158,0.18190092211887748,0.20481417907468763,0.18605245299588838,0.1886870783601453,0.17663167139036365,0.17735020558061554,0.2061394754700411,0.2061394754700411,0.1705959841922478,0.1705959841922478,0.17974531954812184,0.12481737255997764,0.17300706558620416,0.16267614067302702,0.1702447008103469,0.1662847790507365,0.17658376911101353,0.10599177677537823,0.17495509161310926,0.17268771705720332,0.17612071374396232,0.2345135922717656,0.25626122709672267,0.18025627719452317,0.14295636900722525,0.15941878567721848
Proportional Approval Voting (PAV),0.2467574148736578,0.181709313001477,0.34976647638816816,0.31990738892658976,0.17509879845115964,0.04870065067262784,0.15488403656540656,0.0,0.0,0.0,0.0,0.052836214123188695,0.0,0.052836214123188695,0.3084268093090096,0.052836214123188695,0.0,0.2825116761805916,0.2845395393397469,0.2081194363498463,0.25685202187537426,0.15269649914175082,0.15895573031016727,0.16435272045028143,0.1395393397469163,0.21311724082870942,0.17948984072492116,0.17743004271286575,0.17471558021635863,0.2732984711189174,0.1828270328529799,0.16840844676859207,0.17310287014490439,0.19528162548401262,0.2136761007544609,0.1789309807991697,0.18218833579497826,0.19568081114526367,0.18493473314438547,0.19526565805756257,0.19869865474432158,0.18190092211887748,0.20481417907468763,0.18605245299588838,0.1886870783601453,0.17663167139036365,0.17735020558061554,0.2061394754700411,0.2061394754700411,0.1705959841922478,0.1705959841922478,0.17974531954812184,0.12481737255997764,0.17300706558620416,0.16267614067302702,0.1702447008103469,0.1662847790507365,0.17658376911101353,0.10599177677537823,0.17495509161310926,0.17268771705720332,0.17612071374396232,0.2345135922717656,0.25626122709672267,0.18025627719452317,0.14295636900722525,0.15941878567721848
Approval Chamberlin-Courant (CC),0.2467574148736578,0.181709313001477,0.34976647638816816,0.31990738892658976,0.17509879845115964,0.04870065067262784,0.15488403656540656,0.0,0.0,0.0,0.0,0.052836214123188695,0.0,0.052836214123188695,0.3084268093090096,0.052836214123188695,0.0,0.2825116761805916,0.2845395393397469,0.2081194363498463,0.25685202187537426,0.15269649914175082,0.15895573031016727,0.16435272045028143,0.1395393397469163,0.21311724082870942,0.17948984072492116,0.17743004271286575,0.17471558021635863,0.2732984711189174,0.1828270328529799,0.16840844676859207,0.17310287014490439,0.19528162548401262,0.2136761007544609,0.1789309807991697,0.18218833579497826,0.19568081114526367,0.18493473314438547,0.19526565805756257,0.19869865474432158,0.18190092211887748,0.20481417907468763,0.18605245299588838,0.1886870783601453,0.17663167139036365,0.17735020558061554,0.2061394754700411,0.2061394754700411,0.1705959841922478,0.1705959841922478,0.17974531954812184,0.12481737255997764,0.17300706558620416,0.16267614067302702,0.1702447008103469,0.1662847790507365,0.17658376911101353,0.10599177677537823,0.17495509161310926,0.17268771705720332,0.17612071374396232,0.2345135922717656,0.25626122709672267,0.18025627719452317,0.14295636900722525,0.15941878567721848
Lexicographic Chamberlin-Courant (lex-CC),0.2467574148736578,0.181709313001477,0.34976647638816816,0.31990738892658976,0.17509879845115964,0.04870065067262784,0.15488403656540656,0.0,0.0,0.0,0.0,0.052836214123188695,0.0,0.052836214123188695,0.3084268093090096,0.052836214123188695,0.0,0.2825116761805916,0.2845395393397469,0.2081194363498463,0.25685202187537426,0.15269649914175082,0.15895573031016727,0.16435272045028143,0.1395393397469163,0.21311724082870942,0.17948984072492116,0.17743004271286575,0.17471558021635863,0.2732984711189174,0.1828270328529799,0.16840844676859207,0.17310287014490439,0.19528162548401262,0.2136761007544609,0.1789309807991697,0.18218833579497826,0.19568081114526367,0.18493473314438547,0.19526565805756257,0.19869865474432158,0.18190092211887748,0.20481417907468763,0.18605245299588838,0.1886870783601453,0.17663167139036365,0.17735020558061554,0.2061394754700411,0.2061394754700411,0.1705959841922478,0.1705959841922478,0.17974531954812184,0.12481737255997764,0.17300706558620416,0.16267614067302702,0.1702447008103469,0.1662847790507365,0.17658376911101353,0.10599177677537823,0.17495509161310926,0.17268771705720332,0.17612071374396232,0.2345135922717656,0.25626122709672267,0.18025627719452317,0.14295636900722525,0.15941878567721848
Sequential Approval Chamberlin-Courant (seq-CC),0.2627088738972496,0.1882240229930941,0.36373797453195483,0.31965191010338906,0.17340625124745518,0.004614586244062113,0.1614466488363738,0.052836214123188695,0.052836214123188695,0.052836214123188695,0.052836214123188695,0.0,0.052836214123188695,0.0,0.32985509560496584,0.0,0.052836214123188695,0.28255957845994173,0.2820326533870903,0.20519739730948863,0.2534509600415153,0.1481138477505888,0.1553151570795577,0.15978603648556944,0.1286495549079877,0.21136082391920483,0.17500299389245938,0.1735978603648557,0.171809508602451,0.25220550077841203,0.1779410003592671,0.16358628398067943,0.1720809548521017,0.18225220550077842,0.20150892179952895,0.17334238154165502,0.1743642968344577,0.18413636182188337,0.17661570396391363,0.18225220550077842,0.1851103748353359,0.17509879845115964,0.19079477865155084,0.17730230330126542,0.18196479182467765,0.17152209492635023,0.1713943555147499,0.19266296754620574,0.19266296754620574,0.16960600375234522,0.16960600375234522,0.17578539778851143,0.1094088060356872,0.17163386691150054,0.158093489281865,0.16345854456907907,0.16167019280667438,0.17149016007345017,0.07907069578060756,0.17262384735140313,0.17120274639734942,0.1710111372799489,0.23248572911261028,0.24051734461698135,0.1789309807991697,0.14298830386012534,0.15739092251806316
Monroe's Approval Rule (Monroe),0.2467574148736578,0.181709313001477,0.34976647638816816,0.31990738892658976,0.17509879845115964,0.04870065067262784,0.15488403656540656,0.0,0.0,0.0,0.0,0.052836214123188695,0.0,0.052836214123188695,0.3084268093090096,0.052836214123188695,0.0,0.2825116761805916,0.2845395393397469,0.2081194363498463,0.25685202187537426,0.15269649914175082,0.15895573031016727,0.16435272045028143,0.1395393397469163,0.21311724082870942,0.17948984072492116,0.17743004271286575,0.17471558021635863,0.2732984711189174,0.1828270328529799,0.16840844676859207,0.17310287014490439,0.19528162548401262,0.2136761007544609,0.1789309807991697,0.18218833579497826,0.19568081114526367,0.18493473314438547,0.19526565805756257,0.19869865474432158,0.18190092211887748,0.20481417907468763,0.18605245299588838,0.1886870783601453,0.17663167139036365,0.17735020558061554,0.2061394754700411,0.2061394754700411,0.1705959841922478,0.1705959841922478,0.17974531954812184,0.12481737255997764,0.17300706558620416,0.16267614067302702,0.1702447008103469,0.1662847790507365,0.17658376911101353,0.10599177677537823,0.17495509161310926,0.17268771705720332,0.17612071374396232,0.2345135922717656,0.25626122709672267,0.18025627719452317,0.14295636900722525,0.15941878567721848
Greedy Monroe,0.2627088738972496,0.1882240229930941,0.36373797453195483,0.31965191010338906,0.17340625124745518,0.004614586244062113,0.1614466488363738,0.052836214123188695,0.052836214123188695,0.052836214123188695,0.052836214123188695,0.0,0.052836214123188695,0.0,0.32985509560496584,0.0,0.052836214123188695,0.28255957845994173,0.2820326533870903,0.20519739730948863,0.2534509600415153,0.1481138477505888,0.1553151570795577,0.15978603648556944,0.1286495549079877,0.21136082391920483,0.17500299389245938,0.1735978603648557,0.171809508602451,0.25220550077841203,0.1779410003592671,0.16358628398067943,0.1720809548521017,0.18225220550077842,0.20150892179952895,0.17334238154165502,0.1743642968344577,0.18413636182188337,0.17661570396391363,0.18225220550077842,0.1851103748353359,0.17509879845115964,0.19079477865155084,0.17730230330126542,0.18196479182467765,0.17152209492635023,0.1713943555147499,0.19266296754620574,0.19266296754620574,0.16960600375234522,0.16960600375234522,0.17578539778851143,0.1094088060356872,0.17163386691150054,0.158093489281865,0.16345854456907907,0.16167019280667438,0.17149016007345017,0.07907069578060756,0.17262384735140313,0.17120274639734942,0.1710111372799489,0.23248572911261028,0.24051734461698135,0.1789309807991697,0.14298830386012534,0.15739092251806316
Minimax Approval Voting (MAV),0.16266815695980202,0.26509121392359586,0.07586124306414914,0.32137639215999364,0.32260588399664686,0.32985509560496584,0.3043391481377989,0.3084268093090096,0.3084268093090096,0.3084268093090096,0.3084268093090096,0.32985509560496584,0.3084268093090096,0.32985509560496584,0.0,0.32985509560496584,0.3084268093090096,0.32131252245419345,0.3330645483214243,0.3290567242824638,0.33057362979521776,0.32980719332561576,0.3291844636940641,0.32873737575346296,0.33697656780168456,0.328769310606363,0.3322342421460221,0.33094088060356874,0.32851383178316235,0.3804878048780488,0.33494870464252924,0.33106862001516907,0.3217117081154445,0.3524969063111253,0.3524969063111253,0.3328889066304738,0.33863718015248895,0.3524969063111253,0.3392599097840406,0.3524969063111253,0.3524969063111253,0.336753023831384,0.3524969063111253,0.3392918446369406,0.3387489521376392,0.33280906949822364,0.3353957925831304,0.35243303660532516,0.35243303660532516,0.32048221627879125,0.32048221627879125,0.3301584767075167,0.32752385134325973,0.3214881641451439,0.32900882200311365,0.3346293561135284,0.33047782523651753,0.33271326493952336,0.3252564767873538,0.3249211608319029,0.3206578579697417,0.33244181868987266,0.3267414474472077,0.3670911340864636,0.3212007504690432,0.32043431399944117,0.32139235958644363
Method of Equal Shares (aka Rule X) with Phragmén phase,0.2627088738972496,0.1882240229930941,0.36373797453195483,0.31965191010338906,0.17340625124745518,0.004614586244062113,0.1614466488363738,0.052836214123188695,0.052836214123188695,0.052836214123188695,0.052836214123188695,0.0,0.052836214123188695,0.0,0.32985509560496584,0.0,0.052836214123188695,0.28255957845994173,0.2820326533870903,0.20519739730948863,0.2534509600415153,0.1481138477505888,0.1553151570795577,0.15978603648556944,0.1286495549079877,0.21136082391920483,0.17500299389245938,0.1735978603648557,0.171809508602451,0.25220550077841203,0.1779410003592671,0.16358628398067943,0.1720809548521017,0.18225220550077842,0.20150892179952895,0.17334238154165502,0.1743642968344577,0.18413636182188337,0.17661570396391363,0.18225220550077842,0.1851103748353359,0.17509879845115964,0.19079477865155084,0.17730230330126542,0.18196479182467765,0.17152209492635023,0.1713943555147499,0.19266296754620574,0.19266296754620574,0.16960600375234522,0.16960600375234522,0.17578539778851143,0.1094088060356872,0.17163386691150054,0.158093489281865,0.16345854456907907,0.16167019280667438,0.17149016007345017,0.07907069578060756,0.17262384735140313,0.17120274639734942,0.1710111372799489,0.23248572911261028,0.24051734461698135,0.1789309807991697,0.14298830386012534,0.15739092251806316
E Pluribus Hugo (EPH),0.2467574148736578,0.181709313001477,0.34976647638816816,0.31990738892658976,0.17509879845115964,0.04870065067262784,0.15488403656540656,0.0,0.0,0.0,0.0,0.052836214123188695,0.0,0.052836214123188695,0.3084268093090096,0.052836214123188695,0.0,0.2825116761805916,0.2845395393397469,0.2081194363498463,0.25685202187537426,0.15269649914175082,0.15895573031016727,0.16435272045028143,0.1395393397469163,0.21311724082870942,0.17948984072492116,0.17743004271286575,0.17471558021635863,0.2732984711189174,0.1828270328529799,0.16840844676859207,0.17310287014490439,0.19528162548401262,0.2136761007544609,0.1789309807991697,0.18218833579497826,0.19568081114526367,0.18493473314438547,0.19526565805756257,0.19869865474432158,0.18190092211887748,0.20481417907468763,0.18605245299588838,0.1886870783601453,0.17663167139036365,0.17735020558061554,0.2061394754700411,0.2061394754700411,0.1705959841922478,0.1705959841922478,0.17974531954812184,0.12481737255997764,0.17300706558620416,0.16267614067302702,0.1702447008103469,0.1662847790507365,0.17658376911101353,0.10599177677537823,0.17495509161310926,0.17268771705720332,0.17612071374396232,0.2345135922717656,0.25626122709672267,0.18025627719452317,0.14295636900722525,0.15941878567721848
Random Serial Dictator,0.30730110574428166,0.2966907508682288,0.32688515428525805,0.3202267374555906,0.29491836653227416,0.2825755458863918,0.29159714183066543,0.2825116761805916,0.2825116761805916,0.2825116761805916,0.2825116761805916,0.28255957845994173,0.2825116761805916,0.28255957845994173,0.32131252245419345,0.28255957845994173,0.2825116761805916,0.0,0.31117320665841686,0.29825555866033293,0.3071653826194563,0.2906390962436629,0.2919963274919165,0.29218793660931697,0.2893297672747595,0.29911779968863517,0.2938006466807712,0.2936729072691709,0.2938325815336713,0.3102311284978644,0.29472675741487364,0.2927308291086184,0.2940401580775219,0.2968344577062792,0.30196000159674263,0.29458305057682327,0.2944393437387729,0.2969142948385294,0.29531755219352523,0.29688235998562934,0.297537024470081,0.2948065945471239,0.2991657019679853,0.2959243143986268,0.2966109137359786,0.2940561255039719,0.2945511157239232,0.2984791026306335,0.2984791026306335,0.2938645163865714,0.2938645163865714,0.2940401580775219,0.28931379984830946,0.2950461059438745,0.2919963274919165,0.292571154844118,0.292203904035767,0.29415193006267215,0.2883397868348569,0.29421579976847234,0.29426370204782243,0.29418386491557225,0.3031735260069458,0.30687796894335556,0.2957327052812263,0.2913576304339148,0.2932098519021197
Anti-Plurality,0.28298910223144796,0.22734421779569677,0.35509959682248216,0.3197956169414395,0.19791625084826953,0.2824797413276915,0.24794219791625086,0.2845395393397469,0.2845395393397469,0.2845395393397469,0.2845395393397469,0.2820326533870903,0.2845395393397469,0.2820326533870903,0.3330645483214243,0.2820326533870903,0.2845395393397469,0.31117320665841686,0.0,0.25638896650832305,0.21179194443335594,0.2474631751227496,0.2297552991896531,0.23163945551075804,0.250273442177957,0.1995768631990739,0.2191688954532753,0.21829068699852303,0.21785956648437188,0.26809309009620375,0.22103708434793023,0.22981916889545329,0.2099397229651511,0.21758812023472116,0.23369925352281345,0.21297353399065905,0.21460221148856334,0.2202227455989781,0.21597541016326693,0.21757215280827114,0.21945630912937608,0.217907468763722,0.22429443934373877,0.21707716258831983,0.219424374276476,0.2157358987665163,0.21602331244261705,0.2260987585325935,0.2260987585325935,0.21273402259390842,0.21273402259390842,0.21853019839527363,0.23840964432557582,0.2027863159155323,0.2336034489641132,0.23124026984950702,0.2324218594068101,0.2156560616342661,0.24184264101233482,0.2149375274440142,0.20936489561294958,0.21338868707836015,0.22488523412239034,0.26493153965909544,0.2168855534709193,0.23202267374555907,0.22041435471637857
Two-Approval,0.25183585485609356,0.1575186619296635,0.37026865195002195,0.32057802083749154,0.12021875374236557,0.2052932018681889,0.16596543052173565,0.2081194363498463,0.2081194363498463,0.2081194363498463,0.2081194363498463,0.20519739730948863,0.2081194363498463,0.20519739730948863,0.3290567242824638,0.20519739730948863,0.2081194363498463,0.29825555866033293,0.25638896650832305,0.0,0.1958883876891142,0.16382579537743006,0.1449522973134805,0.15349487046425292,0.17677537822841405,0.16874376272404296,0.1472356392958365,0.1438824797413277,0.14040158077521855,0.24529160512554388,0.15124346333479702,0.15189812781924875,0.13034210211169214,0.15081234282064587,0.17811664205021754,0.13601053850145703,0.13989062312881723,0.1545966228893058,0.14279669474272483,0.1507804079677458,0.15627320266656022,0.14242944393437387,0.1657897888307852,0.1449522973134805,0.15161071414314797,0.13787872739611193,0.13866113129216398,0.16775378228414034,0.16775378228414034,0.13278511835854856,0.13278511835854856,0.14632549598818412,0.15210570436309928,0.12382739212007504,0.1525368248772504,0.15269649914175082,0.1515468444373478,0.13779889026386172,0.15898766516306734,0.1357710271047064,0.12850584806993734,0.13620214761885754,0.13637778930980798,0.16896730669434354,0.11948425212566365,0.15376631671390364,0.14429763282902877
Three-Approval,0.2607640413556345,0.1791225899165702,0.36557422857370964,0.31963594267693907,0.13655343100075845,0.2538341782763163,0.2020198794459303,0.25685202187537426,0.25685202187537426,0.25685202187537426,0.25685202187537426,0.2534509600415153,0.25685202187537426,0.2534509600415153,0.33057362979521776,0.2534509600415153,0.25685202187537426,0.3071653826194563,0.21179194443335594,0.1958883876891142,0.0,0.20178036804917968,0.18071933256157438,0.18451958005668437,0.2127978922997086,0.1592750788391681,0.1704363099277474,0.16807313081314118,0.16655622530038722,0.2534509600415153,0.1728314238952537,0.18241187976527884,0.15376631671390364,0.1710111372799489,0.195042114087262,0.15930701369206818,0.16305935890782802,0.1741726877170572,0.16577382140433516,0.17105903955929902,0.17500299389245938,0.16714702007903876,0.18303460939683047,0.16767394515189013,0.17233643367530238,0.16256436868787674,0.1636980559658297,0.18455151490958444,0.18455151490958444,0.15737495509161312,0.15737495509161312,0.16951019919364496,0.19293441379585646,0.1434194243742765,0.1854776256436869,0.1833539579258313,0.18359346932258194,0.16248453155562653,0.19887429643527205,0.1612550397189733,0.15095604965869627,0.1595145902359187,0.059510598379306216,0.22739212007504692,0.1206818091094168,0.1877769350524929,0.17145822522055007
Instant Runoff,0.2536018522214682,0.12619057123468125,0.37869945311564407,0.31977964951498944,0.1273082910861842,0.14892818649954093,0.06554628557742206,0.15269649914175082,0.15269649914175082,0.15269649914175082,0.15269649914175082,0.1481138477505888,0.15269649914175082,0.1481138477505888,0.32980719332561576,0.1481138477505888,0.15269649914175082,0.2906390962436629,0.2474631751227496,0.16382579537743006,0.20178036804917968,0.0,0.06859606402938007,0.027815256875973016,0.07134246137878728,0.14482455790188017,0.0871981158436789,0.08817212885713145,0.09004031775178635,0.22573150772424255,0.08850744481258233,0.040573230609556504,0.10219152928026826,0.11335276036884755,0.14517584128378108,0.09861482575545887,0.09660293002275358,0.10669434353918007,0.09946109935731108,0.11341663007464772,0.11563610235120354,0.09334557502694503,0.12802682527643608,0.10136122310486607,0.11327292323659734,0.09372879326174603,0.0920362460580416,0.1330246297552992,0.1330246297552992,0.10054688435591394,0.10054688435591394,0.089146141870584,0.0952776336274001,0.11279390044309609,0.022993094088060356,0.03990259869865474,0.034713185102391124,0.09368089098239592,0.10201588758931779,0.09481457826034889,0.10351682567562173,0.09237156201349248,0.17902678535786995,0.21616701928066745,0.13259350924114804,0.08871502135643287,0.08881082591513313
Bottom-Two-Runoff Instant Runoff,0.24839886631272207,0.09732146421300547,0.38566125104786236,0.3195720729711389,0.10033930781206339,0.15577821244660892,0.1015208973693665,0.15895573031016727,0.15895573031016727,0.15895573031016727,0.15895573031016727,0.1553151570795577,0.15895573031016727,0.1553151570795577,0.3291844636940641,0.1553151570795577,0.15895573031016727,0.2919963274919165,0.2297552991896531,0.1449522973134805,0.18071933256157438,0.06859606402938007,0.0,0.0445331523691669,0.08727795297592911,0.10832302103708434,0.05194203824198635,0.04890822721647838,0.04919564089257914,0.21704522773541973,0.05733902838210052,0.04232964751906112,0.06479581653427009,0.08330206378986867,0.12167178954931938,0.06037283940760848,0.05754660492595106,0.07686719093050177,0.06149055925911141,0.0833499660692188,0.08836373797453195,0.05171849427168576,0.1037723044988224,0.06412518462336833,0.0827432038641172,0.05400183625404176,0.05181429883038601,0.10832302103708434,0.10832302103708434,0.06342261785956649,0.06342261785956649,0.05387409684244142,0.062113288890663046,0.08009261107341024,0.04560296994131971,0.050504969861482576,0.043495269649914174,0.05395393397469163,0.07624446129895014,0.052692507285138315,0.06730270248692667,0.05270847471158836,0.15616143068140992,0.20787992495309568,0.1073170731707317,0.0709752105704363,0.06484371881362022
Benham,0.24964991417508284,0.10150492994291645,0.3838409644325576,0.31965191010338906,0.10950461059438744,0.16042473354357112,0.07772943195880404,0.16435272045028143,0.16435272045028143,0.16435272045028143,0.16435272045028143,0.15978603648556944,0.16435272045028143,0.15978603648556944,0.32873737575346296,0.15978603648556944,0.16435272045028143,0.29218793660931697,0.23163945551075804,0.15349487046425292,0.18451958005668437,0.027815256875973016,0.0445331523691669,0.0,0.0789748912219073,0.12187936609316993,0.061857810067462375,0.06278392080156481,0.06485968624007026,0.2183226218514231,0.06311923675701568,0.013875693585086423,0.07753782284140354,0.09002435032533632,0.1226298351363219,0.07340225939084268,0.07193325615743883,0.08295078040796774,0.0749351323300467,0.09012015488403656,0.09254720370444294,0.06821284579457906,0.10549678655542694,0.0770268651950022,0.08893856532673346,0.06934653307253204,0.06765398586882759,0.11033491676978963,0.11033491676978963,0.07563769909384854,0.07563769909384854,0.06356632469761686,0.07348209652309289,0.0892579138557343,0.004822162787912658,0.019639934533551555,0.014322781525687597,0.06928266336673186,0.08071534070496188,0.0692187936609317,0.07871941239870664,0.06755818131012734,0.16187776935052492,0.211807911859806,0.11585964632150413,0.06802123667717856,0.061714103229412
PluralityWRunoff PUT,0.26107141431479786,0.14244541136082392,0.3799129775258473,0.3199552912059399,0.13631391960400782,0.1297513073330406,0.11205939882639415,0.1395393397469163,0.1395393397469163,0.1395393397469163,0.1395393397469163,0.1286495549079877,0.1395393397469163,0.1286495549079877,0.33697656780168456,0.1286495549079877,0.1395393397469163,0.2893297672747595,0.250273442177957,0.17677537822841405,0.2127978922997086,0.07134246137878728,0.08727795297592911,0.0789748912219073,0.0,0.15435711149255518,0.10184024589836733,0.10268651950021955,0.10477825236517505,0.2199193644964273,0.10267055207376952,0.08307851981956808,0.11565206977765359,0.11838249970061075,0.14892818649954093,0.11055846074009022,0.10766835655263263,0.11250648676699533,0.11025507963753942,0.11838249970061075,0.1188934573470121,0.10551275398187697,0.13102870144904394,0.11258632389924554,0.12191130094607001,0.10752464971458225,0.10530517743802642,0.13680890982395913,0.13680890982395913,0.11488563330805157,0.11488563330805157,0.10479421979162508,0.10150492994291645,0.12395513153167538,0.07841603129615585,0.07894295636900722,0.08232805077641611,0.107428845155882,0.10222346413316834,0.10900962037443615,0.11708913815815736,0.10535307971737655,0.19202427048820406,0.21667797692706878,0.14263702047822444,0.1004191449443136,0.09513392678934973
Coombs,0.2537838808829987,0.12325256476787354,0.3788112251007944,0.3198435192207896,0.11434274080875015,0.21171210730110573,0.1549000039918566,0.21311724082870942,0.21311724082870942,0.21311724082870942,0.21311724082870942,0.21136082391920483,0.21311724082870942,0.21136082391920483,0.328769310606363,0.21136082391920483,0.21311724082870942,0.29911779968863517,0.1995768631990739,0.16874376272404296,0.1592750788391681,0.14482455790188017,0.10832302103708434,0.12187936609316993,0.15435711149255518,0.0,0.08616023312442617,0.08438784878847151,0.08564927547802482,0.225907149415193,0.089146141870584,0.11783960720130933,0.09302622649794419,0.10991976368208854,0.14282862959562492,0.09160512554389047,0.0908546565007385,0.104379066703924,0.0945910342900483,0.11001556824078879,0.11285777014889625,0.0881561614306814,0.12563171130892978,0.09719372480140513,0.11065426529879047,0.08751746437267974,0.08652748393277714,0.1300546884355914,0.1300546884355914,0.09257913855734302,0.09257913855734302,0.08799648716618098,0.13088499461099357,0.1007225260468644,0.12302902079757295,0.11978763322821444,0.11950021955211369,0.08740569238752945,0.13743163945551076,0.08788471518103069,0.09471877370164863,0.08494670871422298,0.14640533312043433,0.21519300626721488,0.12302902079757295,0.12256596543052174,0.11145263662129257
Baldwin,0.25204742325655666,0.0942876531874975,0.38835974611791946,0.3197956169414395,0.1016007345016167,0.17573749550916132,0.11268212845794578,0.17948984072492116,0.17948984072492116,0.17948984072492116,0.17948984072492116,0.17500299389245938,0.17948984072492116,0.17500299389245938,0.3322342421460221,0.17500299389245938,0.17948984072492116,0.2938006466807712,0.2191688954532753,0.1472356392958365,0.1704363099277474,0.0871981158436789,0.05194203824198635,0.061857810067462375,0.10184024589836733,0.08616023312442617,0.0,0.013221029100634706,0.029715380623528003,0.21187178156560615,0.015296794539140153,0.05547083948744561,0.05746676779370085,0.07472755578619616,0.11788750948065946,0.05433715220949264,0.04518781685361862,0.06490758851942038,0.04841323699652708,0.07487126262424654,0.08010857849986029,0.03630992774739531,0.0983274120793581,0.05144704802203505,0.07360983593469322,0.032078559738134206,0.027990898566923477,0.10214362700091813,0.10214362700091813,0.04900403177517863,0.04900403177517863,0.021061035487605285,0.08617620055087621,0.08138597261586364,0.06420502175561854,0.05976607720250689,0.058616422498103865,0.03193485290008383,0.09593229811185182,0.04704003832182348,0.06476388168137001,0.032302103708434796,0.14785836892738813,0.2046066025308371,0.10848269530158476,0.07731427887110295,0.07056005748273522
Strict Nanson,0.24986307931819088,0.09139754900003992,0.38832781126501936,0.3197956169414395,0.0962676140673027,0.17410881801125705,0.11140473434194244,0.17743004271286575,0.17743004271286575,0.17743004271286575,0.17743004271286575,0.1735978603648557,0.17743004271286575,0.1735978603648557,0.33094088060356874,0.1735978603648557,0.17743004271286575,0.2936729072691709,0.21829068699852303,0.1438824797413277,0.16807313081314118,0.08817212885713145,0.04890822721647838,0.06278392080156481,0.10268651950021955,0.08438784878847151,0.013221029100634706,0.0,0.0200391201948026,0.21369206818091094,0.023967107101512914,0.056349047942197916,0.050153686479581655,0.0743603049778452,0.11940441499341344,0.049994012215081235,0.04183465729910982,0.06787752983912818,0.04628956927867151,0.07447207696299549,0.08221627879126582,0.03029020797572951,0.10021156840046305,0.04927547802482935,0.07451997924234562,0.027990898566923477,0.023088898646760607,0.10396391361622291,0.10396391361622291,0.04292044229771266,0.04292044229771266,0.0232006706319109,0.08418027224462098,0.07603688475509959,0.0651790347690711,0.06147459183266137,0.059654305217356596,0.027831224302423057,0.09452716458424813,0.03999840325735499,0.059398826394155925,0.02728833180312163,0.14496826473993055,0.20470240708953735,0.10319747714662089,0.0747435232126462,0.06688754939922557
Weak Nanson,0.2467055207376951,0.0868947347411281,0.3882799089856692,0.3198594866472396,0.09047143826593748,0.17225659654305217,0.10894575066863599,0.17471558021635863,0.17471558021635863,0.17471558021635863,0.17471558021635863,0.171809508602451,0.17471558021635863,0.171809508602451,0.32851383178316235,0.171809508602451,0.17471558021635863,0.2938325815336713,0.21785956648437188,0.14040158077521855,0.16655622530038722,0.09004031775178635,0.04919564089257914,0.06485968624007026,0.10477825236517505,0.08564927547802482,0.029715380623528003,0.0200391201948026,0.0,0.21690152089736936,0.03923196678775298,0.058903836174204624,0.04427767354596623,0.0791984351922079,0.1218314638138198,0.04510797972136841,0.04614586244062113,0.07341822681729272,0.05060077442018283,0.07932617460380822,0.08737375753462935,0.03543171929264301,0.10345295596982157,0.05381022713664125,0.07557382938804838,0.0324937128258353,0.028326214522374358,0.10702965949463095,0.10702965949463095,0.037156201349247533,0.037156201349247533,0.037252005907947784,0.08184902798291485,0.0702087741008343,0.067047223663726,0.06485968624007026,0.061873777493912416,0.03233403856133488,0.09273881282184344,0.030896970180831103,0.05224541934453714,0.03193485290008383,0.1426689553311245,0.20566045267653985,0.09732146421300547,0.07309887828829188,0.061793940361662206
Iterated Removal Condorcet Loser,0.32972096922278554,0.2553830186419704,0.39985629316194965,0.32088140194004233,0.2386651231487765,0.2524769470280627,0.2546165821723684,0.2732984711189174,0.2732984711189174,0.2732984711189174,0.2732984711189174,0.25220550077841203,0.2732984711189174,0.25220550077841203,0.3804878048780488,0.25220550077841203,0.2732984711189174,0.3102311284978644,0.26809309009620375,0.24529160512554388,0.2534509600415153,0.22573150772424255,0.21704522773541973,0.2183226218514231,0.2199193644964273,0.225907149415193,0.21187178156560615,0.21369206818091094,0.21690152089736936,0.0,0.20866232884914773,0.2143627000918127,0.22676939044349528,0.16357031655422938,0.13693664923555945,0.2062831823080915,0.19534549518981278,0.1691110135323939,0.18667518262744,0.16336274001037882,0.14878447966149055,0.1985868827591713,0.11419903397069978,0.17669554109616384,0.1938605245299589,0.21022713664125184,0.2073849347331444,0.14600614745918328,0.14600614745918328,0.2287333838968504,0.2287333838968504,0.21370803560736099,0.2160712147219672,0.22622649794419383,0.21787553391082193,0.20858249171689752,0.21484172288531395,0.2102111692148018,0.22287333838968504,0.22039838728992855,0.22772743603049778,0.2103229411999521,0.24621771585964633,0.14870464252924034,0.24232166380583609,0.23015448485090415,0.2275038920601972
