,NN,Min Violations Committee,Max Violations Committee,Random Choice,Borda ranking,Plurality ranking,STV,Approval Voting (AV),Proportional Approval Voting (PAV),Approval Chamberlin-Courant (CC),Lexicographic Chamberlin-Courant (lex-CC),Sequential Approval Chamberlin-Courant (seq-CC),Monroe's Approval Rule (Monroe),Greedy Monroe,Minimax Approval Voting (MAV),Method of Equal Shares (aka Rule X) with Phragmén phase,E Pluribus Hugo (EPH),Random Serial Dictator,Anti-Plurality,Two-Approval,Three-Approval,Instant Runoff,Bottom-Two-Runoff Instant Runoff,Benham,PluralityWRunoff PUT,Coombs,Baldwin,Strict Nanson,Weak Nanson,Iterated Removal Condorcet Loser,Raynaud,Tideman Alternative Top Cycle,Knockout Voting,Banks,Condorcet,Copeland,Llull,Uncovered Set,Uncovered Set - Fishburn,Uncovered Set - Bordes,Uncovered Set - McKelvey,Slater,Top Cycle,GOCHA,Bipartisan Set,Minimax,Split Cycle,Ranked Pairs ZT,Ranked Pairs TB,Simple Stable Voting,Stable Voting,Loss-Trimmer Voting,Daunou,Blacks,Condorcet IRV,Condorcet IRV PUT,Smith IRV,Smith-Minimax,Condorcet Plurality,Copeland-Local-Borda,Copeland-Global-Borda,Borda-Minimax Faceoff,Bucklin,Simplified Bucklin,Weighted Bucklin,Bracket Voting,Superior Voting
Min Violations Committee,0.262897023405586,0.0,0.27445344829880375,0.27743403456947824,0.10554468883477705,0.18604713052040503,0.10034196904980507,0.18000612084680584,0.18000612084680584,0.18000612084680584,0.18000612084680584,0.18699186991869918,0.18000612084680584,0.18699186991869918,0.22231980093941692,0.18699186991869918,0.18000612084680584,0.2622383670645217,0.21118252099051268,0.15408566524290448,0.15204981837052414,0.12647532367304032,0.09915771825476029,0.10475962370098332,0.14840392266443123,0.12632895559724827,0.09495296262291592,0.09230503106995064,0.08617087807539286,0.2640480087288598,0.10076776708847285,0.10738094287653188,0.07535294665548947,0.13749284792356925,0.1543650952057802,0.08440115497717988,0.09221188774899206,0.1316913496467207,0.09326307665695314,0.1375992974332362,0.144385453674504,0.09658962383404522,0.15135789655768897,0.09338283235532846,0.09485981930195735,0.08853937966548242,0.09686905379692094,0.15041315715939482,0.15041315715939482,0.06987079690764174,0.06987079690764174,0.08579830479155856,0.11845169188189426,0.09175947733290754,0.10718135004590636,0.1133687277952976,0.10899099171024443,0.08853937966548242,0.11903716418506247,0.07679001503599324,0.07269170891381582,0.0908945750668636,0.15146434606735593,0.23047649461764666,0.10964299495695448,0.09627027530504438,0.08739504743656275
Max Violations Committee,0.27187271299881577,0.27445344829880375,0.0,0.278471917288731,0.3169134964672069,0.30431253576038214,0.3078785943342249,0.28893058161350843,0.28893058161350843,0.28893058161350843,0.28893058161350843,0.3058028288957194,0.28893058161350843,0.3058028288957194,0.05213364735938685,0.3058028288957194,0.28893058161350843,0.2809335621997791,0.3033278777959629,0.3107793434726491,0.31175069524836,0.3151969981238274,0.32054608598459144,0.31941505994438013,0.316700597447873,0.31562279616249517,0.32340691655689063,0.3234468351230157,0.32276821949888895,0.3333333333333333,0.32397908267135045,0.3198408579830479,0.32300773089563956,0.3319095711415379,0.3333333333333333,0.3284765744547789,0.33228214442537224,0.3310978936303275,0.3333333333333333,0.3319627958963714,0.3332801085784999,0.32793102071773583,0.33329341476720825,0.3333333333333333,0.3319627958963714,0.3286096363418626,0.32866286109669607,0.33332002714462494,0.33332002714462494,0.3233803041794739,0.3233803041794739,0.32586856146793874,0.31701994597687383,0.32027996221042404,0.3188428938299203,0.32314079278272323,0.3189626495282956,0.3286096363418626,0.31694010884462365,0.3234867536891408,0.32334038561334877,0.3275451412451931,0.3118704509467353,0.32952776336274003,0.3152768352560776,0.31764533684616714,0.3203065745878408
Random Choice,0.2774346998789137,0.27743403456947824,0.278471917288731,0.0,0.2760368847550996,0.2773408912485197,0.27615664045347493,0.27781991404202094,0.27781991404202094,0.27781991404202094,0.27781991404202094,0.2772211355501444,0.27781991404202094,0.2772211355501444,0.27740742219206155,0.2772211355501444,0.27781991404202094,0.2769949303421021,0.27849852966614774,0.27707476747435233,0.27823240589198034,0.27614333426476656,0.2769949303421021,0.2761965590196,0.2766622756243929,0.2777799954758958,0.27655582611472596,0.27643607041635065,0.2769816241533937,0.27627639615185023,0.2765425199260176,0.2760102723776829,0.27655582611472596,0.27672880656793475,0.27694170558726866,0.2767554189453515,0.27680864370018493,0.27700823653081047,0.27711468604047745,0.27680864370018493,0.2768352560776017,0.2763695394728088,0.27626308996314186,0.2772743603049778,0.2768219498888933,0.2770880736630607,0.2772743603049778,0.2764759889824758,0.2764759889824758,0.2768618684550184,0.2768618684550184,0.2765824384921427,0.2769816241533937,0.2759038228680159,0.2762497837744335,0.27597035381155777,0.27581067954705735,0.2770880736630607,0.2771679107953109,0.27655582611472596,0.2765957446808511,0.2767554189453515,0.27815256875973016,0.27785983260814606,0.276303008529267,0.27639615185022554,0.27714129841789414
Borda ranking,0.26472995090016366,0.10554468883477705,0.3169134964672069,0.2760368847550996,0.0,0.16854949236890077,0.12163187098319428,0.17121073011057442,0.17121073011057442,0.17121073011057442,0.17121073011057442,0.1688688408979016,0.17121073011057442,0.1688688408979016,0.27861828536452304,0.1688688408979016,0.17121073011057442,0.2603488882679334,0.18413103934640002,0.12352134977978257,0.10993573110853858,0.12215081234282064,0.09786701795004857,0.10551807645736032,0.13501789682381277,0.11465942810000931,0.09878514497092598,0.0937021808843293,0.08627732758505981,0.24568546831131158,0.10522534030577621,0.10543823932511011,0.047649461764666744,0.11634931406597208,0.15137120274639734,0.07359652974598485,0.08700916796402007,0.11881095897702021,0.09400822322462177,0.11656221308530598,0.12404029113940894,0.09404814179074687,0.14022061660878474,0.09774726225167325,0.10738094287653188,0.08413503120301252,0.08752810932364642,0.1427487924633747,0.1427487924633747,0.06445517810333586,0.06445517810333586,0.09568480300187618,0.11185182228254362,0.016140406903250703,0.10690192008303062,0.10803294612324192,0.10682208295078041,0.08406850025947069,0.11463281572259258,0.07432837012494511,0.04883371255971152,0.0705627187204769,0.1092171969182867,0.19336553431000758,0.03572711668196878,0.10344231101885487,0.07800087820845475
Plurality ranking,0.2687790241241201,0.18604713052040503,0.30431253576038214,0.2773408912485197,0.16854949236890077,0.0,0.1626282383936769,0.0556331749896877,0.0556331749896877,0.0556331749896877,0.0556331749896877,0.007544608997644805,0.0556331749896877,0.007544608997644805,0.28439317126395486,0.007544608997644805,0.0556331749896877,0.2515801099091187,0.2521123574574535,0.1793940361662209,0.2152009899804399,0.14937527444014212,0.15573563264274215,0.15811744042154005,0.118225486673852,0.2070309901135018,0.1754554043085439,0.17375221215387276,0.17275424800074515,0.24593828589677058,0.17711867789708993,0.16117786382446475,0.1704256649767807,0.17977991563876358,0.20076377523186034,0.17107766822349074,0.17308690271845437,0.18093755405639161,0.1742445411360824,0.17979322182747196,0.1823746224368954,0.17372559977645602,0.19110348222958498,0.17610740755525395,0.1790214628823866,0.17230183758466064,0.17204901999920164,0.19341875906484104,0.19341875906484104,0.1708115444493234,0.1708115444493234,0.17513605577954305,0.096004151530877,0.168123694330233,0.1563344111346187,0.16116455763575638,0.15896903649887562,0.17223530664111877,0.07226591087514803,0.17090468777028195,0.1696672122204037,0.17073170731707318,0.21458890529985497,0.2276156640453475,0.1746171144199167,0.14113874362966217,0.15794445996833126
STV,0.2649774460101393,0.10034196904980507,0.3078785943342249,0.27615664045347493,0.12163187098319428,0.1626282383936769,0.0,0.15754527430708024,0.15754527430708024,0.15754527430708024,0.15754527430708024,0.16285444360171916,0.15754527430708024,0.16285444360171916,0.26374196638856734,0.16285444360171916,0.15754527430708024,0.25779410003592673,0.22539353053105,0.1495083363272258,0.16716564874323048,0.06911234415126476,0.09788032413875694,0.07736218115045308,0.12326853219432359,0.15330060010911076,0.11308929783242186,0.1107207962423323,0.10606363019440342,0.2615730576291033,0.11849161044801937,0.08517291392226524,0.10022221335142975,0.1424161377456655,0.1650100461724748,0.10658257155402978,0.11447314145809216,0.14567615397921574,0.1181456495416018,0.14250928106662408,0.1499341343658936,0.11452636621292563,0.1593948345375434,0.12099317392519261,0.12075366252844198,0.11175867896158503,0.11543118704509467,0.15998030684071163,0.15998030684071163,0.09682913523079584,0.09682913523079584,0.10755392332974066,0.11304937926629675,0.11070749005362394,0.07564568280707357,0.08613095950926776,0.08147379346133887,0.11170545420675156,0.11472595904355115,0.10163266935451679,0.10004923289822096,0.1114393304325842,0.16655356406264554,0.22914587574680984,0.12525115431187045,0.08643700184956023,0.09137359786036485
Approval Voting (AV),0.2671277261054117,0.18000612084680584,0.28893058161350843,0.27781991404202094,0.17121073011057442,0.0556331749896877,0.15754527430708024,0.0,0.0,0.0,0.0,0.062139901268079785,0.0,0.062139901268079785,0.26436735725786065,0.062139901268079785,0.0,0.25136721088978486,0.2556518036538794,0.18355887323194017,0.21896664138490812,0.1549106489428233,0.16043271725679614,0.1632137106968451,0.1330352747062659,0.21051721155509429,0.18063151171609915,0.17871542054209413,0.176506593216505,0.2699426503266669,0.1832528308916477,0.16687291259164638,0.17231514377336898,0.19518848216305404,0.2155469508868575,0.17624046944233762,0.18100408499993348,0.1949888893324285,0.1833459742126063,0.1953215440501377,0.19895413356752226,0.18112384069830878,0.20772291192633693,0.18550157678336193,0.18717815656061634,0.17811664205021754,0.17942064854363765,0.2100914135164265,0.2100914135164265,0.17195587667824305,0.17195587667824305,0.17963354756297154,0.11744042154005828,0.171051055846074,0.1614572937873405,0.17002647931552967,0.16435804292576478,0.1780501111066757,0.10437374422844065,0.1734461698135803,0.1711042806009075,0.17682594174550584,0.21839447527044828,0.2482402565433183,0.17703884076483972,0.14197703351828936,0.16088512767288066
Proportional Approval Voting (PAV),0.2671277261054117,0.18000612084680584,0.28893058161350843,0.27781991404202094,0.17121073011057442,0.0556331749896877,0.15754527430708024,0.0,0.0,0.0,0.0,0.062139901268079785,0.0,0.062139901268079785,0.26436735725786065,0.062139901268079785,0.0,0.25136721088978486,0.2556518036538794,0.18355887323194017,0.21896664138490812,0.1549106489428233,0.16043271725679614,0.1632137106968451,0.1330352747062659,0.21051721155509429,0.18063151171609915,0.17871542054209413,0.176506593216505,0.2699426503266669,0.1832528308916477,0.16687291259164638,0.17231514377336898,0.19518848216305404,0.2155469508868575,0.17624046944233762,0.18100408499993348,0.1949888893324285,0.1833459742126063,0.1953215440501377,0.19895413356752226,0.18112384069830878,0.20772291192633693,0.18550157678336193,0.18717815656061634,0.17811664205021754,0.17942064854363765,0.2100914135164265,0.2100914135164265,0.17195587667824305,0.17195587667824305,0.17963354756297154,0.11744042154005828,0.171051055846074,0.1614572937873405,0.17002647931552967,0.16435804292576478,0.1780501111066757,0.10437374422844065,0.1734461698135803,0.1711042806009075,0.17682594174550584,0.21839447527044828,0.2482402565433183,0.17703884076483972,0.14197703351828936,0.16088512767288066
Approval Chamberlin-Courant (CC),0.2671277261054117,0.18000612084680584,0.28893058161350843,0.27781991404202094,0.17121073011057442,0.0556331749896877,0.15754527430708024,0.0,0.0,0.0,0.0,0.062139901268079785,0.0,0.062139901268079785,0.26436735725786065,0.062139901268079785,0.0,0.25136721088978486,0.2556518036538794,0.18355887323194017,0.21896664138490812,0.1549106489428233,0.16043271725679614,0.1632137106968451,0.1330352747062659,0.21051721155509429,0.18063151171609915,0.17871542054209413,0.176506593216505,0.2699426503266669,0.1832528308916477,0.16687291259164638,0.17231514377336898,0.19518848216305404,0.2155469508868575,0.17624046944233762,0.18100408499993348,0.1949888893324285,0.1833459742126063,0.1953215440501377,0.19895413356752226,0.18112384069830878,0.20772291192633693,0.18550157678336193,0.18717815656061634,0.17811664205021754,0.17942064854363765,0.2100914135164265,0.2100914135164265,0.17195587667824305,0.17195587667824305,0.17963354756297154,0.11744042154005828,0.171051055846074,0.1614572937873405,0.17002647931552967,0.16435804292576478,0.1780501111066757,0.10437374422844065,0.1734461698135803,0.1711042806009075,0.17682594174550584,0.21839447527044828,0.2482402565433183,0.17703884076483972,0.14197703351828936,0.16088512767288066
Lexicographic Chamberlin-Courant (lex-CC),0.2671277261054117,0.18000612084680584,0.28893058161350843,0.27781991404202094,0.17121073011057442,0.0556331749896877,0.15754527430708024,0.0,0.0,0.0,0.0,0.062139901268079785,0.0,0.062139901268079785,0.26436735725786065,0.062139901268079785,0.0,0.25136721088978486,0.2556518036538794,0.18355887323194017,0.21896664138490812,0.1549106489428233,0.16043271725679614,0.1632137106968451,0.1330352747062659,0.21051721155509429,0.18063151171609915,0.17871542054209413,0.176506593216505,0.2699426503266669,0.1832528308916477,0.16687291259164638,0.17231514377336898,0.19518848216305404,0.2155469508868575,0.17624046944233762,0.18100408499993348,0.1949888893324285,0.1833459742126063,0.1953215440501377,0.19895413356752226,0.18112384069830878,0.20772291192633693,0.18550157678336193,0.18717815656061634,0.17811664205021754,0.17942064854363765,0.2100914135164265,0.2100914135164265,0.17195587667824305,0.17195587667824305,0.17963354756297154,0.11744042154005828,0.171051055846074,0.1614572937873405,0.17002647931552967,0.16435804292576478,0.1780501111066757,0.10437374422844065,0.1734461698135803,0.1711042806009075,0.17682594174550584,0.21839447527044828,0.2482402565433183,0.17703884076483972,0.14197703351828936,0.16088512767288066
Sequential Approval Chamberlin-Courant (seq-CC),0.2690265192340957,0.18699186991869918,0.3058028288957194,0.2772211355501444,0.1688688408979016,0.007544608997644805,0.16285444360171916,0.062139901268079785,0.062139901268079785,0.062139901268079785,0.062139901268079785,0.0,0.062139901268079785,0.0,0.28754673798783814,0.0,0.062139901268079785,0.25127406756882625,0.25191276462682793,0.1791944433355954,0.21500139714981437,0.14885633308051574,0.15515016033957393,0.15753196811837186,0.11674849972722313,0.20661849826354237,0.17502960626987613,0.17339294505874683,0.17231514377336898,0.2459782044628957,0.17666626748100542,0.16056577914387982,0.17014623501390497,0.17875533910821922,0.2006174071560683,0.17054542067515602,0.17251473660399452,0.1801524889225979,0.17380543690870623,0.17878195148563597,0.18164278205793516,0.1732332707942464,0.1907974398892925,0.17573483427141964,0.17860897103242718,0.17170305909278405,0.17139701675249158,0.1931925538567988,0.1931925538567988,0.17053211448644764,0.17053211448644764,0.1748699320053757,0.09346266948757867,0.16796402006573258,0.15576224502015887,0.16051255438904635,0.15829042087474884,0.17164983433795059,0.06795470573363671,0.1705853392412811,0.16942770082365308,0.17015954120261334,0.21433608771439597,0.22653786275996965,0.1744973587215414,0.14113874362966217,0.15755858049578858
Monroe's Approval Rule (Monroe),0.2671277261054117,0.18000612084680584,0.28893058161350843,0.27781991404202094,0.17121073011057442,0.0556331749896877,0.15754527430708024,0.0,0.0,0.0,0.0,0.062139901268079785,0.0,0.062139901268079785,0.26436735725786065,0.062139901268079785,0.0,0.25136721088978486,0.2556518036538794,0.18355887323194017,0.21896664138490812,0.1549106489428233,0.16043271725679614,0.1632137106968451,0.1330352747062659,0.21051721155509429,0.18063151171609915,0.17871542054209413,0.176506593216505,0.2699426503266669,0.1832528308916477,0.16687291259164638,0.17231514377336898,0.19518848216305404,0.2155469508868575,0.17624046944233762,0.18100408499993348,0.1949888893324285,0.1833459742126063,0.1953215440501377,0.19895413356752226,0.18112384069830878,0.20772291192633693,0.18550157678336193,0.18717815656061634,0.17811664205021754,0.17942064854363765,0.2100914135164265,0.2100914135164265,0.17195587667824305,0.17195587667824305,0.17963354756297154,0.11744042154005828,0.171051055846074,0.1614572937873405,0.17002647931552967,0.16435804292576478,0.1780501111066757,0.10437374422844065,0.1734461698135803,0.1711042806009075,0.17682594174550584,0.21839447527044828,0.2482402565433183,0.17703884076483972,0.14197703351828936,0.16088512767288066
Greedy Monroe,0.2690265192340957,0.18699186991869918,0.3058028288957194,0.2772211355501444,0.1688688408979016,0.007544608997644805,0.16285444360171916,0.062139901268079785,0.062139901268079785,0.062139901268079785,0.062139901268079785,0.0,0.062139901268079785,0.0,0.28754673798783814,0.0,0.062139901268079785,0.25127406756882625,0.25191276462682793,0.1791944433355954,0.21500139714981437,0.14885633308051574,0.15515016033957393,0.15753196811837186,0.11674849972722313,0.20661849826354237,0.17502960626987613,0.17339294505874683,0.17231514377336898,0.2459782044628957,0.17666626748100542,0.16056577914387982,0.17014623501390497,0.17875533910821922,0.2006174071560683,0.17054542067515602,0.17251473660399452,0.1801524889225979,0.17380543690870623,0.17878195148563597,0.18164278205793516,0.1732332707942464,0.1907974398892925,0.17573483427141964,0.17860897103242718,0.17170305909278405,0.17139701675249158,0.1931925538567988,0.1931925538567988,0.17053211448644764,0.17053211448644764,0.1748699320053757,0.09346266948757867,0.16796402006573258,0.15576224502015887,0.16051255438904635,0.15829042087474884,0.17164983433795059,0.06795470573363671,0.1705853392412811,0.16942770082365308,0.17015954120261334,0.21433608771439597,0.22653786275996965,0.1744973587215414,0.14113874362966217,0.15755858049578858
Minimax Approval Voting (MAV),0.2593582425185954,0.22231980093941692,0.05213364735938685,0.27740742219206155,0.27861828536452304,0.28439317126395486,0.26374196638856734,0.26436735725786065,0.26436735725786065,0.26436735725786065,0.26436735725786065,0.28754673798783814,0.26436735725786065,0.28754673798783814,0.0,0.28754673798783814,0.26436735725786065,0.2774473407581866,0.289782177690844,0.28479235692520594,0.28519154258645696,0.284832275491331,0.2843133341317047,0.2843798650752465,0.2921373730922252,0.2839008422817452,0.2870677151943369,0.28606975104120924,0.28302263382699294,0.32859633015315426,0.289635809615052,0.2860564448525009,0.2788178781951486,0.3049113142522587,0.3049113142522587,0.28622942530570966,0.291551900789057,0.3049113142522587,0.2926030896970181,0.3049113142522587,0.3049113142522587,0.2901547509746783,0.3049113142522587,0.29261639588572647,0.29297566298085237,0.28787939270554735,0.2910861841842641,0.30489800806355033,0.30489800806355033,0.2778465264194377,0.2778465264194377,0.28513831783162347,0.2832089204689101,0.27958963714023394,0.28451292696233016,0.29085997897622184,0.28532460447354063,0.28787939270554735,0.28312908333665987,0.2802549465756523,0.27839208015648076,0.28813221029100633,0.2850983992654984,0.3293947014756563,0.277966282117813,0.27827232445810546,0.2789243277048155
Method of Equal Shares (aka Rule X) with Phragmén phase,0.2690265192340957,0.18699186991869918,0.3058028288957194,0.2772211355501444,0.1688688408979016,0.007544608997644805,0.16285444360171916,0.062139901268079785,0.062139901268079785,0.062139901268079785,0.062139901268079785,0.0,0.062139901268079785,0.0,0.28754673798783814,0.0,0.062139901268079785,0.25127406756882625,0.25191276462682793,0.1791944433355954,0.21500139714981437,0.14885633308051574,0.15515016033957393,0.15753196811837186,0.11674849972722313,0.20661849826354237,0.17502960626987613,0.17339294505874683,0.17231514377336898,0.2459782044628957,0.17666626748100542,0.16056577914387982,0.17014623501390497,0.17875533910821922,0.2006174071560683,0.17054542067515602,0.17251473660399452,0.1801524889225979,0.17380543690870623,0.17878195148563597,0.18164278205793516,0.1732332707942464,0.1907974398892925,0.17573483427141964,0.17860897103242718,0.17170305909278405,0.17139701675249158,0.1931925538567988,0.1931925538567988,0.17053211448644764,0.17053211448644764,0.1748699320053757,0.09346266948757867,0.16796402006573258,0.15576224502015887,0.16051255438904635,0.15829042087474884,0.17164983433795059,0.06795470573363671,0.1705853392412811,0.16942770082365308,0.17015954120261334,0.21433608771439597,0.22653786275996965,0.1744973587215414,0.14113874362966217,0.15755858049578858
E Pluribus Hugo (EPH),0.2671277261054117,0.18000612084680584,0.28893058161350843,0.27781991404202094,0.17121073011057442,0.0556331749896877,0.15754527430708024,0.0,0.0,0.0,0.0,0.062139901268079785,0.0,0.062139901268079785,0.26436735725786065,0.062139901268079785,0.0,0.25136721088978486,0.2556518036538794,0.18355887323194017,0.21896664138490812,0.1549106489428233,0.16043271725679614,0.1632137106968451,0.1330352747062659,0.21051721155509429,0.18063151171609915,0.17871542054209413,0.176506593216505,0.2699426503266669,0.1832528308916477,0.16687291259164638,0.17231514377336898,0.19518848216305404,0.2155469508868575,0.17624046944233762,0.18100408499993348,0.1949888893324285,0.1833459742126063,0.1953215440501377,0.19895413356752226,0.18112384069830878,0.20772291192633693,0.18550157678336193,0.18717815656061634,0.17811664205021754,0.17942064854363765,0.2100914135164265,0.2100914135164265,0.17195587667824305,0.17195587667824305,0.17963354756297154,0.11744042154005828,0.171051055846074,0.1614572937873405,0.17002647931552967,0.16435804292576478,0.1780501111066757,0.10437374422844065,0.1734461698135803,0.1711042806009075,0.17682594174550584,0.21839447527044828,0.2482402565433183,0.17703884076483972,0.14197703351828936,0.16088512767288066
Random Serial Dictator,0.2756456828070736,0.2622383670645217,0.2809335621997791,0.2769949303421021,0.2603488882679334,0.2515801099091187,0.25779410003592673,0.25136721088978486,0.25136721088978486,0.25136721088978486,0.25136721088978486,0.25127406756882625,0.25136721088978486,0.25127406756882625,0.2774473407581866,0.25127406756882625,0.25136721088978486,0.0,0.2729232365973414,0.26213191755485477,0.26729471877370165,0.2572086277327585,0.25802030524396896,0.2580602238100941,0.25527923037004513,0.2648463800513619,0.2604819501550171,0.26008276449376605,0.26002953973893256,0.27466634731813766,0.26093436057110164,0.2584993280374702,0.2603888068340585,0.2612670152888108,0.26728141258499327,0.26036219445664177,0.2605218687211422,0.2617859566484372,0.26070815536305936,0.2613069338549359,0.26202546804518784,0.2604553377776004,0.2646201748433196,0.2612670152888108,0.26109403483560206,0.26041541921147526,0.2604021130227669,0.2652588719013213,0.2652588719013213,0.2604553377776004,0.2604553377776004,0.2605085625324338,0.25412159195241707,0.2598831716631405,0.25786063097946854,0.2585658589810121,0.2583795723390949,0.26042872540018364,0.2538953867443748,0.25990978404055726,0.2600960706824744,0.260694849174351,0.26721488164145146,0.2700091812702088,0.2612803214775192,0.25723524011017523,0.2586323899245539
Anti-Plurality,0.27096789216664674,0.21118252099051268,0.3033278777959629,0.27849852966614774,0.18413103934640002,0.2521123574574535,0.22539353053105,0.2556518036538794,0.2556518036538794,0.2556518036538794,0.2556518036538794,0.25191276462682793,0.2556518036538794,0.25191276462682793,0.289782177690844,0.25191276462682793,0.2556518036538794,0.2729232365973414,0.0,0.23727595704762286,0.21711708115444492,0.22502095724721569,0.2115950128404721,0.21320506167418465,0.2284140353678496,0.18072465503705773,0.20217423123494738,0.20075046904315197,0.20003193485290008,0.24648383963381368,0.20310566444453315,0.21200750469043153,0.19329900336646574,0.19975250489002436,0.21790214628823865,0.19476268412438624,0.1961199153726398,0.20229398693332268,0.1978098013386026,0.19979242345614945,0.20150892179952895,0.1989275211901055,0.20833499660692187,0.1990605830771892,0.20154884036565407,0.19735739092251806,0.19816906843372853,0.21191436136947295,0.21191436136947295,0.19546791212592976,0.19546791212592976,0.20083030617540218,0.22150812342820647,0.1873644432025335,0.21498809096110602,0.21256636461618297,0.2137772277886445,0.19733077854510134,0.2229584979974186,0.19678522480805824,0.1927800620068394,0.19606669061780635,0.2172102244754035,0.22891967053876758,0.2013226351576118,0.21526752092398174,0.20076377523186034
Two-Approval,0.26755751600069194,0.15408566524290448,0.3107793434726491,0.27707476747435233,0.12352134977978257,0.1793940361662209,0.1495083363272258,0.18355887323194017,0.18355887323194017,0.18355887323194017,0.18355887323194017,0.1791944433355954,0.18355887323194017,0.1791944433355954,0.28479235692520594,0.1791944433355954,0.18355887323194017,0.26213191755485477,0.23727595704762286,0.0,0.16381248918872168,0.14511729405346427,0.13561667531568933,0.14147139834737135,0.16029965536971244,0.17114419916703258,0.14220323872633162,0.13999441140074248,0.13690737562040106,0.2436629276276396,0.14531688688408978,0.140952456987745,0.1302276688888002,0.14868335262730695,0.17690577887775605,0.13295543757401568,0.13650818995915,0.15146434606735593,0.14014077947653453,0.14885633308051574,0.1531542320333187,0.13928918339919896,0.16536931326760076,0.14302822242625046,0.1477918379838463,0.1354570010511889,0.13573643101406463,0.16838981810440035,0.16838981810440035,0.13141191968384497,0.13141191968384497,0.1414181735925379,0.14188389019733078,0.12503825529253657,0.14039359706199353,0.14053996513778558,0.13984804332495043,0.1353771639189387,0.1476188575306375,0.1338602584061847,0.12884382526312987,0.1334477665562253,0.16270807552592711,0.1993533192287733,0.1268212845794579,0.14618178915013372,0.13618884143014917
Three-Approval,0.26673120168190223,0.15204981837052414,0.31175069524836,0.27823240589198034,0.10993573110853858,0.2152009899804399,0.16716564874323048,0.21896664138490812,0.21896664138490812,0.21896664138490812,0.21896664138490812,0.21500139714981437,0.21896664138490812,0.21500139714981437,0.28519154258645696,0.21500139714981437,0.21896664138490812,0.26729471877370165,0.21711708115444492,0.16381248918872168,0.0,0.16575519274014344,0.14735273375647012,0.15270182161723417,0.18198874296435272,0.1504264633481032,0.13992788045720064,0.13730656128165208,0.13394009553843492,0.24337019147605551,0.14290846672787513,0.15125144704802204,0.12171170811544449,0.1466208933775099,0.176253775631046,0.12727369499554242,0.1331151118385161,0.149082538288558,0.136761007544609,0.14671403669846847,0.1515974079544396,0.13678761992202573,0.16483706571926604,0.13987465570236718,0.14523704975183957,0.13238327145955583,0.13275584474339014,0.16803055100927441,0.16803055100927441,0.12574348329408008,0.12574348329408008,0.13892991630407303,0.16483706571926604,0.11392758772104906,0.15334051867523585,0.15153087701089776,0.15215626788019107,0.13235665908213912,0.1689619842188602,0.1294292975662981,0.12131252245419344,0.12764626827937675,0.0011044136627945658,0.1710111372799489,0.10453341849294107,0.15738560004257982,0.13666786422365043
Instant Runoff,0.26727542480007455,0.12647532367304032,0.3151969981238274,0.27614333426476656,0.12215081234282064,0.14937527444014212,0.06911234415126476,0.1549106489428233,0.1549106489428233,0.1549106489428233,0.1549106489428233,0.14885633308051574,0.1549106489428233,0.14885633308051574,0.284832275491331,0.14885633308051574,0.1549106489428233,0.2572086277327585,0.22502095724721569,0.14511729405346427,0.16575519274014344,0.0,0.06719625297725973,0.024829348129815177,0.08736843505914602,0.14894947640147432,0.09199898872965816,0.09145343499261506,0.09245139914574269,0.2385533511636262,0.09383524277141299,0.039532686652562106,0.10200524263835109,0.11690817399172355,0.15149095844477267,0.09966335342567828,0.09815975410163266,0.11041475390203984,0.10176573124160047,0.1170146235013905,0.12039439543331604,0.0948731254906657,0.13669447660106715,0.10503905366385906,0.11384775058879885,0.09653639907921174,0.0945005522068314,0.14171090974412198,0.14171090974412198,0.10047503093688874,0.10047503093688874,0.09481990073583224,0.10279030777214482,0.11129296235679215,0.01929397362713398,0.04249996673452823,0.031216318709831943,0.09645656194696153,0.10710151291365615,0.09645656194696153,0.10304312535760382,0.09439410269716444,0.1650632709273083,0.20374436150253483,0.12668822269237423,0.0858648357351004,0.0920256011070749
Bottom-Two-Runoff Instant Runoff,0.2665981397948186,0.09915771825476029,0.32054608598459144,0.2769949303421021,0.09786701795004857,0.15573563264274215,0.09788032413875694,0.16043271725679614,0.16043271725679614,0.16043271725679614,0.16043271725679614,0.15515016033957393,0.16043271725679614,0.15515016033957393,0.2843133341317047,0.15515016033957393,0.16043271725679614,0.25802030524396896,0.2115950128404721,0.13561667531568933,0.14735273375647012,0.06719625297725973,0.0,0.04566683964711987,0.09746783228879752,0.11783960720130933,0.05864037363777893,0.05557995023485423,0.05587268638643833,0.23531994730749273,0.06405599244208482,0.043591074208614425,0.06830066664005428,0.09102763695394728,0.13195747342088807,0.06567934746450574,0.06301810972283209,0.08366931459821964,0.06683698588213378,0.09121392359586444,0.09686905379692094,0.05673758865248227,0.11584367889505409,0.07037643207855974,0.08629063377376818,0.060689526698867645,0.058786741713570984,0.12163187098319428,0.12163187098319428,0.06687690444825889,0.06687690444825889,0.06038348435857517,0.07965084560829241,0.08307053610634306,0.04790227935012575,0.05451545513818477,0.045813207722911926,0.0606229957553258,0.08719545460593722,0.05958511303607308,0.07074900536239405,0.058786741713570984,0.14671403669846847,0.19606669061780635,0.10384149668010592,0.07396910302981917,0.06893936369805596
Benham,0.2667524915838357,0.10475962370098332,0.31941505994438013,0.2761965590196,0.10551807645736032,0.15811744042154005,0.07736218115045308,0.1632137106968451,0.1632137106968451,0.1632137106968451,0.1632137106968451,0.15753196811837186,0.1632137106968451,0.15753196811837186,0.2843798650752465,0.15753196811837186,0.1632137106968451,0.2580602238100941,0.21320506167418465,0.14147139834737135,0.15270182161723417,0.024829348129815177,0.04566683964711987,0.0,0.0917727835216159,0.1289635809615052,0.06948491743509906,0.06892605750934759,0.06993732785118359,0.23589211342195254,0.07153407049618778,0.015781139808124758,0.07963753941958406,0.09673599190983727,0.13225020957247216,0.07675009646986813,0.07595172514736603,0.0895506500073184,0.07966415179700079,0.09684244141950421,0.10048833712559711,0.07247880989448192,0.11733397203039134,0.08308384229505143,0.09225180631511716,0.07447473820073716,0.07258525940414887,0.12244354849440475,0.12244354849440475,0.07793434726491291,0.07793434726491291,0.07217276755418946,0.08523944486580709,0.09058853272657112,0.005535374502681197,0.025774087528109325,0.015727915053291287,0.07439490106848695,0.08957726238473514,0.07339693691535934,0.08056897262916983,0.0721062366106476,0.1520631245592325,0.19922025734168963,0.11062765292137373,0.07073569917368568,0.06836719758359613
PluralityWRunoff PUT,0.26824278471917284,0.14840392266443123,0.316700597447873,0.2766622756243929,0.13501789682381277,0.118225486673852,0.12326853219432359,0.1330352747062659,0.1330352747062659,0.1330352747062659,0.1330352747062659,0.11674849972722313,0.1330352747062659,0.11674849972722313,0.2921373730922252,0.11674849972722313,0.1330352747062659,0.25527923037004513,0.2284140353678496,0.16029965536971244,0.18198874296435272,0.08736843505914602,0.09746783228879752,0.0917727835216159,0.0,0.16377257062259656,0.11614972123534656,0.11525820659188589,0.1162561707450135,0.22994424706931194,0.11636262025468046,0.09571141537929291,0.12223064947507085,0.1265285484278738,0.15962103974558567,0.1186912032786449,0.11694809255784866,0.12228387422990433,0.11875773422218674,0.12667491650366586,0.12867084480992108,0.1145795909677591,0.144385453674504,0.12155203385094407,0.1292563171130893,0.11771985150293401,0.11540457466767794,0.14974784772397642,0.14974784772397642,0.12273628464598885,0.12273628464598885,0.11773315769164239,0.10663579630886325,0.12718055167458384,0.09125384216198953,0.09314332095857783,0.09477998216970714,0.1176400143706838,0.10340239245272977,0.11787952576743443,0.12273628464598885,0.11531143134671935,0.18137665828376778,0.20214761885753063,0.14076617034582783,0.09950367916117786,0.10471970513485822
Coombs,0.26721554695088684,0.12632895559724827,0.31562279616249517,0.2777799954758958,0.11465942810000931,0.2070309901135018,0.15330060010911076,0.21051721155509429,0.21051721155509429,0.21051721155509429,0.21051721155509429,0.20661849826354237,0.21051721155509429,0.20661849826354237,0.2839008422817452,0.20661849826354237,0.21051721155509429,0.2648463800513619,0.18072465503705773,0.17114419916703258,0.1504264633481032,0.14894947640147432,0.11783960720130933,0.1289635809615052,0.16377257062259656,0.0,0.09480659454712387,0.09275744148603515,0.09375540563916278,0.23916543584421115,0.09729485183558874,0.12543744095378762,0.0990645749338017,0.11729405346426623,0.15218288025760782,0.09740130134525568,0.09665615477758706,0.11214455843412771,0.1005814804465557,0.11745372772876665,0.12100648011390097,0.0950061873777494,0.13779889026386172,0.10390802762364776,0.11435338575971685,0.09495296262291592,0.09430095937620588,0.14316128431333414,0.14316128431333414,0.09855893976288371,0.09855893976288371,0.09527231115191676,0.1434673266536266,0.10626322302502894,0.13118571447580268,0.12772610541162696,0.1283648024696286,0.09493965643420756,0.14576929730017432,0.09544529160512555,0.10004923289822096,0.09259776722153473,0.15008050244168564,0.20114965470440302,0.12139235958644365,0.13173126821284578,0.1142070176839248
Baldwin,0.2669460966295424,0.09495296262291592,0.32340691655689063,0.27655582611472596,0.09878514497092598,0.1754554043085439,0.11308929783242186,0.18063151171609915,0.18063151171609915,0.18063151171609915,0.18063151171609915,0.17502960626987613,0.18063151171609915,0.17502960626987613,0.2870677151943369,0.17502960626987613,0.18063151171609915,0.2604819501550171,0.20217423123494738,0.14220323872633162,0.13992788045720064,0.09199898872965816,0.05864037363777893,0.06948491743509906,0.11614972123534656,0.09480659454712387,0.0,0.013199739198701316,0.03184170957912525,0.23030351416443787,0.016020651204875388,0.06295157877929025,0.058161350844277676,0.0811278325549213,0.1279922291857943,0.05748273522015089,0.045919657232578875,0.06827405426263755,0.04959216531608851,0.0812875068194217,0.0868228813221029,0.03468923396271606,0.1101353239391641,0.05415618804305883,0.07310420076377523,0.03515495056750895,0.03052439689699679,0.11634931406597208,0.11634931406597208,0.051428419357843334,0.051428419357843334,0.02296648171064362,0.10247095924314399,0.08382898886272006,0.07270501510252418,0.06822082950780407,0.06762205101592751,0.03506180724655037,0.1070749005362394,0.050270780940215296,0.06683698588213378,0.03474245871754953,0.1392758772104906,0.1861934985961971,0.10358867909464692,0.08462736018522214,0.07484731148457148
Strict Nanson,0.2667059199233564,0.09230503106995064,0.3234468351230157,0.27643607041635065,0.0937021808843293,0.17375221215387276,0.1107207962423323,0.17871542054209413,0.17871542054209413,0.17871542054209413,0.17871542054209413,0.17339294505874683,0.17871542054209413,0.17339294505874683,0.28606975104120924,0.17339294505874683,0.17871542054209413,0.26008276449376605,0.20075046904315197,0.13999441140074248,0.13730656128165208,0.09145343499261506,0.05557995023485423,0.06892605750934759,0.11525820659188589,0.09275744148603515,0.013199739198701316,0.0,0.022766888880018096,0.2315143773368994,0.023844690165395924,0.0628850478357484,0.051880829773927856,0.0806621159501284,0.12903011190504704,0.05359732811730736,0.04239351722486128,0.07109496626881162,0.04738333799049938,0.08086170878075392,0.0889252591380251,0.027663566324697617,0.11165222945191809,0.05176107407555254,0.07354330499115139,0.0319481590887922,0.02617327318936037,0.11761340199326707,0.11761340199326707,0.045759982968078455,0.045759982968078455,0.02427048820406371,0.1003685814272218,0.07866618764387316,0.07215946136548108,0.06859340279163839,0.06746237675142709,0.03186832195654199,0.10543823932511011,0.044522507418200206,0.061953614626162626,0.03039133500991311,0.13664125184623369,0.18696525754128246,0.09859885832900882,0.0820060410096736,0.07108166008010326
Weak Nanson,0.26624486048461143,0.08617087807539286,0.32276821949888895,0.2769816241533937,0.08627732758505981,0.17275424800074515,0.10606363019440342,0.176506593216505,0.176506593216505,0.176506593216505,0.176506593216505,0.17231514377336898,0.176506593216505,0.17231514377336898,0.28302263382699294,0.17231514377336898,0.176506593216505,0.26002953973893256,0.20003193485290008,0.13690737562040106,0.13394009553843492,0.09245139914574269,0.05587268638643833,0.06993732785118359,0.1162561707450135,0.09375540563916278,0.03184170957912525,0.022766888880018096,0.0,0.2353731720623262,0.04134232831690019,0.06482775138717017,0.04501483640040983,0.0870357803414368,0.13201069817572153,0.046997458517956704,0.0466648038002475,0.07879924953095685,0.05220017830292869,0.0872486793607707,0.09555174111479249,0.03459609064175748,0.11587029127247082,0.05649807725573164,0.07531302808936437,0.03735047170438971,0.03330539033704576,0.12156534003965244,0.12156534003965244,0.03804239351722486,0.03804239351722486,0.03801578113980812,0.09910449349992681,0.07140100860910409,0.07315742551860871,0.07150745811877104,0.06912565033997312,0.03725732838343113,0.10436043803973227,0.03528801245459263,0.052985243436722416,0.03572711668196878,0.13327478610301652,0.19094380796508456,0.09169294638936569,0.07981051987279283,0.06317778398733251
Iterated Removal Condorcet Loser,0.2693758066876904,0.2640480087288598,0.3333333333333333,0.27627639615185023,0.24568546831131158,0.24593828589677058,0.2615730576291033,0.2699426503266669,0.2699426503266669,0.2699426503266669,0.2699426503266669,0.2459782044628957,0.2699426503266669,0.2459782044628957,0.32859633015315426,0.2459782044628957,0.2699426503266669,0.27466634731813766,0.24648383963381368,0.2436629276276396,0.24337019147605551,0.2385533511636262,0.23531994730749273,0.23589211342195254,0.22994424706931194,0.23916543584421115,0.23030351416443787,0.2315143773368994,0.2353731720623262,0.0,0.22709672268572112,0.23384296036086383,0.2424919830213032,0.1847165116495682,0.13404654504810187,0.2300506965789789,0.21911300946070017,0.1913829121924607,0.20957247215680014,0.18437055074315065,0.16965390603169533,0.22140167391853952,0.12257661038148843,0.19690498050643354,0.21462882386598006,0.22800154351789018,0.22427581067954705,0.147419264700012,0.147419264700012,0.24374276475988982,0.24374276475988982,0.23198009394169228,0.2359985629316195,0.24210610354876053,0.23590541961066092,0.2249677324923822,0.23437520790919858,0.22794831876305668,0.23847351403137598,0.23895253682487724,0.24310406770188814,0.2286136281984751,0.24330366053251368,0.16788418293348237,0.24785437707077562,0.24523305789522706,0.24202626641651032
