,NN,Min Violations Committee,Max Violations Committee,Random Choice,Borda ranking,Plurality ranking,STV,Approval Voting (AV),Proportional Approval Voting (PAV),Approval Chamberlin-Courant (CC),Lexicographic Chamberlin-Courant (lex-CC),Sequential Approval Chamberlin-Courant (seq-CC),Monroe's Approval Rule (Monroe),Greedy Monroe,Minimax Approval Voting (MAV),Method of Equal Shares (aka Rule X) with Phragmén phase,E Pluribus Hugo (EPH),Random Serial Dictator,Anti-Plurality,Two-Approval,Three-Approval,Instant Runoff,Bottom-Two-Runoff Instant Runoff,Benham,PluralityWRunoff PUT,Coombs,Baldwin,Strict Nanson,Weak Nanson,Iterated Removal Condorcet Loser,Raynaud,Tideman Alternative Top Cycle,Knockout Voting,Banks,Condorcet,Copeland,Llull,Uncovered Set,Uncovered Set - Fishburn,Uncovered Set - Bordes,Uncovered Set - McKelvey,Slater,Top Cycle,GOCHA,Bipartisan Set,Minimax,Split Cycle,Ranked Pairs ZT,Ranked Pairs TB,Simple Stable Voting,Stable Voting,Loss-Trimmer Voting,Daunou,Blacks,Condorcet IRV,Condorcet IRV PUT,Smith IRV,Smith-Minimax,Condorcet Plurality,Copeland-Local-Borda,Copeland-Global-Borda,Borda-Minimax Faceoff,Bucklin,Simplified Bucklin,Weighted Bucklin,Bracket Voting,Superior Voting
Min Violations Committee,0.17263981477785317,0.0,0.2857142857142857,0.24516842783578643,0.00566843638976488,0.09362614552028148,0.11270722012808157,0.09371738795713887,0.09371738795713887,0.09371738795713887,0.09371738795713887,0.09289620602542242,0.09371738795713887,0.09289620602542242,0.2448376740021784,0.09289620602542242,0.09371738795713887,0.19579486419133538,0.22890446346595802,0.026984950700570835,0.009409376300917557,0.12042861134713756,0.004870065067262784,0.00346721260058053,0.034329966867590114,0.004904280981084302,0.0049156862856914755,0.0049156862856914755,0.004904280981084302,0.0700171649834338,0.0049156862856914755,0.004904280981084302,0.0027258678011142985,0.0049156862856914755,0.0049156862856914755,0.004904280981084302,0.0049156862856914755,0.0049156862856914755,0.0049156862856914755,0.0049156862856914755,0.0049156862856914755,0.0049156862856914755,0.0049156862856914755,0.0049156862856914755,0.00240651927211346,0.0049156862856914755,0.0049156862856914755,0.0049156862856914755,0.0049156862856914755,0.002577598841221052,0.002577598841221052,0.0049156862856914755,0.004550716538261945,0.0027258678011142985,0.003478617905187703,0.003478617905187703,0.004904280981084302,0.0049156862856914755,0.002509167013578015,0.004904280981084302,0.0027258678011142985,0.0049156862856914755,0.023768654801348106,0.08872186453919718,0.01815724493461909,0.002474951099756497,0.002474951099756497
Max Violations Committee,0.26216860461800784,0.2857142857142857,0.0,0.24447270425474887,0.28565725919124985,0.2842772173337819,0.2833761982698153,0.2839008422817452,0.2839008422817452,0.2839008422817452,0.2839008422817452,0.2844026756844608,0.2839008422817452,0.2844026756844608,0.2212400987699379,0.2844026756844608,0.2839008422817452,0.2783464589380521,0.2857142857142857,0.285337910662249,0.285600232668214,0.28393505819556675,0.2857142857142857,0.2857142857142857,0.2853265053576418,0.2857142857142857,0.2857142857142857,0.2857142857142857,0.2857142857142857,0.2857142857142857,0.2857142857142857,0.2857142857142857,0.2857142857142857,0.2857142857142857,0.28514402048392706,0.2857142857142857,0.2857142857142857,0.2857142857142857,0.2857142857142857,0.2857142857142857,0.2857142857142857,0.2857142857142857,0.2857142857142857,0.2857142857142857,0.2857142857142857,0.2857142857142857,0.2857142857142857,0.28557742205899966,0.28557742205899966,0.2857142857142857,0.2857142857142857,0.2857142857142857,0.2857142857142857,0.2857142857142857,0.2857142857142857,0.2857142857142857,0.2857142857142857,0.2857142857142857,0.2857142857142857,0.2857142857142857,0.2857142857142857,0.2857142857142857,0.28541774779449924,0.2853265053576418,0.2854633690129279,0.2857142857142857,0.2857142857142857
Random Choice,0.24499164561437525,0.24516842783578643,0.24447270425474887,0.0,0.24515702253117924,0.24515702253117924,0.2458071248937881,0.2451798331403936,0.2451798331403936,0.2451798331403936,0.2451798331403936,0.24527107557725097,0.2451798331403936,0.24527107557725097,0.2452596702726438,0.24527107557725097,0.2451798331403936,0.24549918166939444,0.24520264374960793,0.2450543747897147,0.2451798331403936,0.2452596702726438,0.24511140131275055,0.2451342119219649,0.2451342119219649,0.24511140131275055,0.24511140131275055,0.24511140131275055,0.24511140131275055,0.24460956791003496,0.24511140131275055,0.24511140131275055,0.24508859070353622,0.24511140131275055,0.2449175111344286,0.24511140131275055,0.24511140131275055,0.24511140131275055,0.24511140131275055,0.24511140131275055,0.24511140131275055,0.24511140131275055,0.24511140131275055,0.24511140131275055,0.24515702253117924,0.24511140131275055,0.24511140131275055,0.24502015887589318,0.24502015887589318,0.24507718539892903,0.24507718539892903,0.24511140131275055,0.2450999960081434,0.24508859070353622,0.2451342119219649,0.24512280661735775,0.24511140131275055,0.24511140131275055,0.2451798331403936,0.24511140131275055,0.24508859070353622,0.24511140131275055,0.2452596702726438,0.24539653392792987,0.24500875357128601,0.2451798331403936,0.2451798331403936
Borda ranking,0.1727236437667159,0.00566843638976488,0.28565725919124985,0.24515702253117924,0.0,0.09654590349971771,0.11659642899912749,0.09685384672411139,0.09685384672411139,0.09685384672411139,0.09685384672411139,0.09582736930946584,0.09685384672411139,0.09582736930946584,0.24559042410625181,0.09582736930946584,0.09685384672411139,0.19588610662819278,0.22772971709141923,0.025353992141745125,0.005862326568086817,0.12216221764742782,0.005406114383799905,0.006307133447766556,0.03508271697166352,0.005326277251549696,0.005337682556156869,0.005337682556156869,0.005326277251549696,0.07011981272489835,0.005337682556156869,0.005349087860764041,0.0031478640715796916,0.005337682556156869,0.007128315379482998,0.005326277251549696,0.005337682556156869,0.005337682556156869,0.005337682556156869,0.005337682556156869,0.005337682556156869,0.005337682556156869,0.005337682556156869,0.005337682556156869,0.005520167429871633,0.005337682556156869,0.005337682556156869,0.007002857028804097,0.007002857028804097,0.0038892088710459237,0.0038892088710459237,0.005337682556156869,0.005657031085157707,0.0031478640715796916,0.006307133447766556,0.0062843228385522105,0.005349087860764041,0.005337682556156869,0.006900209287339542,0.005326277251549696,0.0031478640715796916,0.005337682556156869,0.022092075024093705,0.08653204605462,0.017142172824580713,0.007002857028804097,0.006888803982732369
Plurality ranking,0.19243771278021404,0.09362614552028148,0.2842772173337819,0.24515702253117924,0.09654590349971771,0.0,0.08096625740631969,0.020700627862018626,0.020700627862018626,0.020700627862018626,0.020700627862018626,0.00460774306129781,0.020700627862018626,0.00460774306129781,0.24673095456696909,0.00460774306129781,0.020700627862018626,0.19014923841078485,0.2229166785471923,0.09515445633764263,0.10059478663526406,0.08216381439007282,0.09367176673871018,0.09225750896742074,0.0725263319970118,0.093660361434103,0.09364895612949582,0.09364895612949582,0.093660361434103,0.13103554463180825,0.09364895612949582,0.09363755082488866,0.0950061873777494,0.09364895612949582,0.09531413060214305,0.093660361434103,0.09364895612949582,0.09364895612949582,0.09364895612949582,0.09364895612949582,0.09364895612949582,0.09364895612949582,0.09364895612949582,0.09364895612949582,0.09359192960645997,0.09364895612949582,0.09364895612949582,0.09516586164224981,0.09516586164224981,0.09567910034957258,0.09567910034957258,0.09364895612949582,0.0932839863820663,0.0950061873777494,0.09225750896742074,0.0922346983582064,0.09363755082488866,0.09364895612949582,0.09116259972513216,0.093660361434103,0.0950061873777494,0.09364895612949582,0.09534834651596458,0.11779398598288064,0.08956585708012797,0.09123103155277519,0.09125384216198953
STV,0.19244170463682658,0.11270722012808157,0.2833761982698153,0.2458071248937881,0.11659642899912749,0.08096625740631969,0.0,0.07893611318624293,0.07893611318624293,0.07893611318624293,0.07893611318624293,0.0811715528892488,0.07893611318624293,0.0811715528892488,0.24080019617123924,0.0811715528892488,0.07893611318624293,0.19459730720758225,0.23387717627468535,0.1164253494300199,0.12038299012870886,0.02912914796671932,0.11486282269883723,0.11347137553676215,0.08967991012619969,0.11490844391726592,0.11490844391726592,0.11490844391726592,0.11490844391726592,0.14873657738214044,0.11490844391726592,0.11490844391726592,0.11466893252051528,0.11490844391726592,0.11583227359044691,0.11490844391726592,0.11490844391726592,0.11490844391726592,0.11490844391726592,0.11490844391726592,0.11490844391726592,0.11490844391726592,0.11490844391726592,0.11490844391726592,0.11372229223811994,0.11490844391726592,0.11490844391726592,0.11574103115358954,0.11574103115358954,0.11522779244626676,0.11522779244626676,0.11490844391726592,0.11455487947444357,0.11466893252051528,0.11348278084136933,0.11348278084136933,0.11490844391726592,0.11490844391726592,0.11253614055897398,0.11490844391726592,0.11466893252051528,0.11490844391726592,0.11739480032162959,0.14226976966987345,0.11454347416983639,0.11223960263918749,0.11246770873133094
Approval Voting (AV),0.18852512303472346,0.09371738795713887,0.2839008422817452,0.2451798331403936,0.09685384672411139,0.020700627862018626,0.07893611318624293,0.0,0.0,0.0,0.0,0.025148696658816014,0.0,0.025148696658816014,0.24175824175824176,0.025148696658816014,0.0,0.18998956414628443,0.2331016155613976,0.09622655497071687,0.1010852147333725,0.08291656449414622,0.09409376300917557,0.09269091054249332,0.0747959876138392,0.09412797892299708,0.09411657361838992,0.09411657361838992,0.09412797892299708,0.13470805271531788,0.09411657361838992,0.09410516831378274,0.09531413060214305,0.09411657361838992,0.09567910034957258,0.09412797892299708,0.09411657361838992,0.09411657361838992,0.09411657361838992,0.09411657361838992,0.09411657361838992,0.09411657361838992,0.09411657361838992,0.09411657361838992,0.09387706222163929,0.09411657361838992,0.09411657361838992,0.09553083138967934,0.09553083138967934,0.09598704357396626,0.09598704357396626,0.09411657361838992,0.09375160387096039,0.09531413060214305,0.09269091054249332,0.09269091054249332,0.09410516831378274,0.09411657361838992,0.09166443312784776,0.09412797892299708,0.09531413060214305,0.09411657361838992,0.09642044514903882,0.1270779039331193,0.0904326602302731,0.09149335355874016,0.09169864904166929
Proportional Approval Voting (PAV),0.18852512303472346,0.09371738795713887,0.2839008422817452,0.2451798331403936,0.09685384672411139,0.020700627862018626,0.07893611318624293,0.0,0.0,0.0,0.0,0.025148696658816014,0.0,0.025148696658816014,0.24175824175824176,0.025148696658816014,0.0,0.18998956414628443,0.2331016155613976,0.09622655497071687,0.1010852147333725,0.08291656449414622,0.09409376300917557,0.09269091054249332,0.0747959876138392,0.09412797892299708,0.09411657361838992,0.09411657361838992,0.09412797892299708,0.13470805271531788,0.09411657361838992,0.09410516831378274,0.09531413060214305,0.09411657361838992,0.09567910034957258,0.09412797892299708,0.09411657361838992,0.09411657361838992,0.09411657361838992,0.09411657361838992,0.09411657361838992,0.09411657361838992,0.09411657361838992,0.09411657361838992,0.09387706222163929,0.09411657361838992,0.09411657361838992,0.09553083138967934,0.09553083138967934,0.09598704357396626,0.09598704357396626,0.09411657361838992,0.09375160387096039,0.09531413060214305,0.09269091054249332,0.09269091054249332,0.09410516831378274,0.09411657361838992,0.09166443312784776,0.09412797892299708,0.09531413060214305,0.09411657361838992,0.09642044514903882,0.1270779039331193,0.0904326602302731,0.09149335355874016,0.09169864904166929
Approval Chamberlin-Courant (CC),0.18852512303472346,0.09371738795713887,0.2839008422817452,0.2451798331403936,0.09685384672411139,0.020700627862018626,0.07893611318624293,0.0,0.0,0.0,0.0,0.025148696658816014,0.0,0.025148696658816014,0.24175824175824176,0.025148696658816014,0.0,0.18998956414628443,0.2331016155613976,0.09622655497071687,0.1010852147333725,0.08291656449414622,0.09409376300917557,0.09269091054249332,0.0747959876138392,0.09412797892299708,0.09411657361838992,0.09411657361838992,0.09412797892299708,0.13470805271531788,0.09411657361838992,0.09410516831378274,0.09531413060214305,0.09411657361838992,0.09567910034957258,0.09412797892299708,0.09411657361838992,0.09411657361838992,0.09411657361838992,0.09411657361838992,0.09411657361838992,0.09411657361838992,0.09411657361838992,0.09411657361838992,0.09387706222163929,0.09411657361838992,0.09411657361838992,0.09553083138967934,0.09553083138967934,0.09598704357396626,0.09598704357396626,0.09411657361838992,0.09375160387096039,0.09531413060214305,0.09269091054249332,0.09269091054249332,0.09410516831378274,0.09411657361838992,0.09166443312784776,0.09412797892299708,0.09531413060214305,0.09411657361838992,0.09642044514903882,0.1270779039331193,0.0904326602302731,0.09149335355874016,0.09169864904166929
Lexicographic Chamberlin-Courant (lex-CC),0.18852512303472346,0.09371738795713887,0.2839008422817452,0.2451798331403936,0.09685384672411139,0.020700627862018626,0.07893611318624293,0.0,0.0,0.0,0.0,0.025148696658816014,0.0,0.025148696658816014,0.24175824175824176,0.025148696658816014,0.0,0.18998956414628443,0.2331016155613976,0.09622655497071687,0.1010852147333725,0.08291656449414622,0.09409376300917557,0.09269091054249332,0.0747959876138392,0.09412797892299708,0.09411657361838992,0.09411657361838992,0.09412797892299708,0.13470805271531788,0.09411657361838992,0.09410516831378274,0.09531413060214305,0.09411657361838992,0.09567910034957258,0.09412797892299708,0.09411657361838992,0.09411657361838992,0.09411657361838992,0.09411657361838992,0.09411657361838992,0.09411657361838992,0.09411657361838992,0.09411657361838992,0.09387706222163929,0.09411657361838992,0.09411657361838992,0.09553083138967934,0.09553083138967934,0.09598704357396626,0.09598704357396626,0.09411657361838992,0.09375160387096039,0.09531413060214305,0.09269091054249332,0.09269091054249332,0.09410516831378274,0.09411657361838992,0.09166443312784776,0.09412797892299708,0.09531413060214305,0.09411657361838992,0.09642044514903882,0.1270779039331193,0.0904326602302731,0.09149335355874016,0.09169864904166929
Sequential Approval Chamberlin-Courant (seq-CC),0.19323608410271617,0.09289620602542242,0.2844026756844608,0.24527107557725097,0.09582736930946584,0.00460774306129781,0.0811715528892488,0.025148696658816014,0.025148696658816014,0.025148696658816014,0.025148696658816014,0.0,0.025148696658816014,0.0,0.24904623140222518,0.0,0.025148696658816014,0.19016064371539204,0.22273419367347752,0.09452716458424813,0.099864847140405,0.0818786817748935,0.09289620602542242,0.091481948254133,0.07163671823765233,0.09288480072081524,0.09287339541620808,0.09287339541620808,0.09288480072081524,0.1302599839185205,0.09287339541620808,0.0928619901116009,0.09427624788289034,0.09287339541620808,0.09456138049806966,0.09288480072081524,0.09287339541620808,0.09287339541620808,0.09287339541620808,0.09287339541620808,0.09287339541620808,0.09287339541620808,0.09287339541620808,0.09287339541620808,0.0928619901116009,0.09287339541620808,0.09287339541620808,0.0944131115381764,0.0944131115381764,0.09492635024549918,0.09492635024549918,0.09287339541620808,0.09250842566877855,0.09427624788289034,0.091481948254133,0.09145913764491866,0.0928619901116009,0.09287339541620808,0.0903870390118444,0.09288480072081524,0.09427624788289034,0.09287339541620808,0.09475527067639158,0.11576384176280388,0.0890069971543765,0.09047828144870179,0.09047828144870179
Monroe's Approval Rule (Monroe),0.18852512303472346,0.09371738795713887,0.2839008422817452,0.2451798331403936,0.09685384672411139,0.020700627862018626,0.07893611318624293,0.0,0.0,0.0,0.0,0.025148696658816014,0.0,0.025148696658816014,0.24175824175824176,0.025148696658816014,0.0,0.18998956414628443,0.2331016155613976,0.09622655497071687,0.1010852147333725,0.08291656449414622,0.09409376300917557,0.09269091054249332,0.0747959876138392,0.09412797892299708,0.09411657361838992,0.09411657361838992,0.09412797892299708,0.13470805271531788,0.09411657361838992,0.09410516831378274,0.09531413060214305,0.09411657361838992,0.09567910034957258,0.09412797892299708,0.09411657361838992,0.09411657361838992,0.09411657361838992,0.09411657361838992,0.09411657361838992,0.09411657361838992,0.09411657361838992,0.09411657361838992,0.09387706222163929,0.09411657361838992,0.09411657361838992,0.09553083138967934,0.09553083138967934,0.09598704357396626,0.09598704357396626,0.09411657361838992,0.09375160387096039,0.09531413060214305,0.09269091054249332,0.09269091054249332,0.09410516831378274,0.09411657361838992,0.09166443312784776,0.09412797892299708,0.09531413060214305,0.09411657361838992,0.09642044514903882,0.1270779039331193,0.0904326602302731,0.09149335355874016,0.09169864904166929
Greedy Monroe,0.19323608410271617,0.09289620602542242,0.2844026756844608,0.24527107557725097,0.09582736930946584,0.00460774306129781,0.0811715528892488,0.025148696658816014,0.025148696658816014,0.025148696658816014,0.025148696658816014,0.0,0.025148696658816014,0.0,0.24904623140222518,0.0,0.025148696658816014,0.19016064371539204,0.22273419367347752,0.09452716458424813,0.099864847140405,0.0818786817748935,0.09289620602542242,0.091481948254133,0.07163671823765233,0.09288480072081524,0.09287339541620808,0.09287339541620808,0.09288480072081524,0.1302599839185205,0.09287339541620808,0.0928619901116009,0.09427624788289034,0.09287339541620808,0.09456138049806966,0.09288480072081524,0.09287339541620808,0.09287339541620808,0.09287339541620808,0.09287339541620808,0.09287339541620808,0.09287339541620808,0.09287339541620808,0.09287339541620808,0.0928619901116009,0.09287339541620808,0.09287339541620808,0.0944131115381764,0.0944131115381764,0.09492635024549918,0.09492635024549918,0.09287339541620808,0.09250842566877855,0.09427624788289034,0.091481948254133,0.09145913764491866,0.0928619901116009,0.09287339541620808,0.0903870390118444,0.09288480072081524,0.09427624788289034,0.09287339541620808,0.09475527067639158,0.11576384176280388,0.0890069971543765,0.09047828144870179,0.09047828144870179
Minimax Approval Voting (MAV),0.18884162023757245,0.2448376740021784,0.2212400987699379,0.2452596702726438,0.24559042410625181,0.24673095456696909,0.24080019617123924,0.24175824175824176,0.24175824175824176,0.24175824175824176,0.24175824175824176,0.24904623140222518,0.24175824175824176,0.24904623140222518,0.0,0.24904623140222518,0.24175824175824176,0.2446323785192493,0.2857142857142857,0.2470274924867556,0.24594398854907418,0.24720997736047035,0.24636598481953956,0.2458869620260383,0.2482022388612944,0.24636598481953956,0.24636598481953956,0.24636598481953956,0.24636598481953956,0.2576344257714263,0.24636598481953956,0.24636598481953956,0.2456816665431092,0.24636598481953956,0.24636598481953956,0.24636598481953956,0.24636598481953956,0.24636598481953956,0.24636598481953956,0.24636598481953956,0.24636598481953956,0.24636598481953956,0.24636598481953956,0.24636598481953956,0.2456474506292877,0.24636598481953956,0.24636598481953956,0.24636598481953956,0.24636598481953956,0.24559042410625181,0.24559042410625181,0.24636598481953956,0.24626333707807502,0.2456816665431092,0.2458869620260383,0.2458869620260383,0.24636598481953956,0.24636598481953956,0.24560182941085898,0.24636598481953956,0.2456816665431092,0.24636598481953956,0.2467651704807906,0.2681159007054181,0.2457158824569307,0.24554480288782313,0.24560182941085898
Method of Equal Shares (aka Rule X) with Phragmén phase,0.19323608410271617,0.09289620602542242,0.2844026756844608,0.24527107557725097,0.09582736930946584,0.00460774306129781,0.0811715528892488,0.025148696658816014,0.025148696658816014,0.025148696658816014,0.025148696658816014,0.0,0.025148696658816014,0.0,0.24904623140222518,0.0,0.025148696658816014,0.19016064371539204,0.22273419367347752,0.09452716458424813,0.099864847140405,0.0818786817748935,0.09289620602542242,0.091481948254133,0.07163671823765233,0.09288480072081524,0.09287339541620808,0.09287339541620808,0.09288480072081524,0.1302599839185205,0.09287339541620808,0.0928619901116009,0.09427624788289034,0.09287339541620808,0.09456138049806966,0.09288480072081524,0.09287339541620808,0.09287339541620808,0.09287339541620808,0.09287339541620808,0.09287339541620808,0.09287339541620808,0.09287339541620808,0.09287339541620808,0.0928619901116009,0.09287339541620808,0.09287339541620808,0.0944131115381764,0.0944131115381764,0.09492635024549918,0.09492635024549918,0.09287339541620808,0.09250842566877855,0.09427624788289034,0.091481948254133,0.09145913764491866,0.0928619901116009,0.09287339541620808,0.0903870390118444,0.09288480072081524,0.09427624788289034,0.09287339541620808,0.09475527067639158,0.11576384176280388,0.0890069971543765,0.09047828144870179,0.09047828144870179
E Pluribus Hugo (EPH),0.18852512303472346,0.09371738795713887,0.2839008422817452,0.2451798331403936,0.09685384672411139,0.020700627862018626,0.07893611318624293,0.0,0.0,0.0,0.0,0.025148696658816014,0.0,0.025148696658816014,0.24175824175824176,0.025148696658816014,0.0,0.18998956414628443,0.2331016155613976,0.09622655497071687,0.1010852147333725,0.08291656449414622,0.09409376300917557,0.09269091054249332,0.0747959876138392,0.09412797892299708,0.09411657361838992,0.09411657361838992,0.09412797892299708,0.13470805271531788,0.09411657361838992,0.09410516831378274,0.09531413060214305,0.09411657361838992,0.09567910034957258,0.09412797892299708,0.09411657361838992,0.09411657361838992,0.09411657361838992,0.09411657361838992,0.09411657361838992,0.09411657361838992,0.09411657361838992,0.09411657361838992,0.09387706222163929,0.09411657361838992,0.09411657361838992,0.09553083138967934,0.09553083138967934,0.09598704357396626,0.09598704357396626,0.09411657361838992,0.09375160387096039,0.09531413060214305,0.09269091054249332,0.09269091054249332,0.09410516831378274,0.09411657361838992,0.09166443312784776,0.09412797892299708,0.09531413060214305,0.09411657361838992,0.09642044514903882,0.1270779039331193,0.0904326602302731,0.09149335355874016,0.09169864904166929
Random Serial Dictator,0.22202535399214174,0.19579486419133538,0.2783464589380521,0.24549918166939444,0.19588610662819278,0.19014923841078485,0.19459730720758225,0.18998956414628443,0.18998956414628443,0.18998956414628443,0.18998956414628443,0.19016064371539204,0.18998956414628443,0.19016064371539204,0.2446323785192493,0.19016064371539204,0.18998956414628443,0.0,0.2289500846843867,0.1964221559447299,0.196296697594051,0.1949850875642261,0.1958404854097641,0.19572643236369236,0.19362785631597257,0.1958404854097641,0.1958404854097641,0.1958404854097641,0.1958404854097641,0.2052270511014673,0.1958404854097641,0.1958404854097641,0.19594313315122863,0.1958404854097641,0.19643356124933706,0.1958404854097641,0.1958404854097641,0.1958404854097641,0.1958404854097641,0.1958404854097641,0.1958404854097641,0.1958404854097641,0.1958404854097641,0.1958404854097641,0.19586329601897842,0.1958404854097641,0.1958404854097641,0.19627388698483664,0.19627388698483664,0.196034375588086,0.196034375588086,0.1958404854097641,0.1958404854097641,0.19594313315122863,0.19572643236369236,0.19572643236369236,0.1958404854097641,0.1958404854097641,0.19565800053604931,0.1958404854097641,0.19594313315122863,0.1958404854097641,0.19631950820326532,0.20020871707431126,0.19563518992683498,0.19568081114526367,0.19565800053604931
Anti-Plurality,0.2664655531287602,0.22890446346595802,0.2857142857142857,0.24520264374960793,0.22772971709141923,0.2229166785471923,0.23387717627468535,0.2331016155613976,0.2331016155613976,0.2331016155613976,0.2331016155613976,0.22273419367347752,0.2331016155613976,0.22273419367347752,0.2857142857142857,0.22273419367347752,0.2331016155613976,0.2289500846843867,0.0,0.22580222061280703,0.2272735049071323,0.2249696333764834,0.22698837229195298,0.22759285343613314,0.22368083395587288,0.22697696698734582,0.22697696698734582,0.22697696698734582,0.22697696698734582,0.17836755875157537,0.22697696698734582,0.22698837229195298,0.22784377013749094,0.22697696698734582,0.2252205500778412,0.22697696698734582,0.22697696698734582,0.22697696698734582,0.22697696698734582,0.22697696698734582,0.22697696698734582,0.22697696698734582,0.22697696698734582,0.22697696698734582,0.22791220196513398,0.22697696698734582,0.22697696698734582,0.22453623180141083,0.22453623180141083,0.22785517544209813,0.22785517544209813,0.22697696698734582,0.22715945186106057,0.22784377013749094,0.22759285343613314,0.22758144813152598,0.22698837229195298,0.22697696698734582,0.22788939135591965,0.22697696698734582,0.22784377013749094,0.22697696698734582,0.22640670175698718,0.19420952685093837,0.22800344440199136,0.22795782318356267,0.22792360726974115
Two-Approval,0.17744543987408543,0.026984950700570835,0.285337910662249,0.2450543747897147,0.025353992141745125,0.09515445633764263,0.1164253494300199,0.09622655497071687,0.09622655497071687,0.09622655497071687,0.09622655497071687,0.09452716458424813,0.09622655497071687,0.09452716458424813,0.2470274924867556,0.09452716458424813,0.09622655497071687,0.1964221559447299,0.22580222061280703,0.0,0.029471307104934504,0.1217972478999983,0.026460306688640887,0.026973545395963663,0.0495560485181658,0.026460306688640887,0.02647171199324806,0.02647171199324806,0.026460306688640887,0.086201292221012,0.02647171199324806,0.026483117297855234,0.02590144676288942,0.02647171199324806,0.02838780316725309,0.026460306688640887,0.02647171199324806,0.02647171199324806,0.02647171199324806,0.02647171199324806,0.02647171199324806,0.02647171199324806,0.02647171199324806,0.02647171199324806,0.026745439303820208,0.02647171199324806,0.02647171199324806,0.02826234481657419,0.02826234481657419,0.026232200596497432,0.026232200596497432,0.02647171199324806,0.026574359734712616,0.02590144676288942,0.026984950700570835,0.026950734786749315,0.026483117297855234,0.02647171199324806,0.027178840878892774,0.026460306688640887,0.02590144676288942,0.02647171199324806,0.0034558072959733573,0.07541187406262653,0.013800418574679084,0.027133219660464083,0.027110409051249736
Three-Approval,0.17291411235365567,0.009409376300917557,0.285600232668214,0.2451798331403936,0.005862326568086817,0.10059478663526406,0.12038299012870886,0.1010852147333725,0.1010852147333725,0.1010852147333725,0.1010852147333725,0.099864847140405,0.1010852147333725,0.099864847140405,0.24594398854907418,0.099864847140405,0.1010852147333725,0.196296697594051,0.2272735049071323,0.029471307104934504,0.0,0.1256978620756514,0.008987380030452163,0.010276179451062689,0.03912019480260269,0.008930353507416298,0.008941758812023472,0.008941758812023472,0.008930353507416298,0.07303957070433459,0.008941758812023472,0.008953164116630646,0.007527501040734045,0.008941758812023472,0.010835039376814156,0.008930353507416298,0.008941758812023472,0.008941758812023472,0.008941758812023472,0.008941758812023472,0.008941758812023472,0.008941758812023472,0.008941758812023472,0.008941758812023472,0.009306728559453002,0.008941758812023472,0.008941758812023472,0.01068677041692091,0.01068677041692091,0.007128315379482998,0.007128315379482998,0.008941758812023472,0.009306728559453002,0.007527501040734045,0.010276179451062689,0.010276179451062689,0.008953164116630646,0.008941758812023472,0.011097361382779131,0.008930353507416298,0.007527501040734045,0.008941758812023472,0.02601549980896115,0.08802614095815964,0.021681484058235487,0.011291251561101069,0.011085956078171958
Instant Runoff,0.19718060870110685,0.12042861134713756,0.28393505819556675,0.2452596702726438,0.12216221764742782,0.08216381439007282,0.02912914796671932,0.08291656449414622,0.08291656449414622,0.08291656449414622,0.08291656449414622,0.0818786817748935,0.08291656449414622,0.0818786817748935,0.24720997736047035,0.0818786817748935,0.08291656449414622,0.1949850875642261,0.2249696333764834,0.1217972478999983,0.1256978620756514,0.0,0.11838706182245362,0.11696139874655702,0.08845954253323221,0.11844408834548949,0.11843268304088231,0.11843268304088231,0.11844408834548949,0.1419162052270511,0.11843268304088231,0.11842127773627514,0.12017769464577975,0.11843268304088231,0.12083920231299577,0.11844408834548949,0.11843268304088231,0.11843268304088231,0.11843268304088231,0.11843268304088231,0.11843268304088231,0.11843268304088231,0.11843268304088231,0.11843268304088231,0.11949337636934938,0.11843268304088231,0.11843268304088231,0.12066812274388818,0.12066812274388818,0.12071374396231688,0.12071374396231688,0.11843268304088231,0.1183528459086321,0.12017769464577975,0.11694999344194985,0.11698420935577136,0.11842127773627514,0.11843268304088231,0.11804490268423844,0.11844408834548949,0.12017769464577975,0.11843268304088231,0.1226298351363219,0.14062740580644056,0.11981272489835022,0.11799928146580975,0.11801068677041691
Bottom-Two-Runoff Instant Runoff,0.1737826262994919,0.004870065067262784,0.2857142857142857,0.24511140131275055,0.005406114383799905,0.09367176673871018,0.11486282269883723,0.09409376300917557,0.09409376300917557,0.09409376300917557,0.09409376300917557,0.09289620602542242,0.09409376300917557,0.09289620602542242,0.24636598481953956,0.09289620602542242,0.09409376300917557,0.1958404854097641,0.22698837229195298,0.026460306688640887,0.008987380030452163,0.11838706182245362,0.0,0.0014256630758965995,0.030623242870258957,9.124243685738237e-05,7.983713225020958e-05,7.983713225020958e-05,9.124243685738237e-05,0.06560331210045792,7.983713225020958e-05,9.124243685738237e-05,0.0022582503122202135,7.983713225020958e-05,0.0034558072959733573,9.124243685738237e-05,7.983713225020958e-05,7.983713225020958e-05,7.983713225020958e-05,7.983713225020958e-05,7.983713225020958e-05,7.983713225020958e-05,7.983713225020958e-05,7.983713225020958e-05,0.002509167013578015,7.983713225020958e-05,7.983713225020958e-05,0.003170674680794037,0.003170674680794037,0.00240651927211346,0.00240651927211346,7.983713225020958e-05,0.00043340157507256626,0.0022582503122202135,0.0014370683805037723,0.0014712842943252907,9.124243685738237e-05,7.983713225020958e-05,0.002509167013578015,9.124243685738237e-05,0.0022582503122202135,7.983713225020958e-05,0.023266821398632506,0.08492389810500864,0.017951949451689982,0.0026688412780784343,0.0024293298813278055
Benham,0.17361097646515394,0.00346721260058053,0.2857142857142857,0.2451342119219649,0.006307133447766556,0.09225750896742074,0.11347137553676215,0.09269091054249332,0.09269091054249332,0.09269091054249332,0.09269091054249332,0.091481948254133,0.09269091054249332,0.091481948254133,0.2458869620260383,0.091481948254133,0.09269091054249332,0.19572643236369236,0.22759285343613314,0.026973545395963663,0.010276179451062689,0.11696139874655702,0.0014256630758965995,0.0,0.030931186094652622,0.0014940949035396362,0.0014826895989324634,0.0014826895989324634,0.0014940949035396362,0.06692632743488997,0.0014826895989324634,0.0014712842943252907,0.0032277012038299012,0.0014826895989324634,0.0038892088710459237,0.0014940949035396362,0.0014826895989324634,0.0014826895989324634,0.0014826895989324634,0.0014826895989324634,0.0014826895989324634,0.0014826895989324634,0.0014826895989324634,0.0014826895989324634,0.0025433829273995333,0.0014826895989324634,0.0014826895989324634,0.0037181293019383317,0.0037181293019383317,0.0037637505203670226,0.0037637505203670226,0.0014826895989324634,0.0014028524666822538,0.0032277012038299012,1.1405304607172797e-05,4.5621218428691186e-05,0.0014712842943252907,0.0014826895989324634,0.0010949092422885885,0.0014940949035396362,0.0032277012038299012,0.0014826895989324634,0.023802870715169625,0.08587053838740398,0.018123029020797574,0.0012659888113961803,0.0010492880238598971
PluralityWRunoff PUT,0.18081456685504432,0.034329966867590114,0.2853265053576418,0.2451342119219649,0.03508271697166352,0.0725263319970118,0.08967991012619969,0.0747959876138392,0.0747959876138392,0.0747959876138392,0.0747959876138392,0.07163671823765233,0.0747959876138392,0.07163671823765233,0.2482022388612944,0.07163671823765233,0.0747959876138392,0.19362785631597257,0.22368083395587288,0.0495560485181658,0.03912019480260269,0.08845954253323221,0.030623242870258957,0.030931186094652622,0.0,0.030646053479473304,0.03063464817486613,0.03063464817486613,0.030646053479473304,0.08363509868439811,0.03063464817486613,0.030646053479473304,0.03258495526269268,0.03063464817486613,0.03367986450498127,0.030646053479473304,0.03063464817486613,0.03063464817486613,0.03063464817486613,0.03063464817486613,0.03063464817486613,0.03063464817486613,0.03063464817486613,0.03063464817486613,0.0324480916074066,0.03063464817486613,0.03063464817486613,0.033417542499016295,0.033417542499016295,0.032938519705515035,0.032938519705515035,0.03063464817486613,0.030828538353188068,0.03258495526269268,0.030942591399259797,0.030908375485438278,0.030646053479473304,0.03063464817486613,0.031946258204691,0.030646053479473304,0.03258495526269268,0.03063464817486613,0.04847254458048438,0.0962607708845384,0.04357966890400725,0.03188923168165514,0.031866421072440795
Coombs,0.17377806417764904,0.004904280981084302,0.2857142857142857,0.24511140131275055,0.005326277251549696,0.093660361434103,0.11490844391726592,0.09412797892299708,0.09412797892299708,0.09412797892299708,0.09412797892299708,0.09288480072081524,0.09412797892299708,0.09288480072081524,0.24636598481953956,0.09288480072081524,0.09412797892299708,0.1958404854097641,0.22697696698734582,0.026460306688640887,0.008930353507416298,0.11844408834548949,9.124243685738237e-05,0.0014940949035396362,0.030646053479473304,0.0,1.1405304607172797e-05,1.1405304607172797e-05,0.0,0.06555769088202923,1.1405304607172797e-05,2.2810609214345593e-05,0.002178413179970004,1.1405304607172797e-05,0.00346721260058053,0.0,1.1405304607172797e-05,1.1405304607172797e-05,1.1405304607172797e-05,1.1405304607172797e-05,1.1405304607172797e-05,1.1405304607172797e-05,1.1405304607172797e-05,1.1405304607172797e-05,0.0024977617089708424,1.1405304607172797e-05,1.1405304607172797e-05,0.0031820799854012103,0.0031820799854012103,0.0023266821398632504,0.0023266821398632504,1.1405304607172797e-05,0.0003877803566438751,0.002178413179970004,0.0014940949035396362,0.001459878989718118,2.2810609214345593e-05,1.1405304607172797e-05,0.0024977617089708424,0.0,0.002178413179970004,1.1405304607172797e-05,0.023266821398632506,0.08487827688657995,0.01790632823326129,0.0027030571918999526,0.002452140490542151
Baldwin,0.17377806417764902,0.0049156862856914755,0.2857142857142857,0.24511140131275055,0.005337682556156869,0.09364895612949582,0.11490844391726592,0.09411657361838992,0.09411657361838992,0.09411657361838992,0.09411657361838992,0.09287339541620808,0.09411657361838992,0.09287339541620808,0.24636598481953956,0.09287339541620808,0.09411657361838992,0.1958404854097641,0.22697696698734582,0.02647171199324806,0.008941758812023472,0.11843268304088231,7.983713225020958e-05,0.0014826895989324634,0.03063464817486613,1.1405304607172797e-05,0.0,0.0,1.1405304607172797e-05,0.06554628557742206,0.0,1.1405304607172797e-05,0.002189818484577177,0.0,0.00346721260058053,1.1405304607172797e-05,0.0,0.0,0.0,0.0,0.0,0.0,0.0,0.0,0.002509167013578015,0.0,0.0,0.0031820799854012103,0.0031820799854012103,0.002338087444470423,0.002338087444470423,0.0,0.0003763750520367023,0.002189818484577177,0.0014826895989324634,0.001448473685110945,1.1405304607172797e-05,0.0,0.0024863564043636696,1.1405304607172797e-05,0.002189818484577177,0.0,0.023278226703239677,0.08488968219118712,0.017917733537868463,0.00269165188729278,0.0024407351859349782
Strict Nanson,0.17377806417764902,0.0049156862856914755,0.2857142857142857,0.24511140131275055,0.005337682556156869,0.09364895612949582,0.11490844391726592,0.09411657361838992,0.09411657361838992,0.09411657361838992,0.09411657361838992,0.09287339541620808,0.09411657361838992,0.09287339541620808,0.24636598481953956,0.09287339541620808,0.09411657361838992,0.1958404854097641,0.22697696698734582,0.02647171199324806,0.008941758812023472,0.11843268304088231,7.983713225020958e-05,0.0014826895989324634,0.03063464817486613,1.1405304607172797e-05,0.0,0.0,1.1405304607172797e-05,0.06554628557742206,0.0,1.1405304607172797e-05,0.002189818484577177,0.0,0.00346721260058053,1.1405304607172797e-05,0.0,0.0,0.0,0.0,0.0,0.0,0.0,0.0,0.002509167013578015,0.0,0.0,0.0031820799854012103,0.0031820799854012103,0.002338087444470423,0.002338087444470423,0.0,0.0003763750520367023,0.002189818484577177,0.0014826895989324634,0.001448473685110945,1.1405304607172797e-05,0.0,0.0024863564043636696,1.1405304607172797e-05,0.002189818484577177,0.0,0.023278226703239677,0.08488968219118712,0.017917733537868463,0.00269165188729278,0.0024407351859349782
Weak Nanson,0.17377806417764904,0.004904280981084302,0.2857142857142857,0.24511140131275055,0.005326277251549696,0.093660361434103,0.11490844391726592,0.09412797892299708,0.09412797892299708,0.09412797892299708,0.09412797892299708,0.09288480072081524,0.09412797892299708,0.09288480072081524,0.24636598481953956,0.09288480072081524,0.09412797892299708,0.1958404854097641,0.22697696698734582,0.026460306688640887,0.008930353507416298,0.11844408834548949,9.124243685738237e-05,0.0014940949035396362,0.030646053479473304,0.0,1.1405304607172797e-05,1.1405304607172797e-05,0.0,0.06555769088202923,1.1405304607172797e-05,2.2810609214345593e-05,0.002178413179970004,1.1405304607172797e-05,0.00346721260058053,0.0,1.1405304607172797e-05,1.1405304607172797e-05,1.1405304607172797e-05,1.1405304607172797e-05,1.1405304607172797e-05,1.1405304607172797e-05,1.1405304607172797e-05,1.1405304607172797e-05,0.0024977617089708424,1.1405304607172797e-05,1.1405304607172797e-05,0.0031820799854012103,0.0031820799854012103,0.0023266821398632504,0.0023266821398632504,1.1405304607172797e-05,0.0003877803566438751,0.002178413179970004,0.0014940949035396362,0.001459878989718118,2.2810609214345593e-05,1.1405304607172797e-05,0.0024977617089708424,0.0,0.002178413179970004,1.1405304607172797e-05,0.023266821398632506,0.08487827688657995,0.01790632823326129,0.0027030571918999526,0.002452140490542151
Iterated Removal Condorcet Loser,0.2002817110237972,0.0700171649834338,0.2857142857142857,0.24460956791003496,0.07011981272489835,0.13103554463180825,0.14873657738214044,0.13470805271531788,0.13470805271531788,0.13470805271531788,0.13470805271531788,0.1302599839185205,0.13470805271531788,0.1302599839185205,0.2576344257714263,0.1302599839185205,0.13470805271531788,0.2052270511014673,0.17836755875157537,0.086201292221012,0.07303957070433459,0.1419162052270511,0.06560331210045792,0.06692632743488997,0.08363509868439811,0.06555769088202923,0.06554628557742206,0.06554628557742206,0.06555769088202923,0.0,0.06554628557742206,0.06555769088202923,0.06753080857907012,0.06554628557742206,0.06818091094167897,0.06555769088202923,0.06554628557742206,0.06554628557742206,0.06554628557742206,0.06554628557742206,0.06554628557742206,0.06554628557742206,0.06554628557742206,0.06554628557742206,0.06777031997582075,0.06554628557742206,0.06554628557742206,0.0679642101541427,0.0679642101541427,0.06761064571132033,0.06761064571132033,0.06554628557742206,0.06572877045113683,0.06753080857907012,0.06692632743488997,0.0669149221302828,0.06555769088202923,0.06554628557742206,0.06785015710807096,0.06555769088202923,0.06753080857907012,0.06554628557742206,0.08468438670825801,0.1256864567710442,0.08061269296349732,0.0679642101541427,0.06781594119424944
