,NN,Min Violations Committee,Max Violations Committee,Random Choice,Borda ranking,Plurality ranking,STV,Approval Voting (AV),Proportional Approval Voting (PAV),Approval Chamberlin-Courant (CC),Lexicographic Chamberlin-Courant (lex-CC),Sequential Approval Chamberlin-Courant (seq-CC),Monroe's Approval Rule (Monroe),Greedy Monroe,Minimax Approval Voting (MAV),Method of Equal Shares (aka Rule X) with Phragmén phase,E Pluribus Hugo (EPH),Random Serial Dictator,Anti-Plurality,Two-Approval,Three-Approval,Instant Runoff,Bottom-Two-Runoff Instant Runoff,Benham,PluralityWRunoff PUT,Coombs,Baldwin,Strict Nanson,Weak Nanson,Iterated Removal Condorcet Loser,Raynaud,Tideman Alternative Top Cycle,Knockout Voting,Banks,Condorcet,Copeland,Llull,Uncovered Set,Uncovered Set - Fishburn,Uncovered Set - Bordes,Uncovered Set - McKelvey,Slater,Top Cycle,GOCHA,Bipartisan Set,Minimax,Split Cycle,Ranked Pairs ZT,Ranked Pairs TB,Simple Stable Voting,Stable Voting,Loss-Trimmer Voting,Daunou,Blacks,Condorcet IRV,Condorcet IRV PUT,Smith IRV,Smith-Minimax,Condorcet Plurality,Copeland-Local-Borda,Copeland-Global-Borda,Borda-Minimax Faceoff,Bucklin,Simplified Bucklin,Weighted Bucklin,Bracket Voting,Superior Voting
Min Violations Committee,0.22417354311490276,0.0,0.22419407266319566,0.24528248088185814,0.10062900254908558,0.17308690271845437,0.10098256699190794,0.16802294747286964,0.16802294747286964,0.16802294747286964,0.16802294747286964,0.17429586500681468,0.16802294747286964,0.17429586500681468,0.18854109046117348,0.17429586500681468,0.16802294747286964,0.23233746015271703,0.1969696105658742,0.14865674024989023,0.1392359586443655,0.11981272489835022,0.09415078953221143,0.09920333947318898,0.14268036063573167,0.11831862999481059,0.09040984962105876,0.08766117121073011,0.08311045467246816,0.24642301134257544,0.09543958895282195,0.10168969587755265,0.07419150646965904,0.12895977919330281,0.1458966565349544,0.07924405641063659,0.0862811293532622,0.12348523298185986,0.08759273938308708,0.12919929059005344,0.13549501873321282,0.09120822094356085,0.14358137969969834,0.08772960303837314,0.09232594079506379,0.0831788865001112,0.09189253921999121,0.14350154256744813,0.14350154256744813,0.06822653216010767,0.06822653216010767,0.08121717410767748,0.11453206886522922,0.08901840245898367,0.1020888815388037,0.10780293914699726,0.10350313931009313,0.08315607589089685,0.11612881151023341,0.07350718819322867,0.07091818404740044,0.08592756491043985,0.13469664741071072,0.16625512525875785,0.10523674561038339,0.09808561962168605,0.0841825533055424
Max Violations Committee,0.1694868183192003,0.22419407266319566,0.0,0.24561323471546617,0.27089879502956826,0.2617289301254013,0.26293789241376164,0.2503692467366572,0.2503692467366572,0.2503692467366572,0.2503692467366572,0.2645916615818017,0.2503692467366572,0.2645916615818017,0.03565298220202216,0.2645916615818017,0.2503692467366572,0.24624052646886066,0.262367627183403,0.26833260149295435,0.26914237812006364,0.27101284807563997,0.27522140547568674,0.27417211745182685,0.27300877638189525,0.270682094242032,0.27759370883397866,0.2773770080464424,0.2768409587299053,0.28570288040967856,0.2779586785814082,0.27471957207297115,0.27652161020090443,0.28500715682864103,0.2857142857142857,0.28036519785352165,0.2844026756844608,0.28432283855221063,0.2857142857142857,0.2850869939608912,0.28569147510507137,0.28120919039445247,0.28570288040967856,0.2857142857142857,0.28489310378256927,0.28130043283130984,0.28184788745245415,0.28569147510507137,0.28569147510507137,0.276624257942369,0.276624257942369,0.27933872043887614,0.2725411588930011,0.273522015089218,0.2738071477043973,0.2785061332025525,0.27403525379654076,0.2812776222220955,0.2719822989672497,0.2767155003792264,0.2759969661889745,0.28053627742262927,0.26888005611409865,0.2767497162930479,0.27008901840245897,0.2712523594723906,0.27497048877432895
Random Choice,0.24522716515451337,0.24528248088185814,0.24561323471546617,0.0,0.24432443529485565,0.24519123844500076,0.2445069201685704,0.2447122156514995,0.2447122156514995,0.2447122156514995,0.2447122156514995,0.24498594296207166,0.2447122156514995,0.24498594296207166,0.2456816665431092,0.24498594296207166,0.2447122156514995,0.24548777636478727,0.24498594296207166,0.24423319285799824,0.2442560034672126,0.2443358405994628,0.24456394669160628,0.24401649207046197,0.24435865120867717,0.24462097321464213,0.24443848834092738,0.2443814618178915,0.2447236209561067,0.2456360453246805,0.2438340071967472,0.2437997912829257,0.2446437838238565,0.24474643156532103,0.24467799973767798,0.2445867573008206,0.24385681780596155,0.24454113608239192,0.2443358405994628,0.24476924217453538,0.2447236209561067,0.2447122156514995,0.24460956791003496,0.24432443529485565,0.24470081034689234,0.2442560034672126,0.2443358405994628,0.24456394669160628,0.24456394669160628,0.24432443529485565,0.24432443529485565,0.24440427242710586,0.2446323785192493,0.2443358405994628,0.24408492389810502,0.2438340071967472,0.24394806024281893,0.24426740877181977,0.24462097321464213,0.2443814618178915,0.24456394669160628,0.24411913981192654,0.2444270830363202,0.2448490793067856,0.2441305451165337,0.24487188991599992,0.24456394669160628
Borda ranking,0.24521918144128832,0.10062900254908558,0.27089879502956826,0.24432443529485565,0.0,0.1598567493741339,0.11417850442240686,0.16017609790313475,0.16017609790313475,0.16017609790313475,0.16017609790313475,0.15978831754649087,0.16017609790313475,0.15978831754649087,0.24488329522060712,0.15978831754649087,0.16017609790313475,0.23047839550174787,0.17341765655206237,0.12243594495799996,0.10260212024612647,0.11515936061862372,0.09344366064656671,0.09979641531276197,0.12903961632555302,0.10710721556595973,0.09250842566877855,0.08747868633701535,0.08201554543017958,0.2311741190827854,0.09777767639729239,0.09931739251926071,0.04560981312408401,0.11150966314432843,0.14448239876366498,0.06665260012431783,0.08040739748056822,0.1121483602023301,0.08973693664923556,0.11182901167332926,0.1188546793113477,0.08786646669365922,0.13593982561289256,0.09480089189482029,0.10089132455505055,0.07956340493963743,0.08369212520743398,0.13920174273054398,0.13920174273054398,0.06279760716709341,0.06279760716709341,0.09030720187959419,0.11108766687386304,0.01435927850043055,0.10140456326237333,0.10278460511984124,0.10121067308405139,0.07950637841660156,0.11323186414001152,0.06756502449289165,0.04628272609590721,0.06455402407659802,0.0958045587002515,0.13294023050120612,0.03715848241016897,0.10115364656101553,0.07115769544415107
Plurality ranking,0.24811384775058884,0.17308690271845437,0.2617289301254013,0.24519123844500076,0.1598567493741339,0.0,0.15058423672850244,0.048483949885091554,0.048483949885091554,0.048483949885091554,0.048483949885091554,0.010173531709598133,0.048483949885091554,0.010173531709598133,0.24839612903961633,0.010173531709598133,0.048483949885091554,0.22292808385179946,0.22734193673477535,0.15812314307384365,0.18858671167960217,0.14037648910508277,0.14704859230027886,0.14797242197345986,0.10660538216324413,0.1896702156172836,0.16332396197471444,0.16217202620938997,0.1614877079329596,0.22592767896348592,0.16471540913678953,0.1505158049008594,0.1595716167589546,0.16779484138072617,0.18575819613702332,0.15981112815570522,0.1612824124500305,0.16843353843872785,0.16284493918121318,0.1678290572945477,0.1698820121238388,0.16196673072646087,0.17934841494779222,0.1651830266256836,0.16591296612054265,0.16131662836385202,0.1615447344559955,0.18081969924211752,0.18081969924211752,0.15975410163266934,0.15975410163266934,0.16319850362403554,0.08283672736189601,0.15920664701152507,0.1458966565349544,0.15058423672850244,0.14813209623796028,0.16130522305924486,0.06447418694434781,0.159731291023455,0.15945756371288286,0.16016469259852759,0.1939928260634021,0.1949166557365831,0.16511459479804058,0.13032841574616355,0.14978586540600033
STV,0.23976516477813836,0.10098256699190794,0.26293789241376164,0.2445069201685704,0.11417850442240686,0.15058423672850244,0.0,0.14545184965527466,0.14545184965527466,0.14545184965527466,0.14545184965527466,0.1511430966542539,0.14545184965527466,0.1511430966542539,0.23393420279772123,0.1511430966542539,0.14545184965527466,0.2289500846843867,0.20688082026950735,0.1379813751375765,0.1471170241279219,0.06357316788038117,0.09175567556470514,0.0726175744338692,0.11757728519534436,0.1438551070102705,0.10806526115296224,0.10560171535781292,0.10272757859680537,0.24311547300649533,0.11222819733458031,0.08006523834235303,0.09628358149375274,0.13535815507792676,0.15635532085973186,0.10115364656101553,0.10752921183642512,0.13669257571696597,0.11211414428850859,0.1355976664746774,0.14177934157176503,0.10895487491232173,0.15199849449979186,0.1157980576766254,0.11725793666634352,0.10579560553613486,0.10955935605650188,0.15313902496050913,0.15313902496050913,0.09431046379671185,0.09431046379671185,0.10267055207376952,0.10890925369389302,0.10551047292095554,0.06989170663275489,0.0816277650735357,0.07498987779216114,0.10572717370849181,0.11148685253511408,0.09757238091436327,0.09652309289050337,0.10536220396106229,0.1479496113642455,0.1713875123319856,0.1188204633975262,0.08515200419715209,0.08998785335059337
Approval Voting (AV),0.24007595932868375,0.16802294747286964,0.2503692467366572,0.2447122156514995,0.16017609790313475,0.048483949885091554,0.14545184965527466,0.0,0.0,0.0,0.0,0.05738008747868634,0.0,0.05738008747868634,0.2346527369879731,0.05738008747868634,0.0,0.22255170879976277,0.2298739143575677,0.16202375724949675,0.1902176702384279,0.14374105396419876,0.15016224045803703,0.15122293378650412,0.12056547500242362,0.19135820069914516,0.16660868970158021,0.16498913644736166,0.16336958319314313,0.24581853019839528,0.16866164453087132,0.15410847585211881,0.15967426450041913,0.18015819157490148,0.1968783681290168,0.16305023466414229,0.16687101170754517,0.1795194945168998,0.17009871291137507,0.18028364992558038,0.18310076016355206,0.16717895493193885,0.19196268184332532,0.1724368003558455,0.17320095576452607,0.16504616297039754,0.16655166317854433,0.1934795873560793,0.1934795873560793,0.1593549159714183,0.1593549159714183,0.16594718203436418,0.10187218075126742,0.15937772658063265,0.1490901418249628,0.1570510444407694,0.1512571497003256,0.16498913644736166,0.092405777927314,0.1610771169671014,0.1595259955405259,0.16389422720507307,0.19488243982276157,0.20386981985321373,0.16490929931511145,0.13057933244752135,0.1512571497003256
Proportional Approval Voting (PAV),0.24007595932868375,0.16802294747286964,0.2503692467366572,0.2447122156514995,0.16017609790313475,0.048483949885091554,0.14545184965527466,0.0,0.0,0.0,0.0,0.05738008747868634,0.0,0.05738008747868634,0.2346527369879731,0.05738008747868634,0.0,0.22255170879976277,0.2298739143575677,0.16202375724949675,0.1902176702384279,0.14374105396419876,0.15016224045803703,0.15122293378650412,0.12056547500242362,0.19135820069914516,0.16660868970158021,0.16498913644736166,0.16336958319314313,0.24581853019839528,0.16866164453087132,0.15410847585211881,0.15967426450041913,0.18015819157490148,0.1968783681290168,0.16305023466414229,0.16687101170754517,0.1795194945168998,0.17009871291137507,0.18028364992558038,0.18310076016355206,0.16717895493193885,0.19196268184332532,0.1724368003558455,0.17320095576452607,0.16504616297039754,0.16655166317854433,0.1934795873560793,0.1934795873560793,0.1593549159714183,0.1593549159714183,0.16594718203436418,0.10187218075126742,0.15937772658063265,0.1490901418249628,0.1570510444407694,0.1512571497003256,0.16498913644736166,0.092405777927314,0.1610771169671014,0.1595259955405259,0.16389422720507307,0.19488243982276157,0.20386981985321373,0.16490929931511145,0.13057933244752135,0.1512571497003256
Approval Chamberlin-Courant (CC),0.24007595932868375,0.16802294747286964,0.2503692467366572,0.2447122156514995,0.16017609790313475,0.048483949885091554,0.14545184965527466,0.0,0.0,0.0,0.0,0.05738008747868634,0.0,0.05738008747868634,0.2346527369879731,0.05738008747868634,0.0,0.22255170879976277,0.2298739143575677,0.16202375724949675,0.1902176702384279,0.14374105396419876,0.15016224045803703,0.15122293378650412,0.12056547500242362,0.19135820069914516,0.16660868970158021,0.16498913644736166,0.16336958319314313,0.24581853019839528,0.16866164453087132,0.15410847585211881,0.15967426450041913,0.18015819157490148,0.1968783681290168,0.16305023466414229,0.16687101170754517,0.1795194945168998,0.17009871291137507,0.18028364992558038,0.18310076016355206,0.16717895493193885,0.19196268184332532,0.1724368003558455,0.17320095576452607,0.16504616297039754,0.16655166317854433,0.1934795873560793,0.1934795873560793,0.1593549159714183,0.1593549159714183,0.16594718203436418,0.10187218075126742,0.15937772658063265,0.1490901418249628,0.1570510444407694,0.1512571497003256,0.16498913644736166,0.092405777927314,0.1610771169671014,0.1595259955405259,0.16389422720507307,0.19488243982276157,0.20386981985321373,0.16490929931511145,0.13057933244752135,0.1512571497003256
Lexicographic Chamberlin-Courant (lex-CC),0.24007595932868375,0.16802294747286964,0.2503692467366572,0.2447122156514995,0.16017609790313475,0.048483949885091554,0.14545184965527466,0.0,0.0,0.0,0.0,0.05738008747868634,0.0,0.05738008747868634,0.2346527369879731,0.05738008747868634,0.0,0.22255170879976277,0.2298739143575677,0.16202375724949675,0.1902176702384279,0.14374105396419876,0.15016224045803703,0.15122293378650412,0.12056547500242362,0.19135820069914516,0.16660868970158021,0.16498913644736166,0.16336958319314313,0.24581853019839528,0.16866164453087132,0.15410847585211881,0.15967426450041913,0.18015819157490148,0.1968783681290168,0.16305023466414229,0.16687101170754517,0.1795194945168998,0.17009871291137507,0.18028364992558038,0.18310076016355206,0.16717895493193885,0.19196268184332532,0.1724368003558455,0.17320095576452607,0.16504616297039754,0.16655166317854433,0.1934795873560793,0.1934795873560793,0.1593549159714183,0.1593549159714183,0.16594718203436418,0.10187218075126742,0.15937772658063265,0.1490901418249628,0.1570510444407694,0.1512571497003256,0.16498913644736166,0.092405777927314,0.1610771169671014,0.1595259955405259,0.16389422720507307,0.19488243982276157,0.20386981985321373,0.16490929931511145,0.13057933244752135,0.1512571497003256
Sequential Approval Chamberlin-Courant (seq-CC),0.24889853270756224,0.17429586500681468,0.2645916615818017,0.24498594296207166,0.15978831754649087,0.010173531709598133,0.1511430966542539,0.05738008747868634,0.05738008747868634,0.05738008747868634,0.05738008747868634,0.0,0.05738008747868634,0.0,0.2529696561870926,0.0,0.05738008747868634,0.2227113830642632,0.22744458447623989,0.1572563399236985,0.1883243896736372,0.13950968595493765,0.14613616793170503,0.14732231961085102,0.1040962151496661,0.18944210952514015,0.16259402247985538,0.16144208671453092,0.1610771169671014,0.22575659939437834,0.16387141659585874,0.1498771078428577,0.15912680987927486,0.16683679579372365,0.18558711656791574,0.15946896901749003,0.16058668886899297,0.16721317084576037,0.1621264049909613,0.16687101170754517,0.16885553470919323,0.16111133288092291,0.17891501337271964,0.16466978791836082,0.1654339433270414,0.16072355252427903,0.16071214721967186,0.18060299845458122,0.18060299845458122,0.15959442736816892,0.15959442736816892,0.16253699595681953,0.07878784422634967,0.15894432500556008,0.14514390643088101,0.14960338053228556,0.14747058857074424,0.16071214721967186,0.05816705349658126,0.15942334779906134,0.15937772658063265,0.15942334779906134,0.1936620722297941,0.19435779581083162,0.16486367809668276,0.12998625660794835,0.14955775931385687
Monroe's Approval Rule (Monroe),0.24007595932868375,0.16802294747286964,0.2503692467366572,0.2447122156514995,0.16017609790313475,0.048483949885091554,0.14545184965527466,0.0,0.0,0.0,0.0,0.05738008747868634,0.0,0.05738008747868634,0.2346527369879731,0.05738008747868634,0.0,0.22255170879976277,0.2298739143575677,0.16202375724949675,0.1902176702384279,0.14374105396419876,0.15016224045803703,0.15122293378650412,0.12056547500242362,0.19135820069914516,0.16660868970158021,0.16498913644736166,0.16336958319314313,0.24581853019839528,0.16866164453087132,0.15410847585211881,0.15967426450041913,0.18015819157490148,0.1968783681290168,0.16305023466414229,0.16687101170754517,0.1795194945168998,0.17009871291137507,0.18028364992558038,0.18310076016355206,0.16717895493193885,0.19196268184332532,0.1724368003558455,0.17320095576452607,0.16504616297039754,0.16655166317854433,0.1934795873560793,0.1934795873560793,0.1593549159714183,0.1593549159714183,0.16594718203436418,0.10187218075126742,0.15937772658063265,0.1490901418249628,0.1570510444407694,0.1512571497003256,0.16498913644736166,0.092405777927314,0.1610771169671014,0.1595259955405259,0.16389422720507307,0.19488243982276157,0.20386981985321373,0.16490929931511145,0.13057933244752135,0.1512571497003256
Greedy Monroe,0.24889853270756224,0.17429586500681468,0.2645916615818017,0.24498594296207166,0.15978831754649087,0.010173531709598133,0.1511430966542539,0.05738008747868634,0.05738008747868634,0.05738008747868634,0.05738008747868634,0.0,0.05738008747868634,0.0,0.2529696561870926,0.0,0.05738008747868634,0.2227113830642632,0.22744458447623989,0.1572563399236985,0.1883243896736372,0.13950968595493765,0.14613616793170503,0.14732231961085102,0.1040962151496661,0.18944210952514015,0.16259402247985538,0.16144208671453092,0.1610771169671014,0.22575659939437834,0.16387141659585874,0.1498771078428577,0.15912680987927486,0.16683679579372365,0.18558711656791574,0.15946896901749003,0.16058668886899297,0.16721317084576037,0.1621264049909613,0.16687101170754517,0.16885553470919323,0.16111133288092291,0.17891501337271964,0.16466978791836082,0.1654339433270414,0.16072355252427903,0.16071214721967186,0.18060299845458122,0.18060299845458122,0.15959442736816892,0.15959442736816892,0.16253699595681953,0.07878784422634967,0.15894432500556008,0.14514390643088101,0.14960338053228556,0.14747058857074424,0.16071214721967186,0.05816705349658126,0.15942334779906134,0.15937772658063265,0.15942334779906134,0.1936620722297941,0.19435779581083162,0.16486367809668276,0.12998625660794835,0.14955775931385687
Minimax Approval Voting (MAV),0.15714285714285717,0.18854109046117348,0.03565298220202216,0.2456816665431092,0.24488329522060712,0.24839612903961633,0.23393420279772123,0.2346527369879731,0.2346527369879731,0.2346527369879731,0.2346527369879731,0.2529696561870926,0.2346527369879731,0.2529696561870926,0.0,0.2529696561870926,0.2346527369879731,0.24409632920271218,0.2546690465735614,0.2523423644336981,0.25136150823748127,0.2500384929030492,0.25012973533990657,0.24952525419572644,0.2568018385351027,0.24943401175886906,0.25286700844562804,0.2516580461572677,0.24946822767269056,0.2846307817766043,0.2548173155334546,0.2511334021453378,0.24619490525043197,0.26712363920459403,0.26712363920459403,0.2510991862315163,0.2560376831264221,0.26712363920459403,0.257349293156247,0.26712363920459403,0.26712363920459403,0.25530774363156306,0.26712363920459403,0.257349293156247,0.25887760397360815,0.2529354402732711,0.25606049373563644,0.26712363920459403,0.26712363920459403,0.2450543747897147,0.2450543747897147,0.2509737278808374,0.24982179211551292,0.24587555672143113,0.24962790193719098,0.2560376831264221,0.25039205734587155,0.25291262966405675,0.24957087541415512,0.2466967386531476,0.24488329522060712,0.2532433834976648,0.25009551942608504,0.26453463505876584,0.24504296948510754,0.24489470052521428,0.24627474238268218
Method of Equal Shares (aka Rule X) with Phragmén phase,0.24889853270756224,0.17429586500681468,0.2645916615818017,0.24498594296207166,0.15978831754649087,0.010173531709598133,0.1511430966542539,0.05738008747868634,0.05738008747868634,0.05738008747868634,0.05738008747868634,0.0,0.05738008747868634,0.0,0.2529696561870926,0.0,0.05738008747868634,0.2227113830642632,0.22744458447623989,0.1572563399236985,0.1883243896736372,0.13950968595493765,0.14613616793170503,0.14732231961085102,0.1040962151496661,0.18944210952514015,0.16259402247985538,0.16144208671453092,0.1610771169671014,0.22575659939437834,0.16387141659585874,0.1498771078428577,0.15912680987927486,0.16683679579372365,0.18558711656791574,0.15946896901749003,0.16058668886899297,0.16721317084576037,0.1621264049909613,0.16687101170754517,0.16885553470919323,0.16111133288092291,0.17891501337271964,0.16466978791836082,0.1654339433270414,0.16072355252427903,0.16071214721967186,0.18060299845458122,0.18060299845458122,0.15959442736816892,0.15959442736816892,0.16253699595681953,0.07878784422634967,0.15894432500556008,0.14514390643088101,0.14960338053228556,0.14747058857074424,0.16071214721967186,0.05816705349658126,0.15942334779906134,0.15937772658063265,0.15942334779906134,0.1936620722297941,0.19435779581083162,0.16486367809668276,0.12998625660794835,0.14955775931385687
E Pluribus Hugo (EPH),0.24007595932868375,0.16802294747286964,0.2503692467366572,0.2447122156514995,0.16017609790313475,0.048483949885091554,0.14545184965527466,0.0,0.0,0.0,0.0,0.05738008747868634,0.0,0.05738008747868634,0.2346527369879731,0.05738008747868634,0.0,0.22255170879976277,0.2298739143575677,0.16202375724949675,0.1902176702384279,0.14374105396419876,0.15016224045803703,0.15122293378650412,0.12056547500242362,0.19135820069914516,0.16660868970158021,0.16498913644736166,0.16336958319314313,0.24581853019839528,0.16866164453087132,0.15410847585211881,0.15967426450041913,0.18015819157490148,0.1968783681290168,0.16305023466414229,0.16687101170754517,0.1795194945168998,0.17009871291137507,0.18028364992558038,0.18310076016355206,0.16717895493193885,0.19196268184332532,0.1724368003558455,0.17320095576452607,0.16504616297039754,0.16655166317854433,0.1934795873560793,0.1934795873560793,0.1593549159714183,0.1593549159714183,0.16594718203436418,0.10187218075126742,0.15937772658063265,0.1490901418249628,0.1570510444407694,0.1512571497003256,0.16498913644736166,0.092405777927314,0.1610771169671014,0.1595259955405259,0.16389422720507307,0.19488243982276157,0.20386981985321373,0.16490929931511145,0.13057933244752135,0.1512571497003256
Random Serial Dictator,0.24468085106382978,0.23233746015271703,0.24624052646886066,0.24548777636478727,0.23047839550174787,0.22292808385179946,0.2289500846843867,0.22255170879976277,0.22255170879976277,0.22255170879976277,0.22255170879976277,0.2227113830642632,0.22255170879976277,0.2227113830642632,0.24409632920271218,0.2227113830642632,0.22255170879976277,0.0,0.24057209007909577,0.23113990316896388,0.23425355132672207,0.22784377013749094,0.22939489156406645,0.2289957059028154,0.22559692512987792,0.23411668767143598,0.23118552438739257,0.23095741829524913,0.23093460768603477,0.24254520777613667,0.2315618994394293,0.22914397486270865,0.2306266644616411,0.232599782158682,0.23663725998962118,0.23119692969199976,0.2314364410887504,0.23286210416464698,0.2316417365716795,0.23265680868171787,0.23311302086600477,0.23111709255974955,0.23517738099990307,0.23225762302046682,0.23233746015271703,0.23088898646760608,0.23094601299064194,0.23538267648283218,0.23538267648283218,0.23106006603671367,0.23106006603671367,0.2312995774334643,0.22639529645238,0.23068369098467698,0.22901851651202976,0.2298396984437462,0.22960018704699556,0.23088898646760608,0.22603032670495046,0.23083195994457023,0.2305012061109622,0.2310486607321065,0.23513175978147435,0.23626088493758446,0.23075212281232002,0.22792360726974115,0.22960018704699556
Anti-Plurality,0.2499917311541598,0.1969696105658742,0.262367627183403,0.24498594296207166,0.17341765655206237,0.22734193673477535,0.20688082026950735,0.2298739143575677,0.2298739143575677,0.2298739143575677,0.2298739143575677,0.22744458447623989,0.2298739143575677,0.22744458447623989,0.2546690465735614,0.22744458447623989,0.2298739143575677,0.24057209007909577,0.0,0.21833174609510883,0.2072686006261512,0.20629914973454153,0.19525881487479826,0.19711787952576743,0.20956106685219295,0.17036103491734006,0.18797082523081485,0.18647673032727521,0.18651094624109674,0.22428531510005303,0.18847265863353047,0.19586329601897842,0.18142418038629768,0.18587224918309506,0.20088163004613446,0.18255330554240778,0.1836710253939107,0.18768569261563553,0.18492560890069973,0.18579241205084485,0.1871952645175271,0.1857239802232018,0.19423233746015273,0.18657937806873978,0.1876628820064212,0.18503966194677143,0.18465188159012758,0.19618264454797926,0.19618264454797926,0.18415004818741196,0.18415004818741196,0.18807347297227942,0.20490770257246646,0.17628038800846274,0.1989427282629151,0.1971635007441961,0.197882034934448,0.18495982481452122,0.20583153224564746,0.18412723757819763,0.18112764246651117,0.1827586010253369,0.19991217915452478,0.20830648334540394,0.1895447572666047,0.19865759564773577,0.18663640459177563
Two-Approval,0.2486926669594028,0.14865674024989023,0.26833260149295435,0.24423319285799824,0.12243594495799996,0.15812314307384365,0.1379813751375765,0.16202375724949675,0.16202375724949675,0.16202375724949675,0.16202375724949675,0.1572563399236985,0.16202375724949675,0.1572563399236985,0.2523423644336981,0.1572563399236985,0.16202375724949675,0.23113990316896388,0.21833174609510883,0.0,0.14106080738151314,0.13329379494402846,0.12877729431958804,0.13240418118466898,0.1447789366834515,0.1650575682750047,0.13582577256682082,0.133658764691458,0.1311039764594513,0.22577941000359267,0.13782170087307608,0.13194796900038208,0.1262795326106172,0.1428400349002321,0.1689581824506578,0.1272033622837982,0.13032841574616355,0.14445958815445065,0.13397811322045883,0.14294268264169666,0.14733372491545818,0.13368157530067235,0.16039279869067102,0.13720581442428872,0.13997730344383172,0.12998625660794835,0.13087587036730783,0.16310726118717817,0.16310726118717817,0.12716914636997667,0.12716914636997667,0.13463962088767487,0.1327805562367057,0.12318869506207338,0.13103554463180825,0.13201640082802513,0.13075041201662893,0.12999766191255552,0.13668117041235878,0.1280017336063003,0.12471700587943453,0.1278762752556214,0.15200989980439902,0.1575984990619137,0.1272831994160484,0.13654430675707271,0.12813859726158636
Three-Approval,0.24821706575728375,0.1392359586443655,0.26914237812006364,0.2442560034672126,0.10260212024612647,0.18858671167960217,0.1471170241279219,0.1902176702384279,0.1902176702384279,0.1902176702384279,0.1902176702384279,0.1883243896736372,0.1902176702384279,0.1883243896736372,0.25136150823748127,0.1883243896736372,0.1902176702384279,0.23425355132672207,0.2072686006261512,0.14106080738151314,0.0,0.1453948231322388,0.13053371122909266,0.1349589694166757,0.1622974845600689,0.1455659027013464,0.1272831994160484,0.12516181275911425,0.12313166853903751,0.2255513039114492,0.12962128686051883,0.13380703365135124,0.11283267847876047,0.13343065859931455,0.16172721932971024,0.11547870914762456,0.11997239916285064,0.1357459354345706,0.12481965362089908,0.13357892755920778,0.13848320854029209,0.1244774944826839,0.15305918782825892,0.128378108658337,0.13146894620688082,0.1202005052549941,0.12124979327885399,0.15591051398005212,0.15591051398005212,0.11567259932594649,0.11567259932594649,0.12663309705343956,0.14772150527210207,0.10464366977081041,0.13560907177928455,0.13459399966924618,0.1345369731462103,0.12017769464577975,0.15082374812525307,0.11694999344194985,0.11082534486789807,0.11677891387284225,0.05845218611176058,0.08488968219118712,0.101712506486767,0.14198463705469413,0.12184286911842698
Instant Runoff,0.2473291627936153,0.11981272489835022,0.27101284807563997,0.2443358405994628,0.11515936061862372,0.14037648910508277,0.06357316788038117,0.14374105396419876,0.14374105396419876,0.14374105396419876,0.14374105396419876,0.13950968595493765,0.14374105396419876,0.13950968595493765,0.2500384929030492,0.13950968595493765,0.14374105396419876,0.22784377013749094,0.20629914973454153,0.13329379494402846,0.1453948231322388,0.0,0.06629903568149546,0.02493199587127973,0.08952023586169927,0.1400343299668676,0.09094589893759587,0.09036422840263006,0.09245139914574269,0.22623562218787957,0.09213205061674185,0.04028353587253432,0.09802859309865018,0.11523919775087393,0.14596508836259744,0.09692227855175442,0.09579315339564431,0.107916992193069,0.09919193416858181,0.11547870914762456,0.11767993293680891,0.09348928186499542,0.13542658690556977,0.10354876052852181,0.10838460968196308,0.09498337676853505,0.09368317204331734,0.1402396254497967,0.1402396254497967,0.096762604287254,0.096762604287254,0.09274793706552918,0.10113083595180118,0.10658257155402978,0.017723843359546524,0.04462895692786715,0.028901041874575865,0.09492635024549918,0.10470069629384626,0.09404814179074687,0.09929458191004636,0.09242858853652834,0.14856549781303285,0.16172721932971024,0.12069093335310253,0.08293937510336058,0.09017033822430813
Bottom-Two-Runoff Instant Runoff,0.2473086332453224,0.09415078953221143,0.27522140547568674,0.24456394669160628,0.09344366064656671,0.14704859230027886,0.09175567556470514,0.15016224045803703,0.15016224045803703,0.15016224045803703,0.15016224045803703,0.14613616793170503,0.15016224045803703,0.14613616793170503,0.25012973533990657,0.14613616793170503,0.15016224045803703,0.22939489156406645,0.19525881487479826,0.12877729431958804,0.13053371122909266,0.06629903568149546,0.0,0.04566683964711987,0.09864447954743752,0.11226241324840183,0.05780208374915173,0.05558945465536021,0.0563878259778623,0.22540303495155598,0.06262652759798583,0.04376215377772202,0.06625341446306678,0.09048968675330897,0.1282070290892294,0.06465667181806257,0.06215891010909174,0.08298499632178927,0.06700616456714018,0.0908090352823098,0.09587299052789452,0.05639923128246948,0.11658502369452033,0.07157969171461646,0.08265424248818125,0.06153161835569723,0.06058497807330189,0.12243594495799996,0.12243594495799996,0.06544363783595751,0.06544363783595751,0.05922774682504833,0.08315607589089685,0.0808750149694623,0.048575192321948936,0.05423222340710664,0.04692142315390888,0.061485997137268544,0.08796911443512377,0.059307583957298536,0.06855728599371567,0.05922774682504833,0.13120662420091583,0.15049299429164503,0.09977360470354762,0.07456788152169574,0.06652714177363891
Benham,0.2471272889020684,0.09920333947318898,0.27417211745182685,0.24401649207046197,0.09979641531276197,0.14797242197345986,0.0726175744338692,0.15122293378650412,0.15122293378650412,0.15122293378650412,0.15122293378650412,0.14732231961085102,0.15122293378650412,0.14732231961085102,0.24952525419572644,0.14732231961085102,0.15122293378650412,0.2289957059028154,0.19711787952576743,0.13240418118466898,0.1349589694166757,0.02493199587127973,0.04566683964711987,0.0,0.09407095239996122,0.12196832746910588,0.06943549444846799,0.06876258147664478,0.07059883551839961,0.22575659939437834,0.07088396813357893,0.017142172824580713,0.07652959391412946,0.09628358149375274,0.12842372987676567,0.07519517327509025,0.07468193456776746,0.0886306221023398,0.0785255222203847,0.09655730880432489,0.09913490764554594,0.07171655536990254,0.11770274354602325,0.08312185997707534,0.0882086258318744,0.07421431707887338,0.07287989643983417,0.12272107757317928,0.12272107757317928,0.07527501040734046,0.07527501040734046,0.07104364239807935,0.08558540577222466,0.0872505802448719,0.007208152511733207,0.0301442200767577,0.016218343151399715,0.07413447994662317,0.08915526611426974,0.07193325615743883,0.07785260924856151,0.07155688110540212,0.13612231048660733,0.15351540001254582,0.10620619650199307,0.0720244985942962,0.06713162291781907
PluralityWRunoff PUT,0.2510632595220037,0.14268036063573167,0.27300877638189525,0.24435865120867717,0.12903961632555302,0.10660538216324413,0.11757728519534436,0.12056547500242362,0.12056547500242362,0.12056547500242362,0.12056547500242362,0.1040962151496661,0.12056547500242362,0.1040962151496661,0.2568018385351027,0.1040962151496661,0.12056547500242362,0.22559692512987792,0.20956106685219295,0.1447789366834515,0.1622974845600689,0.08952023586169927,0.09864447954743752,0.09407095239996122,0.0,0.15406285463369013,0.11436098929612162,0.11351699675519084,0.11501109165873047,0.21574274194928061,0.11506811818176634,0.09661433532736076,0.11916262253574138,0.12451171039650541,0.1533671310526526,0.1157524364581967,0.11465752721590812,0.11998380446745781,0.11677891387284225,0.12464857405179149,0.12601721060465224,0.11340294370911912,0.14230398558369498,0.12081639170378143,0.12370193376939614,0.1164709706484486,0.11445223173297901,0.14685470212195692,0.14685470212195692,0.11925386497259875,0.11925386497259875,0.11598054255034017,0.09904366520868856,0.12382739212007504,0.09352349777881692,0.09392268344006797,0.09579315339564431,0.1163797282115912,0.09724162708075526,0.11566119402133933,0.11953899758777807,0.1138705611980132,0.1652628637579338,0.17039525083116158,0.1350045906351044,0.09255404688720724,0.10515690847813318
Coombs,0.24704916256550924,0.11831862999481059,0.270682094242032,0.24462097321464213,0.10710721556595973,0.1896702156172836,0.1438551070102705,0.19135820069914516,0.19135820069914516,0.19135820069914516,0.19135820069914516,0.18944210952514015,0.19135820069914516,0.18944210952514015,0.24943401175886906,0.18944210952514015,0.19135820069914516,0.23411668767143598,0.17036103491734006,0.1650575682750047,0.1455659027013464,0.1400343299668676,0.11226241324840183,0.12196832746910588,0.15406285463369013,0.0,0.09087746710995284,0.0886306221023398,0.08879029636684022,0.22755863752231162,0.0933638235143165,0.1188204633975262,0.09327258107745913,0.11309500048472544,0.14625022097777676,0.09294182724385111,0.09355771369263845,0.10882941656164281,0.09835934693225819,0.11325467474922586,0.11754306928152283,0.09103714137445326,0.13532393916410523,0.10230558232633997,0.10811088237139094,0.09250842566877855,0.09151616416795452,0.13992027692079587,0.13992027692079587,0.09216626653056337,0.09216626653056337,0.09272512645631484,0.13644165901560815,0.0994428508699396,0.12427219899975478,0.12128400919267551,0.12189989564146285,0.0924399938411355,0.1385174244541136,0.0910599519836676,0.09417360014142578,0.08926931916034148,0.13552923464703434,0.16236591638771192,0.11330029596765456,0.127454278985156,0.10535079865645512
Baldwin,0.24874627189105655,0.09040984962105876,0.27759370883397866,0.24443848834092738,0.09250842566877855,0.16332396197471444,0.10806526115296224,0.16660868970158021,0.16660868970158021,0.16660868970158021,0.16660868970158021,0.16259402247985538,0.16660868970158021,0.16259402247985538,0.25286700844562804,0.16259402247985538,0.16660868970158021,0.23118552438739257,0.18797082523081485,0.13582577256682082,0.1272831994160484,0.09094589893759587,0.05780208374915173,0.06943549444846799,0.11436098929612162,0.09087746710995284,0.0,0.014507547460323797,0.030292489036650945,0.22165068973579613,0.017164983433795057,0.06353895196655965,0.05542978039085979,0.07992837468706696,0.12520743397754294,0.056752795725291835,0.046237104877478515,0.06821512685550049,0.050924685071026536,0.0803731815667467,0.08616707630719048,0.03556173976516478,0.11217117081154444,0.0569352805990066,0.06962938462678991,0.03695318692723986,0.030497784519580056,0.1177711753736663,0.1177711753736663,0.04807335891923334,0.04807335891923334,0.023996760893491564,0.1009141351642649,0.07979151103178088,0.07322205557804935,0.06823793746471483,0.0694240891438608,0.036816323271953784,0.10442696898327412,0.05054831001898983,0.06385830049556049,0.0355503344605576,0.12412393003986154,0.14605633079945482,0.09749254378211306,0.08694263702047822,0.07134018031786583
Strict Nanson,0.24816631215178175,0.08766117121073011,0.2773770080464424,0.2443814618178915,0.08747868633701535,0.16217202620938997,0.10560171535781292,0.16498913644736166,0.16498913644736166,0.16498913644736166,0.16498913644736166,0.16144208671453092,0.16498913644736166,0.16144208671453092,0.2516580461572677,0.16144208671453092,0.16498913644736166,0.23095741829524913,0.18647673032727521,0.133658764691458,0.12516181275911425,0.09036422840263006,0.05558945465536021,0.06876258147664478,0.11351699675519084,0.0886306221023398,0.014507547460323797,0.0,0.02092873395416208,0.223293053599229,0.024681079169921932,0.06287744429934362,0.04878048780487805,0.08041880278517538,0.12671293418568977,0.052395969365351826,0.043055024892077305,0.07157969171461646,0.04946480608130842,0.08082939375103361,0.08887013349909043,0.028650125173218063,0.11388196650262036,0.05531572734478806,0.07083834691515023,0.034250129735339904,0.027806132632287275,0.11953899758777807,0.11953899758777807,0.043055024892077305,0.043055024892077305,0.02601549980896115,0.09980782061736913,0.0748758247460894,0.07264038504308354,0.06853447538450133,0.06878539208585914,0.034113266080053835,0.10327503321794967,0.044446472054152385,0.058839966468404455,0.0315698831526543,0.12153492589403332,0.14554309209213204,0.09299885376688698,0.08389742069036309,0.0668693009118541
Weak Nanson,0.2471837451598739,0.08311045467246816,0.2768409587299053,0.2447236209561067,0.08201554543017958,0.1614877079329596,0.10272757859680537,0.16336958319314313,0.16336958319314313,0.16336958319314313,0.16336958319314313,0.1610771169671014,0.16336958319314313,0.1610771169671014,0.24946822767269056,0.1610771169671014,0.16336958319314313,0.23093460768603477,0.18651094624109674,0.1311039764594513,0.12313166853903751,0.09245139914574269,0.0563878259778623,0.07059883551839961,0.11501109165873047,0.08879029636684022,0.030292489036650945,0.02092873395416208,0.0,0.22582503122202136,0.03913160010720986,0.06522693704842122,0.043351562811863795,0.08571086412290356,0.1287886996241952,0.046784559498622806,0.04545013885958359,0.07767012437484674,0.052612670152888105,0.08605302326111874,0.09411657361838992,0.03334911067137326,0.11653940247609162,0.058064405755116705,0.07268600626151223,0.03744361502534829,0.03260776587190702,0.12196832746910588,0.12196832746910588,0.0364741641337386,0.0364741641337386,0.03719269832399049,0.09934020312847505,0.06941268383925364,0.07472755578619616,0.07251492669240464,0.07090677874279327,0.03731815667466939,0.10291006347052013,0.038150743910993004,0.051837109439600355,0.03483180027030572,0.11860376260998991,0.14521233825852403,0.08776381895219466,0.08290515918953906,0.060630599291730584
Iterated Removal Condorcet Loser,0.2712899969775943,0.24642301134257544,0.28570288040967856,0.2456360453246805,0.2311741190827854,0.22592767896348592,0.24311547300649533,0.24581853019839528,0.24581853019839528,0.24581853019839528,0.24581853019839528,0.22575659939437834,0.24581853019839528,0.22575659939437834,0.2846307817766043,0.22575659939437834,0.24581853019839528,0.24254520777613667,0.22428531510005303,0.22577941000359267,0.2255513039114492,0.22623562218787957,0.22540303495155598,0.22575659939437834,0.21574274194928061,0.22755863752231162,0.22165068973579613,0.223293053599229,0.22582503122202136,0.0,0.2194722765558261,0.22389753474340915,0.23031872123724745,0.1812416955125829,0.11813614512109583,0.22265435654122734,0.21443113191945573,0.18689872659774062,0.20260383104181756,0.1806486196730099,0.16752111407015402,0.21495577593138568,0.11315202700776131,0.18600911283838112,0.20579731633182594,0.22012237891843497,0.21601646925985277,0.1307732226258433,0.1307732226258433,0.2314364410887504,0.2314364410887504,0.22320181116237162,0.22475293258894713,0.23018185758196136,0.22565395165291377,0.21522950324195783,0.22486698563501883,0.2201451895276493,0.2260987585325935,0.22876759981067193,0.2314250357841432,0.22063561762575773,0.2284938725000998,0.16462416669993213,0.23248572911261028,0.23207513814675204,0.2297142400930673
