,NN,Min Violations Committee,Max Violations Committee,Random Choice,Borda ranking,Plurality ranking,STV,Approval Voting (AV),Proportional Approval Voting (PAV),Approval Chamberlin-Courant (CC),Lexicographic Chamberlin-Courant (lex-CC),Sequential Approval Chamberlin-Courant (seq-CC),Monroe's Approval Rule (Monroe),Greedy Monroe,Minimax Approval Voting (MAV),Method of Equal Shares (aka Rule X) with Phragmén phase,E Pluribus Hugo (EPH),Random Serial Dictator,Anti-Plurality,Two-Approval,Three-Approval,Instant Runoff,Bottom-Two-Runoff Instant Runoff,Benham,PluralityWRunoff PUT,Coombs,Baldwin,Strict Nanson,Weak Nanson,Iterated Removal Condorcet Loser,Raynaud,Tideman Alternative Top Cycle,Knockout Voting,Banks,Condorcet,Copeland,Llull,Uncovered Set,Uncovered Set - Fishburn,Uncovered Set - Bordes,Uncovered Set - McKelvey,Slater,Top Cycle,GOCHA,Bipartisan Set,Minimax,Split Cycle,Ranked Pairs ZT,Ranked Pairs TB,Simple Stable Voting,Stable Voting,Loss-Trimmer Voting,Daunou,Blacks,Condorcet IRV,Condorcet IRV PUT,Smith IRV,Smith-Minimax,Condorcet Plurality,Copeland-Local-Borda,Copeland-Global-Borda,Borda-Minimax Faceoff,Bucklin,Simplified Bucklin,Weighted Bucklin,Bracket Voting,Superior Voting
Min Violations Committee,0.029950234854230706,0.0,0.32577541814698013,0.2781924873258553,0.026000292736151585,0.044442670285949996,0.01447713331470467,0.042593110055486806,0.042593110055486806,0.042593110055486806,0.042593110055486806,0.04476201881495084,0.042593110055486806,0.04476201881495084,0.26684230835761713,0.04476201881495084,0.042593110055486806,0.16382579537743006,0.16197623514696685,0.042912458584487646,0.0694716112463907,0.02433701914760555,0.019772996420635236,0.020345162535095072,0.02932683991324365,0.02397775205247961,0.019347198381967454,0.018908094154591302,0.01777706811438,0.06772850052559445,0.020172182081886286,0.020930634838263275,0.0136255372373691,0.025162002847524383,0.02839540670365787,0.01753755671762937,0.01921413649488377,0.02488257288464865,0.01930727981584235,0.025162002847524383,0.026559152661903052,0.01967985309967666,0.02739744255053025,0.01930727981584235,0.016646042074168695,0.018708501323965777,0.01973307785451013,0.027663566324697617,0.027663566324697617,0.01285377829228374,0.01285377829228374,0.018256090907881255,0.02128990193338922,0.01652628637579338,0.020624592497970808,0.021542719518848216,0.02098385959309675,0.018708501323965777,0.01969315928838503,0.01655289875321012,0.013319494897076631,0.018948012720716407,0.037949250196266285,0.07829361436003886,0.028275651005282558,0.015900895506500073,0.015475097467832289
Max Violations Committee,0.32401301345255673,0.32577541814698013,0.0,0.2766489694356845,0.3297406623820739,0.3267201575452743,0.329381395286948,0.32397908267135045,0.32397908267135045,0.32397908267135045,0.32397908267135045,0.32690644418719145,0.32397908267135045,0.32690644418719145,0.15665375966361955,0.32690644418719145,0.32397908267135045,0.3091293760728115,0.32204968530863703,0.3276515907548601,0.32718587415006717,0.3306587894029513,0.3316833659334957,0.33135071121578646,0.330791851290035,0.33089830079970195,0.3319228773302463,0.3320160206512049,0.3321224701608718,0.33332002714462494,0.33193618351895465,0.33147046691416177,0.33198940827378814,0.3331603528801245,0.3332801085784999,0.3329341476720823,0.33324019001237476,0.33296076004949904,0.3333333333333333,0.3331603528801245,0.3333333333333333,0.3327611672188735,0.33332002714462494,0.3333333333333333,0.33306720955916597,0.33273455484145675,0.33270794246404,0.33332002714462494,0.33332002714462494,0.3320692454060383,0.3320692454060383,0.33228214442537224,0.3312841802722446,0.331550304046412,0.3313374050270781,0.331949489707663,0.3313773235932032,0.33273455484145675,0.3310313626867856,0.3321890011044137,0.33216238872699694,0.3326014929543731,0.32805077641611113,0.3311245060077442,0.3289289848708634,0.33117773076257767,0.3318297340092877
Random Choice,0.27797360052160264,0.2781924873258553,0.2766489694356845,0.0,0.27823240589198034,0.2780062006839381,0.2782457120806887,0.27768685215493727,0.27768685215493727,0.27768685215493727,0.27768685215493727,0.27815256875973016,0.27768685215493727,0.27815256875973016,0.2775138717017285,0.27815256875973016,0.27768685215493727,0.27803281306135486,0.27774007690977076,0.27840538634518913,0.2790573895918992,0.27799289449522974,0.2780195068726465,0.27809934400489666,0.2781259563823134,0.27811265019360504,0.27805942543877155,0.2781259563823134,0.27816587494843853,0.27836546777906407,0.2780727316274799,0.27811265019360504,0.27799289449522974,0.27816587494843853,0.2779529759291046,0.27827232445810546,0.27804611925006323,0.27815256875973016,0.2780195068726465,0.27816587494843853,0.2780860378161883,0.277966282117813,0.2779130573629795,0.2779529759291046,0.27803281306135486,0.2780860378161883,0.2781924873258553,0.27811265019360504,0.27811265019360504,0.27815256875973016,0.27815256875973016,0.27809934400489666,0.27820579351456365,0.2780195068726465,0.27809934400489666,0.27809934400489666,0.2781392625710218,0.27805942543877155,0.2780727316274799,0.27811265019360504,0.27815256875973016,0.2781392625710218,0.2781924873258553,0.27879126581773184,0.2782590182693971,0.27821909970327197,0.27820579351456365
Borda ranking,0.025078173858661658,0.026000292736151585,0.3297406623820739,0.27823240589198034,0.0,0.0436442989634479,0.028821204742325655,0.04344470613282238,0.04344470613282238,0.04344470613282238,0.04344470613282238,0.043537849453780954,0.04344470613282238,0.043537849453780954,0.27570423003739036,0.043537849453780954,0.04344470613282238,0.1639721634532221,0.15388607241227895,0.03516825675621732,0.057708940428193155,0.028887735685867496,0.024789429563690072,0.026120048434526897,0.03152236105012441,0.02602690511356832,0.024789429563690072,0.023844690165395924,0.02243423416230889,0.0678748686013865,0.025614413263608905,0.025986986547443216,0.01431745905020425,0.02626641651031895,0.034170292603089694,0.02099716578180512,0.023152768352560776,0.02717123734248799,0.023844690165395924,0.026279722699027317,0.0275438106263223,0.023871302542812663,0.02979255651803654,0.02441685627985576,0.026293028887735687,0.022567296049392574,0.023259217862227722,0.03258685614679387,0.03258685614679387,0.018269397096589625,0.018269397096589625,0.024150732505688395,0.02580069990552606,0.009899804399025987,0.026306335076444053,0.026559152661903052,0.026133354623235266,0.022567296049392574,0.026239804132902212,0.02098385959309675,0.014889625164664085,0.020850797706013068,0.027597035381155776,0.06869985230130533,0.013665455803494205,0.025308370923316434,0.021915292802682527
Plurality ranking,0.03938232672015755,0.044442670285949996,0.3267201575452743,0.2780062006839381,0.0436442989634479,0.0,0.040956448844357514,0.012960227801950688,0.012960227801950688,0.012960227801950688,0.012960227801950688,0.001822947853046452,0.012960227801950688,0.001822947853046452,0.27700823653081047,0.001822947853046452,0.012960227801950688,0.16210929703405053,0.17299375939749578,0.05443561800593456,0.08848615491064894,0.039000439104227375,0.04022460846539726,0.04059718174923157,0.03290620467579471,0.04798211648237595,0.042992295716737856,0.042699559565153755,0.04239351722486128,0.0730775883863585,0.043298338057030324,0.04126249118464998,0.042007637752318604,0.04348462469894748,0.04908653014517052,0.04242012960227802,0.04252657911194497,0.04384389179407342,0.042619722432903545,0.04348462469894748,0.044043484624698946,0.04264633481032028,0.04518781685361862,0.04293907096190438,0.04347131851023911,0.042300373903902705,0.04244674197969476,0.04774260508562533,0.04774260508562533,0.04164837065719266,0.04164837065719266,0.0428459276409458,0.032280813806501406,0.04172820778944287,0.04027783322023073,0.04136894069431693,0.040823386957273826,0.04228706771519434,0.02566763801844238,0.04247335435711149,0.042007637752318604,0.042220536771652495,0.056231953481564276,0.07748193684882838,0.04553377776003619,0.03483560203850811,0.03751014596889013
STV,0.030605564648117835,0.01447713331470467,0.329381395286948,0.2782457120806887,0.028821204742325655,0.040956448844357514,0.0,0.039373012388061686,0.039373012388061686,0.039373012388061686,0.039373012388061686,0.041142735486274666,0.039373012388061686,0.041142735486274666,0.27164584248133805,0.041142735486274666,0.039373012388061686,0.16349314065972084,0.1645975543225154,0.04242012960227802,0.07217276755418946,0.016060569771000493,0.020770960573762858,0.017737149548254894,0.02601359892485995,0.02862161191170013,0.022700357936476255,0.02228786608651684,0.021556025707556586,0.06803454286588692,0.023205993107394247,0.019174217928758664,0.018176253775631045,0.026532540284486313,0.03061754021795537,0.021037084347930224,0.022860032200976675,0.02749058587148883,0.023232605484810986,0.026532540284486313,0.027836546777906403,0.02288664457839341,0.029113940893909757,0.023498729258978352,0.02098385959309675,0.02266043937035115,0.02319268691868588,0.02987239365028675,0.02987239365028675,0.017723843359546524,0.017723843359546524,0.021795537104307212,0.02144957619788964,0.020198794459303022,0.017417801019254053,0.019054462230383352,0.01858874562559046,0.02264713318164278,0.01989275211901055,0.020957247215680014,0.018043191888547364,0.022620520804226045,0.04049073223956462,0.07766822349074555,0.03069737735020558,0.016020651204875388,0.01645975543225154
Approval Voting (AV),0.03699918832248879,0.042593110055486806,0.32397908267135045,0.27768685215493727,0.04344470613282238,0.012960227801950688,0.039373012388061686,0.0,0.0,0.0,0.0,0.014636807579205088,0.0,0.014636807579205088,0.2728833180312163,0.014636807579205088,0.0,0.16277460646946895,0.17445744015541628,0.05458198608172661,0.0887522786848163,0.039931872313813156,0.04091653027823241,0.041382246883025296,0.03527470626588426,0.04811517836945964,0.043750748473114845,0.04331164424573869,0.042859233829654175,0.07712266975370245,0.04405679081340732,0.04210078107327718,0.04152861495881734,0.04545394062778598,0.05049698614825755,0.04304552047157133,0.04348462469894748,0.045360797306827405,0.043724136095698106,0.04545394062778598,0.04601280055353745,0.043511237076364215,0.047263582292124066,0.04405679081340732,0.043857197982781794,0.043138663792529904,0.04332495043444706,0.04944579724029646,0.04944579724029646,0.04107620454273282,0.04107620454273282,0.043537849453780954,0.03403723071600601,0.041222572618524876,0.04111612310885793,0.042486660545819864,0.0417149016007345,0.04312535760382154,0.02971271938578633,0.04256649767807007,0.041462084015275506,0.04304552047157133,0.05629848442510612,0.08324351655955185,0.04517451066491025,0.03458278445304911,0.03801578113980812
Proportional Approval Voting (PAV),0.03699918832248879,0.042593110055486806,0.32397908267135045,0.27768685215493727,0.04344470613282238,0.012960227801950688,0.039373012388061686,0.0,0.0,0.0,0.0,0.014636807579205088,0.0,0.014636807579205088,0.2728833180312163,0.014636807579205088,0.0,0.16277460646946895,0.17445744015541628,0.05458198608172661,0.0887522786848163,0.039931872313813156,0.04091653027823241,0.041382246883025296,0.03527470626588426,0.04811517836945964,0.043750748473114845,0.04331164424573869,0.042859233829654175,0.07712266975370245,0.04405679081340732,0.04210078107327718,0.04152861495881734,0.04545394062778598,0.05049698614825755,0.04304552047157133,0.04348462469894748,0.045360797306827405,0.043724136095698106,0.04545394062778598,0.04601280055353745,0.043511237076364215,0.047263582292124066,0.04405679081340732,0.043857197982781794,0.043138663792529904,0.04332495043444706,0.04944579724029646,0.04944579724029646,0.04107620454273282,0.04107620454273282,0.043537849453780954,0.03403723071600601,0.041222572618524876,0.04111612310885793,0.042486660545819864,0.0417149016007345,0.04312535760382154,0.02971271938578633,0.04256649767807007,0.041462084015275506,0.04304552047157133,0.05629848442510612,0.08324351655955185,0.04517451066491025,0.03458278445304911,0.03801578113980812
Approval Chamberlin-Courant (CC),0.03699918832248879,0.042593110055486806,0.32397908267135045,0.27768685215493727,0.04344470613282238,0.012960227801950688,0.039373012388061686,0.0,0.0,0.0,0.0,0.014636807579205088,0.0,0.014636807579205088,0.2728833180312163,0.014636807579205088,0.0,0.16277460646946895,0.17445744015541628,0.05458198608172661,0.0887522786848163,0.039931872313813156,0.04091653027823241,0.041382246883025296,0.03527470626588426,0.04811517836945964,0.043750748473114845,0.04331164424573869,0.042859233829654175,0.07712266975370245,0.04405679081340732,0.04210078107327718,0.04152861495881734,0.04545394062778598,0.05049698614825755,0.04304552047157133,0.04348462469894748,0.045360797306827405,0.043724136095698106,0.04545394062778598,0.04601280055353745,0.043511237076364215,0.047263582292124066,0.04405679081340732,0.043857197982781794,0.043138663792529904,0.04332495043444706,0.04944579724029646,0.04944579724029646,0.04107620454273282,0.04107620454273282,0.043537849453780954,0.03403723071600601,0.041222572618524876,0.04111612310885793,0.042486660545819864,0.0417149016007345,0.04312535760382154,0.02971271938578633,0.04256649767807007,0.041462084015275506,0.04304552047157133,0.05629848442510612,0.08324351655955185,0.04517451066491025,0.03458278445304911,0.03801578113980812
Lexicographic Chamberlin-Courant (lex-CC),0.03699918832248879,0.042593110055486806,0.32397908267135045,0.27768685215493727,0.04344470613282238,0.012960227801950688,0.039373012388061686,0.0,0.0,0.0,0.0,0.014636807579205088,0.0,0.014636807579205088,0.2728833180312163,0.014636807579205088,0.0,0.16277460646946895,0.17445744015541628,0.05458198608172661,0.0887522786848163,0.039931872313813156,0.04091653027823241,0.041382246883025296,0.03527470626588426,0.04811517836945964,0.043750748473114845,0.04331164424573869,0.042859233829654175,0.07712266975370245,0.04405679081340732,0.04210078107327718,0.04152861495881734,0.04545394062778598,0.05049698614825755,0.04304552047157133,0.04348462469894748,0.045360797306827405,0.043724136095698106,0.04545394062778598,0.04601280055353745,0.043511237076364215,0.047263582292124066,0.04405679081340732,0.043857197982781794,0.043138663792529904,0.04332495043444706,0.04944579724029646,0.04944579724029646,0.04107620454273282,0.04107620454273282,0.043537849453780954,0.03403723071600601,0.041222572618524876,0.04111612310885793,0.042486660545819864,0.0417149016007345,0.04312535760382154,0.02971271938578633,0.04256649767807007,0.041462084015275506,0.04304552047157133,0.05629848442510612,0.08324351655955185,0.04517451066491025,0.03458278445304911,0.03801578113980812
Sequential Approval Chamberlin-Courant (seq-CC),0.03959522573949144,0.04476201881495084,0.32690644418719145,0.27815256875973016,0.043537849453780954,0.001822947853046452,0.041142735486274666,0.014636807579205088,0.014636807579205088,0.014636807579205088,0.014636807579205088,0.0,0.014636807579205088,0.0,0.2778864449855628,0.0,0.014636807579205088,0.16214921560017564,0.17318004603941292,0.05428924993014251,0.08831317445744015,0.03896052053810227,0.04019799608798052,0.04059718174923157,0.03265338709033572,0.047942197916250845,0.04293907096190438,0.04265964099902865,0.042433435790986386,0.0730775883863585,0.04320519473607175,0.04120926642981651,0.04199433156361024,0.04340478756669727,0.04916636727742073,0.04239351722486128,0.042460048168403125,0.043777360850531584,0.04260641624419517,0.04340478756669727,0.043990259869865475,0.042619722432903545,0.04516120447620188,0.04295237715061275,0.04352454326507259,0.0422604553377776,0.04239351722486128,0.047809136029167164,0.047809136029167164,0.04160845209106755,0.04160845209106755,0.0428060090748207,0.03202799622104241,0.0416749830346094,0.04030444559764747,0.04131571593948345,0.040823386957273826,0.042247149149069234,0.025068859526565807,0.042486660545819864,0.0419677191861935,0.04212739345069392,0.05595252351868854,0.07700291405532714,0.045254347797160456,0.03484890822721648,0.03743030883663992
Monroe's Approval Rule (Monroe),0.03699918832248879,0.042593110055486806,0.32397908267135045,0.27768685215493727,0.04344470613282238,0.012960227801950688,0.039373012388061686,0.0,0.0,0.0,0.0,0.014636807579205088,0.0,0.014636807579205088,0.2728833180312163,0.014636807579205088,0.0,0.16277460646946895,0.17445744015541628,0.05458198608172661,0.0887522786848163,0.039931872313813156,0.04091653027823241,0.041382246883025296,0.03527470626588426,0.04811517836945964,0.043750748473114845,0.04331164424573869,0.042859233829654175,0.07712266975370245,0.04405679081340732,0.04210078107327718,0.04152861495881734,0.04545394062778598,0.05049698614825755,0.04304552047157133,0.04348462469894748,0.045360797306827405,0.043724136095698106,0.04545394062778598,0.04601280055353745,0.043511237076364215,0.047263582292124066,0.04405679081340732,0.043857197982781794,0.043138663792529904,0.04332495043444706,0.04944579724029646,0.04944579724029646,0.04107620454273282,0.04107620454273282,0.043537849453780954,0.03403723071600601,0.041222572618524876,0.04111612310885793,0.042486660545819864,0.0417149016007345,0.04312535760382154,0.02971271938578633,0.04256649767807007,0.041462084015275506,0.04304552047157133,0.05629848442510612,0.08324351655955185,0.04517451066491025,0.03458278445304911,0.03801578113980812
Greedy Monroe,0.03959522573949144,0.04476201881495084,0.32690644418719145,0.27815256875973016,0.043537849453780954,0.001822947853046452,0.041142735486274666,0.014636807579205088,0.014636807579205088,0.014636807579205088,0.014636807579205088,0.0,0.014636807579205088,0.0,0.2778864449855628,0.0,0.014636807579205088,0.16214921560017564,0.17318004603941292,0.05428924993014251,0.08831317445744015,0.03896052053810227,0.04019799608798052,0.04059718174923157,0.03265338709033572,0.047942197916250845,0.04293907096190438,0.04265964099902865,0.042433435790986386,0.0730775883863585,0.04320519473607175,0.04120926642981651,0.04199433156361024,0.04340478756669727,0.04916636727742073,0.04239351722486128,0.042460048168403125,0.043777360850531584,0.04260641624419517,0.04340478756669727,0.043990259869865475,0.042619722432903545,0.04516120447620188,0.04295237715061275,0.04352454326507259,0.0422604553377776,0.04239351722486128,0.047809136029167164,0.047809136029167164,0.04160845209106755,0.04160845209106755,0.0428060090748207,0.03202799622104241,0.0416749830346094,0.04030444559764747,0.04131571593948345,0.040823386957273826,0.042247149149069234,0.025068859526565807,0.042486660545819864,0.0419677191861935,0.04212739345069392,0.05595252351868854,0.07700291405532714,0.045254347797160456,0.03484890822721648,0.03743030883663992
Minimax Approval Voting (MAV),0.2692201242798025,0.26684230835761713,0.15665375966361955,0.2775138717017285,0.27570423003739036,0.27700823653081047,0.27164584248133805,0.2728833180312163,0.2728833180312163,0.2728833180312163,0.2728833180312163,0.2778864449855628,0.2728833180312163,0.2778864449855628,0.0,0.2778864449855628,0.2728833180312163,0.2748127153939297,0.3023698322089604,0.27861828536452304,0.2849653373784147,0.27676872513405987,0.27700823653081047,0.2766622756243929,0.27856506060968955,0.2770880736630607,0.2773808098146448,0.27730097268239456,0.27694170558726866,0.28845155882000717,0.27774007690977076,0.2770481550969356,0.27522520724388916,0.28000212899019333,0.28000212899019333,0.2773275850598113,0.2781259563823134,0.28000212899019333,0.27821909970327197,0.28000212899019333,0.28000212899019333,0.27797958830652136,0.28000212899019333,0.27821909970327197,0.27723444173885275,0.2776203212113954,0.27803281306135486,0.28000212899019333,0.28000212899019333,0.27522520724388916,0.27522520724388916,0.2771679107953109,0.2765292137373092,0.27547802482934813,0.27668888800180963,0.2776203212113954,0.2769283993985603,0.2776203212113954,0.2758239857357657,0.2764892951711841,0.27534496294226446,0.2775404840791452,0.27712799222918577,0.2942796694742725,0.2754913310180565,0.2749723896584301,0.2754514124519314
Method of Equal Shares (aka Rule X) with Phragmén phase,0.03959522573949144,0.04476201881495084,0.32690644418719145,0.27815256875973016,0.043537849453780954,0.001822947853046452,0.041142735486274666,0.014636807579205088,0.014636807579205088,0.014636807579205088,0.014636807579205088,0.0,0.014636807579205088,0.0,0.2778864449855628,0.0,0.014636807579205088,0.16214921560017564,0.17318004603941292,0.05428924993014251,0.08831317445744015,0.03896052053810227,0.04019799608798052,0.04059718174923157,0.03265338709033572,0.047942197916250845,0.04293907096190438,0.04265964099902865,0.042433435790986386,0.0730775883863585,0.04320519473607175,0.04120926642981651,0.04199433156361024,0.04340478756669727,0.04916636727742073,0.04239351722486128,0.042460048168403125,0.043777360850531584,0.04260641624419517,0.04340478756669727,0.043990259869865475,0.042619722432903545,0.04516120447620188,0.04295237715061275,0.04352454326507259,0.0422604553377776,0.04239351722486128,0.047809136029167164,0.047809136029167164,0.04160845209106755,0.04160845209106755,0.0428060090748207,0.03202799622104241,0.0416749830346094,0.04030444559764747,0.04131571593948345,0.040823386957273826,0.042247149149069234,0.025068859526565807,0.042486660545819864,0.0419677191861935,0.04212739345069392,0.05595252351868854,0.07700291405532714,0.045254347797160456,0.03484890822721648,0.03743030883663992
E Pluribus Hugo (EPH),0.03699918832248879,0.042593110055486806,0.32397908267135045,0.27768685215493727,0.04344470613282238,0.012960227801950688,0.039373012388061686,0.0,0.0,0.0,0.0,0.014636807579205088,0.0,0.014636807579205088,0.2728833180312163,0.014636807579205088,0.0,0.16277460646946895,0.17445744015541628,0.05458198608172661,0.0887522786848163,0.039931872313813156,0.04091653027823241,0.041382246883025296,0.03527470626588426,0.04811517836945964,0.043750748473114845,0.04331164424573869,0.042859233829654175,0.07712266975370245,0.04405679081340732,0.04210078107327718,0.04152861495881734,0.04545394062778598,0.05049698614825755,0.04304552047157133,0.04348462469894748,0.045360797306827405,0.043724136095698106,0.04545394062778598,0.04601280055353745,0.043511237076364215,0.047263582292124066,0.04405679081340732,0.043857197982781794,0.043138663792529904,0.04332495043444706,0.04944579724029646,0.04944579724029646,0.04107620454273282,0.04107620454273282,0.043537849453780954,0.03403723071600601,0.041222572618524876,0.04111612310885793,0.042486660545819864,0.0417149016007345,0.04312535760382154,0.02971271938578633,0.04256649767807007,0.041462084015275506,0.04304552047157133,0.05629848442510612,0.08324351655955185,0.04517451066491025,0.03458278445304911,0.03801578113980812
Random Serial Dictator,0.16381515042646339,0.16382579537743006,0.3091293760728115,0.27803281306135486,0.1639721634532221,0.16210929703405053,0.16349314065972084,0.16277460646946895,0.16277460646946895,0.16277460646946895,0.16277460646946895,0.16214921560017564,0.16277460646946895,0.16214921560017564,0.2748127153939297,0.16214921560017564,0.16277460646946895,0.0,0.22381009407475416,0.1674450787061062,0.18343911753356487,0.16361289635809614,0.16361289635809614,0.16350644684842922,0.1630939549984698,0.16381248918872168,0.16385240775484677,0.16377257062259656,0.1635463654145543,0.16973374316394554,0.16394555107580536,0.16350644684842922,0.1633733849613455,0.16361289635809614,0.16524955756922544,0.16351975303713756,0.16361289635809614,0.1638923263209719,0.16373265205647147,0.16358628398067943,0.16390563250968027,0.16366612111292964,0.16387902013226352,0.16365281492422126,0.16362620254680452,0.16361289635809614,0.16361289635809614,0.1650100461724748,0.1650100461724748,0.16336007877263714,0.16336007877263714,0.16378587681130494,0.16270807552592711,0.16350644684842922,0.16358628398067943,0.16351975303713756,0.16353305922584593,0.16359959016938777,0.16269476933721874,0.16366612111292964,0.163426609716179,0.16359959016938777,0.16559551847564302,0.16970713078652883,0.1643048181709313,0.16305403643234467,0.16350644684842922
Anti-Plurality,0.16315782470426995,0.16197623514696685,0.32204968530863703,0.27774007690977076,0.15388607241227895,0.17299375939749578,0.1645975543225154,0.17445744015541628,0.17445744015541628,0.17445744015541628,0.17445744015541628,0.17318004603941292,0.17445744015541628,0.17318004603941292,0.3023698322089604,0.17318004603941292,0.17445744015541628,0.22381009407475416,0.0,0.16687291259164638,0.15041315715939482,0.1637193458677631,0.16109802669221454,0.16169680518409113,0.16478384096443255,0.15729245672162123,0.15996700065200326,0.15987385733104467,0.15952789642462709,0.17880856386305272,0.1601532872939204,0.16127100714542333,0.15827711468604047,0.15942144691496016,0.16417175628384761,0.1588093622343752,0.15910209838595932,0.15992708208587814,0.1590621798198342,0.1594347531036685,0.1596077335568773,0.15938152834883504,0.1604859420116296,0.15928838502787646,0.1603262677471292,0.15920854789562625,0.15942144691496016,0.16293428073396937,0.16293428073396937,0.15920854789562625,0.15920854789562625,0.1596077335568773,0.1625750136388434,0.1573057629103296,0.16185647944859155,0.16125770095671496,0.1614572937873405,0.15918193551820953,0.1634665282823041,0.15896903649887562,0.15809082804412333,0.15895573031016727,0.16341330352747063,0.16858941093502589,0.16151051854217396,0.16210929703405053,0.16025973680358735
Two-Approval,0.04022660439370351,0.042912458584487646,0.3276515907548601,0.27840538634518913,0.03516825675621732,0.05443561800593456,0.04242012960227802,0.05458198608172661,0.05458198608172661,0.05458198608172661,0.05458198608172661,0.05428924993014251,0.05458198608172661,0.05428924993014251,0.27861828536452304,0.05428924993014251,0.05458198608172661,0.1674450787061062,0.16687291259164638,0.0,0.07026998256889279,0.040663712692773406,0.03930648144451985,0.03989195374768805,0.04445597647465836,0.043910422737615265,0.040610487937939935,0.040011709446063366,0.03906697004776922,0.07521988476840578,0.04078346839114872,0.039931872313813156,0.03744361502534829,0.04022460846539726,0.047649461764666744,0.038481497744601016,0.03941293095418679,0.041222572618524876,0.03965244235093742,0.04022460846539726,0.04094314265564914,0.03970566710577089,0.042992295716737856,0.03999840325735499,0.04159514590235919,0.03909358242518595,0.039213338123561266,0.04610594387449603,0.04610594387449603,0.03785610687530771,0.03785610687530771,0.040397588918606044,0.040171383710563786,0.03661863132542946,0.03981211661543784,0.03990525993639642,0.03983872899285457,0.03909358242518595,0.04144877782656713,0.03881415246231022,0.0374835335914734,0.038760927707476744,0.034090455470839484,0.06850025947067981,0.03267999946775245,0.04088991790081567,0.03965244235093742
Three-Approval,0.0700490998363339,0.0694716112463907,0.32718587415006717,0.2790573895918992,0.057708940428193155,0.08848615491064894,0.07217276755418946,0.0887522786848163,0.0887522786848163,0.0887522786848163,0.0887522786848163,0.08831317445744015,0.0887522786848163,0.08831317445744015,0.2849653373784147,0.08831317445744015,0.0887522786848163,0.18343911753356487,0.15041315715939482,0.07026998256889279,0.0,0.0719465623461472,0.06850025947067981,0.06956475456734927,0.07545939616515641,0.06792809335621998,0.06742245818530199,0.06690351682567562,0.06607853312575679,0.10215161071414315,0.06820752331909571,0.06907242558513965,0.06324431493087435,0.06822082950780407,0.075299721900656,0.06562612270967227,0.06658416829667478,0.06892605750934759,0.06694343539180073,0.06820752331909571,0.06899258845288944,0.06708980346759277,0.07076231155110242,0.0672893962982183,0.06877968943355554,0.06617167644671537,0.06657086210796642,0.07367636687823506,0.07367636687823506,0.06416244195175176,0.06416244195175176,0.06710310965630115,0.070602637286602,0.06216651364549652,0.06963128551089112,0.06935185554801539,0.06928532460447354,0.06618498263542373,0.07191994996873045,0.065652735087089,0.06316447779862414,0.06593216504996474,0.04127579737335835,0.09254454246670127,0.05579284925418812,0.07049618777693505,0.06799462429976182
Instant Runoff,0.03331670059744787,0.02433701914760555,0.3306587894029513,0.27799289449522974,0.028887735685867496,0.039000439104227375,0.016060569771000493,0.039931872313813156,0.039931872313813156,0.039931872313813156,0.039931872313813156,0.03896052053810227,0.039931872313813156,0.03896052053810227,0.27676872513405987,0.03896052053810227,0.039931872313813156,0.16361289635809614,0.1637193458677631,0.040663712692773406,0.0719465623461472,0.0,0.010538501457027663,0.004391042273761527,0.015328729392040238,0.022474152728433994,0.01370537436961931,0.01355900629382726,0.01423762191795404,0.05962503160219818,0.013665455803494205,0.006653094354184131,0.01816294758692268,0.017231514377336898,0.02681197024736205,0.014876318975955717,0.01439729618245446,0.01607387595970886,0.014756563277580403,0.017244820566045267,0.017524250528921002,0.014024722898620149,0.019945976873844026,0.015195667504956555,0.01989275211901055,0.01447713331470467,0.014211009540537304,0.024975716205607228,0.024975716205607228,0.01768392479342142,0.01768392479342142,0.013838436256702993,0.016366612111292964,0.020358468723803442,0.0037124266496347453,0.0069192181283514965,0.0056418240123481435,0.0144638271259963,0.018948012720716407,0.014969462296914295,0.01821617234175615,0.01425092810666241,0.0400782403896052,0.0703099011350179,0.031043338256623157,0.016725879206418905,0.016486367809668275
Bottom-Two-Runoff Instant Runoff,0.03172993759397496,0.019772996420635236,0.3316833659334957,0.2780195068726465,0.024789429563690072,0.04022460846539726,0.020770960573762858,0.04091653027823241,0.04091653027823241,0.04091653027823241,0.04091653027823241,0.04019799608798052,0.04091653027823241,0.04019799608798052,0.27700823653081047,0.04019799608798052,0.04091653027823241,0.16361289635809614,0.16109802669221454,0.03930648144451985,0.06850025947067981,0.010538501457027663,0.0,0.0066264819767673944,0.01652628637579338,0.01660612350804359,0.008063550357271167,0.007478078054102963,0.007531302808936436,0.05805490133461073,0.008768778358814684,0.006094234428432664,0.012268305989115538,0.012228387422990433,0.02304631884289383,0.008928452623315104,0.008169999866938112,0.011443322289196705,0.008635716471731001,0.012215081234282065,0.013119902066451106,0.007584527563769909,0.015874283129083337,0.009021595944273682,0.015062605617872872,0.008076856545979534,0.007770814205687065,0.02097055340438838,0.02097055340438838,0.011975569837531437,0.011975569837531437,0.008303061754021795,0.011390097534363233,0.015129136561414715,0.006826074807392919,0.007398240921852753,0.006347052013891661,0.008076856545979534,0.015129136561414715,0.008183306055646482,0.012348143121365748,0.007970407036312589,0.036738387023804775,0.0691788750948066,0.02733091160698841,0.013958191955078306,0.012454592631032694
Benham,0.032157731560949004,0.020345162535095072,0.33135071121578646,0.27809934400489666,0.026120048434526897,0.04059718174923157,0.017737149548254894,0.041382246883025296,0.041382246883025296,0.041382246883025296,0.041382246883025296,0.04059718174923157,0.041382246883025296,0.04059718174923157,0.2766622756243929,0.04059718174923157,0.041382246883025296,0.16350644684842922,0.16169680518409113,0.03989195374768805,0.06956475456734927,0.004391042273761527,0.0066264819767673944,0.0,0.015781139808124758,0.01866858275784067,0.009607068247441885,0.009487312549066571,0.010179234361901721,0.05845408699586178,0.009593762058733517,0.0023551954013811822,0.014117866219578726,0.013306188708368262,0.023166074541269146,0.010817931419903398,0.010378827192527244,0.01217516266815696,0.01072478809894482,0.013319494897076631,0.013718680558327678,0.009979641531276196,0.016286774979042754,0.011243729458571182,0.015980732638750283,0.010511889079610927,0.01025907149415193,0.02128990193338922,0.02128990193338922,0.013665455803494205,0.013665455803494205,0.009753436323233937,0.012840472103575373,0.01645975543225154,0.0006786156241267813,0.0035660585738426943,0.0023019706465477094,0.01049858289090256,0.015528322222665761,0.010831237608611766,0.014131172408287094,0.010272377682860299,0.037736351176932394,0.06963128551089112,0.028368794326241134,0.01339933202932684,0.012215081234282065
PluralityWRunoff PUT,0.03540909877183879,0.02932683991324365,0.330791851290035,0.2781259563823134,0.03152236105012441,0.03290620467579471,0.02601359892485995,0.03527470626588426,0.03527470626588426,0.03527470626588426,0.03527470626588426,0.03265338709033572,0.03527470626588426,0.03265338709033572,0.27856506060968955,0.03265338709033572,0.03527470626588426,0.1630939549984698,0.16478384096443255,0.04445597647465836,0.07545939616515641,0.015328729392040238,0.01652628637579338,0.015781139808124758,0.0,0.026293028887735687,0.018961318909424773,0.01898793128684151,0.01946695408034277,0.058839966468404455,0.019001237475549878,0.01623355022420928,0.02272697031389299,0.020305243968969967,0.02955304512128591,0.019799608798051975,0.018894787965882932,0.019480260269051135,0.019134299362633563,0.0202919377802616,0.020252019214136496,0.018868175588466197,0.022487458917142364,0.019480260269051135,0.024004364429896344,0.019094380796508457,0.018961318909424773,0.027517198248905566,0.027517198248905566,0.022460846539725625,0.022460846539725625,0.01906776841909172,0.018322621851423096,0.02375154684443735,0.015568240788790867,0.015701302675874548,0.015954120261333547,0.01906776841909172,0.01960001596742645,0.019879445930302185,0.022780195068726465,0.018801644644924353,0.043670911340864635,0.06963128551089112,0.03413037403696459,0.01961332215613482,0.0194536478916344
Coombs,0.03554881375327665,0.02397775205247961,0.33089830079970195,0.27811265019360504,0.02602690511356832,0.04798211648237595,0.02862161191170013,0.04811517836945964,0.04811517836945964,0.04811517836945964,0.04811517836945964,0.047942197916250845,0.04811517836945964,0.047942197916250845,0.2770880736630607,0.047942197916250845,0.04811517836945964,0.16381248918872168,0.15729245672162123,0.043910422737615265,0.06792809335621998,0.022474152728433994,0.01660612350804359,0.01866858275784067,0.026293028887735687,0.0,0.01293361542453395,0.01286708448099211,0.013213045387409684,0.05979801205540697,0.013452556784160312,0.017896823812755314,0.01661942969675196,0.016858941093502586,0.02679866405865368,0.01378521150186952,0.01377190531316115,0.016206937846792543,0.014104560030870357,0.01684563490479422,0.017604087661171212,0.013372719651910104,0.02006573257221934,0.014530358069538143,0.01973307785451013,0.013213045387409684,0.013079983500326001,0.024949103828190492,0.024949103828190492,0.01631338735645949,0.01631338735645949,0.013332801085784999,0.02136973906563943,0.0180698042659641,0.018881481777174563,0.01813633520950594,0.01821617234175615,0.013199739198701316,0.024070895373438185,0.013119902066451106,0.016433143054834804,0.012986840179367423,0.036552100381887616,0.07004377736085053,0.0289276542519926,0.02204835468976621,0.01921413649488377
Baldwin,0.033133740502707815,0.019347198381967454,0.3319228773302463,0.27805942543877155,0.024789429563690072,0.042992295716737856,0.022700357936476255,0.043750748473114845,0.043750748473114845,0.043750748473114845,0.043750748473114845,0.04293907096190438,0.043750748473114845,0.04293907096190438,0.2773808098146448,0.04293907096190438,0.043750748473114845,0.16385240775484677,0.15996700065200326,0.040610487937939935,0.06742245818530199,0.01370537436961931,0.008063550357271167,0.009607068247441885,0.018961318909424773,0.01293361542453395,0.0,0.0016632735885460327,0.004803534123720942,0.057336367144358844,0.0018894787965882931,0.008356286508855268,0.01117719851502934,0.010631644777986242,0.022420927973600523,0.00803693797985443,0.006014397296182455,0.009221188774899206,0.006227296315516347,0.010631644777986242,0.011656221308530598,0.004630553670512155,0.015129136561414715,0.0067063191090176045,0.013585618671243995,0.004497491783428472,0.0038454885367184277,0.020172182081886286,0.020172182081886286,0.009740130134525567,0.009740130134525567,0.0027144624965071253,0.014783175654997139,0.015182361316248187,0.009992947719984565,0.00895506500073184,0.009048208321690418,0.004470879406011736,0.017870211435338575,0.00719864809122723,0.011882426516572859,0.004617247481803787,0.035700504304552044,0.06778172528042793,0.02719784971990473,0.015022687051747767,0.013292882519659894
Strict Nanson,0.03240921852753715,0.018908094154591302,0.3320160206512049,0.2781259563823134,0.023844690165395924,0.042699559565153755,0.02228786608651684,0.04331164424573869,0.04331164424573869,0.04331164424573869,0.04331164424573869,0.04265964099902865,0.04331164424573869,0.04265964099902865,0.27730097268239456,0.04265964099902865,0.04331164424573869,0.16377257062259656,0.15987385733104467,0.040011709446063366,0.06690351682567562,0.01355900629382726,0.007478078054102963,0.009487312549066571,0.01898793128684151,0.01286708448099211,0.0016632735885460327,0.0,0.0034329966867590114,0.05753595997498437,0.003087035780341437,0.008303061754021795,0.010086091040943143,0.010631644777986242,0.022633826992934414,0.007331709978310913,0.005375700238180778,0.00980666107806741,0.005801498276848562,0.010631644777986242,0.012068713158490015,0.0036991204609263767,0.015368647958165343,0.006227296315516347,0.013745292935744415,0.0037789575931765863,0.002993892459382859,0.020504836799595492,0.020504836799595492,0.008782084547523054,0.008782084547523054,0.002807605817465703,0.014450520937287933,0.01423762191795404,0.009846579644192515,0.009088126887815523,0.008941758812023472,0.00375234521575985,0.017590781472462843,0.0062406025042247145,0.010884462363445238,0.0038188761593016913,0.035181562944925686,0.0679147871675116,0.026306335076444053,0.01447713331470467,0.012773941160033532
Weak Nanson,0.03133141724215933,0.01777706811438,0.3321224701608718,0.27816587494843853,0.02243423416230889,0.04239351722486128,0.021556025707556586,0.042859233829654175,0.042859233829654175,0.042859233829654175,0.042859233829654175,0.042433435790986386,0.042859233829654175,0.042433435790986386,0.27694170558726866,0.042433435790986386,0.042859233829654175,0.1635463654145543,0.15952789642462709,0.03906697004776922,0.06607853312575679,0.01423762191795404,0.007531302808936436,0.010179234361901721,0.01946695408034277,0.013213045387409684,0.004803534123720942,0.0034329966867590114,0.0,0.058081513712027466,0.006094234428432664,0.0091812702087741,0.008688941226564476,0.011736058440780807,0.023006400276768726,0.005841416842973667,0.0061075406171410326,0.011030830439237289,0.0066264819767673944,0.011749364629489176,0.013173126821284579,0.00489667744467952,0.01600734501616702,0.0071321171476853885,0.01370537436961931,0.004643859859220523,0.004231368009261108,0.021037084347930224,0.021037084347930224,0.007291791412185808,0.007291791412185808,0.005482149747847724,0.013918273388953201,0.012800553537450268,0.010525195268319295,0.010099397229651511,0.009700211568400462,0.004617247481803787,0.017364576264420582,0.004297898952802949,0.009128045453940628,0.004803534123720942,0.03438319162242359,0.0684204223384296,0.024909185262065387,0.014184397163120567,0.011469934666613443
