,NN,Min Violations Committee,Max Violations Committee,Random Choice,Borda ranking,Plurality ranking,STV,Approval Voting (AV),Proportional Approval Voting (PAV),Approval Chamberlin-Courant (CC),Lexicographic Chamberlin-Courant (lex-CC),Sequential Approval Chamberlin-Courant (seq-CC),Monroe's Approval Rule (Monroe),Greedy Monroe,Minimax Approval Voting (MAV),Method of Equal Shares (aka Rule X) with Phragmén phase,E Pluribus Hugo (EPH),Random Serial Dictator,Anti-Plurality,Two-Approval,Three-Approval,Instant Runoff,Bottom-Two-Runoff Instant Runoff,Benham,PluralityWRunoff PUT,Coombs,Baldwin,Strict Nanson,Weak Nanson,Iterated Removal Condorcet Loser,Raynaud,Tideman Alternative Top Cycle,Knockout Voting,Banks,Condorcet,Copeland,Llull,Uncovered Set,Uncovered Set - Fishburn,Uncovered Set - Bordes,Uncovered Set - McKelvey,Slater,Top Cycle,GOCHA,Bipartisan Set,Minimax,Split Cycle,Ranked Pairs ZT,Ranked Pairs TB,Simple Stable Voting,Stable Voting,Loss-Trimmer Voting,Daunou,Blacks,Condorcet IRV,Condorcet IRV PUT,Smith IRV,Smith-Minimax,Condorcet Plurality,Copeland-Local-Borda,Copeland-Global-Borda,Borda-Minimax Faceoff,Bucklin,Simplified Bucklin,Weighted Bucklin,Bracket Voting,Superior Voting
Min Violations Committee,0.0005513333333333334,0.0,0.3333333333333333,0.27796,0.05637333333333333,0.17833333333333334,0.09326666666666666,0.17741333333333334,0.17741333333333334,0.17741333333333334,0.17741333333333334,0.17833333333333334,0.17741333333333334,0.17833333333333334,0.27228,0.17833333333333334,0.17741333333333334,0.24633333333333332,0.21132,0.10470666666666667,0.10688,0.10622666666666666,0.027,0.0242,0.12026666666666666,0.03628,0.027786666666666668,0.027226666666666666,0.025626666666666666,0.12790666666666667,0.02868,0.030466666666666666,0.017053333333333334,0.03236,0.0352,0.02524,0.027453333333333333,0.03213333333333333,0.027466666666666667,0.03236,0.03369333333333333,0.027786666666666668,0.03406666666666667,0.027466666666666667,0.018093333333333333,0.027,0.027333333333333334,0.03469333333333333,0.03469333333333333,0.01484,0.01484,0.02692,0.029266666666666667,0.019866666666666668,0.02572,0.0264,0.030786666666666667,0.027,0.025213333333333334,0.024546666666666668,0.015026666666666667,0.027666666666666666,0.07362666666666667,0.12270666666666667,0.055733333333333336,0.04646666666666667,0.019693333333333334
Max Violations Committee,0.3332366666666666,0.3333333333333333,0.0,0.2787733333333333,0.3323333333333333,0.32266666666666666,0.3316,0.3237466666666667,0.3237466666666667,0.3237466666666667,0.3237466666666667,0.32266666666666666,0.3237466666666667,0.32266666666666666,0.2854,0.32266666666666666,0.3237466666666667,0.2982533333333333,0.3234,0.33092,0.33094666666666667,0.33069333333333334,0.33314666666666665,0.33309333333333335,0.32969333333333334,0.3327333333333333,0.3331866666666667,0.33324,0.33326666666666666,0.30022666666666664,0.33316,0.33316,0.3332,0.33282666666666666,0.32456,0.33316,0.33313333333333334,0.33296,0.33312,0.33282666666666666,0.33270666666666665,0.33312,0.33210666666666666,0.33308,0.33308,0.3331866666666667,0.3331866666666667,0.3288,0.3288,0.33325333333333335,0.33325333333333335,0.3332,0.33276,0.33316,0.33298666666666665,0.33296,0.33313333333333334,0.3331866666666667,0.33216,0.33325333333333335,0.33324,0.3331866666666667,0.3317333333333333,0.32854666666666665,0.33229333333333333,0.33237333333333335,0.33310666666666666
Random Choice,0.27799399999999996,0.27796,0.2787733333333333,0.0,0.27728,0.27714666666666665,0.2769333333333333,0.27730666666666665,0.27730666666666665,0.27730666666666665,0.27730666666666665,0.27714666666666665,0.27730666666666665,0.27714666666666665,0.27781333333333336,0.27714666666666665,0.27730666666666665,0.2767733333333333,0.27638666666666667,0.27758666666666665,0.27748,0.27758666666666665,0.27798666666666666,0.27824,0.27788,0.2776666666666667,0.2777866666666667,0.27781333333333336,0.27796,0.27737333333333336,0.2779066666666667,0.2778933333333333,0.27788,0.27769333333333335,0.2780533333333333,0.27786666666666665,0.27772,0.27781333333333336,0.27768,0.27769333333333335,0.27768,0.27769333333333335,0.27802666666666664,0.2776666666666667,0.27785333333333334,0.2777866666666667,0.27776,0.2784,0.2784,0.27786666666666665,0.27786666666666665,0.27781333333333336,0.27797333333333335,0.2776666666666667,0.2780666666666667,0.27809333333333336,0.27788,0.2777866666666667,0.27781333333333336,0.27810666666666667,0.2778,0.2779333333333333,0.27756,0.2770533333333333,0.2776666666666667,0.27797333333333335,0.27786666666666665
Borda ranking,0.056194,0.05637333333333333,0.3323333333333333,0.27728,0.0,0.20622666666666667,0.12609333333333334,0.20608,0.20608,0.20608,0.20608,0.20622666666666667,0.20608,0.20622666666666667,0.27932,0.20622666666666667,0.20608,0.2528533333333333,0.18618666666666667,0.11357333333333333,0.07105333333333333,0.12933333333333333,0.05712,0.06016,0.14941333333333334,0.058186666666666664,0.056106666666666666,0.05564,0.05484,0.14168,0.05657333333333334,0.05769333333333333,0.04052,0.0568,0.06681333333333334,0.05469333333333333,0.05554666666666667,0.0574,0.0556,0.0568,0.05752,0.0558,0.058666666666666666,0.05570666666666667,0.05669333333333333,0.05534666666666667,0.0554,0.06544,0.06544,0.050133333333333335,0.050133333333333335,0.055773333333333334,0.06042666666666666,0.03652,0.061053333333333334,0.060546666666666665,0.057773333333333336,0.05534666666666667,0.06764,0.05448,0.04356,0.053733333333333334,0.072,0.12510666666666667,0.04916,0.08872,0.06184
Plurality ranking,0.17836199999999997,0.17833333333333334,0.32266666666666666,0.27714666666666665,0.20622666666666667,0.0,0.13862666666666668,0.027586666666666666,0.027586666666666666,0.027586666666666666,0.027586666666666666,0.0,0.027586666666666666,0.0,0.28290666666666664,0.0,0.027586666666666666,0.22464,0.2706133333333333,0.19505333333333333,0.24013333333333334,0.13238666666666668,0.17368,0.17105333333333334,0.10748,0.18397333333333332,0.17634666666666668,0.17658666666666667,0.17688,0.20516,0.17628,0.17525333333333334,0.1832,0.17736,0.18324,0.17736,0.17698666666666665,0.17677333333333334,0.17701333333333333,0.17736,0.17704,0.17666666666666667,0.17748,0.17706666666666668,0.17749333333333334,0.1768,0.17673333333333333,0.18161333333333332,0.18161333333333332,0.18066666666666667,0.18066666666666667,0.17674666666666666,0.16857333333333333,0.18448,0.16982666666666665,0.17093333333333333,0.1752,0.1768,0.15336,0.17724,0.18248,0.17724,0.20978666666666668,0.20293333333333333,0.19422666666666666,0.15396,0.16862666666666667
STV,0.09334333333333333,0.09326666666666666,0.3316,0.2769333333333333,0.12609333333333334,0.13862666666666668,0.0,0.13682666666666668,0.13682666666666668,0.13682666666666668,0.13682666666666668,0.13862666666666668,0.13682666666666668,0.13862666666666668,0.27329333333333333,0.13862666666666668,0.13682666666666668,0.23693333333333333,0.23364,0.13717333333333334,0.16990666666666668,0.03525333333333333,0.09901333333333333,0.09254666666666667,0.08326666666666667,0.11013333333333333,0.10157333333333333,0.10136,0.10117333333333334,0.16904,0.10198666666666667,0.09938666666666666,0.10037333333333333,0.10285333333333334,0.10930666666666666,0.10102666666666667,0.10164,0.1038,0.10166666666666667,0.10285333333333334,0.10368,0.10154666666666666,0.10436,0.10170666666666667,0.09905333333333333,0.10150666666666666,0.10149333333333334,0.10816,0.10816,0.09954666666666667,0.09954666666666667,0.10121333333333334,0.09878666666666666,0.10138666666666667,0.09041333333333333,0.09145333333333333,0.09908,0.10150666666666666,0.09466666666666666,0.10108,0.09962666666666667,0.102,0.13848,0.15513333333333335,0.12133333333333333,0.07358666666666666,0.09124
Approval Voting (AV),0.17746866666666666,0.17741333333333334,0.3237466666666667,0.27730666666666665,0.20608,0.027586666666666666,0.13682666666666668,0.0,0.0,0.0,0.0,0.027586666666666666,0.0,0.027586666666666666,0.27353333333333335,0.027586666666666666,0.0,0.22470666666666667,0.27572,0.19577333333333333,0.24033333333333334,0.13342666666666667,0.1744,0.17148,0.11073333333333334,0.18466666666666667,0.17696,0.17712,0.17736,0.21136,0.17692,0.17613333333333334,0.18309333333333333,0.17830666666666667,0.18452,0.17788,0.1776,0.17770666666666668,0.17762666666666665,0.17830666666666667,0.17814666666666668,0.17730666666666667,0.17868,0.17769333333333334,0.17772,0.17729333333333333,0.17724,0.18312,0.18312,0.18044,0.18044,0.17730666666666667,0.16974666666666666,0.18434666666666666,0.17032,0.17164,0.17608,0.17729333333333333,0.15702666666666668,0.17769333333333334,0.18221333333333334,0.17785333333333334,0.21009333333333333,0.20762666666666665,0.19413333333333332,0.15366666666666667,0.16884
Proportional Approval Voting (PAV),0.17746866666666666,0.17741333333333334,0.3237466666666667,0.27730666666666665,0.20608,0.027586666666666666,0.13682666666666668,0.0,0.0,0.0,0.0,0.027586666666666666,0.0,0.027586666666666666,0.27353333333333335,0.027586666666666666,0.0,0.22470666666666667,0.27572,0.19577333333333333,0.24033333333333334,0.13342666666666667,0.1744,0.17148,0.11073333333333334,0.18466666666666667,0.17696,0.17712,0.17736,0.21136,0.17692,0.17613333333333334,0.18309333333333333,0.17830666666666667,0.18452,0.17788,0.1776,0.17770666666666668,0.17762666666666665,0.17830666666666667,0.17814666666666668,0.17730666666666667,0.17868,0.17769333333333334,0.17772,0.17729333333333333,0.17724,0.18312,0.18312,0.18044,0.18044,0.17730666666666667,0.16974666666666666,0.18434666666666666,0.17032,0.17164,0.17608,0.17729333333333333,0.15702666666666668,0.17769333333333334,0.18221333333333334,0.17785333333333334,0.21009333333333333,0.20762666666666665,0.19413333333333332,0.15366666666666667,0.16884
Approval Chamberlin-Courant (CC),0.17746866666666666,0.17741333333333334,0.3237466666666667,0.27730666666666665,0.20608,0.027586666666666666,0.13682666666666668,0.0,0.0,0.0,0.0,0.027586666666666666,0.0,0.027586666666666666,0.27353333333333335,0.027586666666666666,0.0,0.22470666666666667,0.27572,0.19577333333333333,0.24033333333333334,0.13342666666666667,0.1744,0.17148,0.11073333333333334,0.18466666666666667,0.17696,0.17712,0.17736,0.21136,0.17692,0.17613333333333334,0.18309333333333333,0.17830666666666667,0.18452,0.17788,0.1776,0.17770666666666668,0.17762666666666665,0.17830666666666667,0.17814666666666668,0.17730666666666667,0.17868,0.17769333333333334,0.17772,0.17729333333333333,0.17724,0.18312,0.18312,0.18044,0.18044,0.17730666666666667,0.16974666666666666,0.18434666666666666,0.17032,0.17164,0.17608,0.17729333333333333,0.15702666666666668,0.17769333333333334,0.18221333333333334,0.17785333333333334,0.21009333333333333,0.20762666666666665,0.19413333333333332,0.15366666666666667,0.16884
Lexicographic Chamberlin-Courant (lex-CC),0.17746866666666666,0.17741333333333334,0.3237466666666667,0.27730666666666665,0.20608,0.027586666666666666,0.13682666666666668,0.0,0.0,0.0,0.0,0.027586666666666666,0.0,0.027586666666666666,0.27353333333333335,0.027586666666666666,0.0,0.22470666666666667,0.27572,0.19577333333333333,0.24033333333333334,0.13342666666666667,0.1744,0.17148,0.11073333333333334,0.18466666666666667,0.17696,0.17712,0.17736,0.21136,0.17692,0.17613333333333334,0.18309333333333333,0.17830666666666667,0.18452,0.17788,0.1776,0.17770666666666668,0.17762666666666665,0.17830666666666667,0.17814666666666668,0.17730666666666667,0.17868,0.17769333333333334,0.17772,0.17729333333333333,0.17724,0.18312,0.18312,0.18044,0.18044,0.17730666666666667,0.16974666666666666,0.18434666666666666,0.17032,0.17164,0.17608,0.17729333333333333,0.15702666666666668,0.17769333333333334,0.18221333333333334,0.17785333333333334,0.21009333333333333,0.20762666666666665,0.19413333333333332,0.15366666666666667,0.16884
Sequential Approval Chamberlin-Courant (seq-CC),0.17836199999999997,0.17833333333333334,0.32266666666666666,0.27714666666666665,0.20622666666666667,0.0,0.13862666666666668,0.027586666666666666,0.027586666666666666,0.027586666666666666,0.027586666666666666,0.0,0.027586666666666666,0.0,0.28290666666666664,0.0,0.027586666666666666,0.22464,0.2706133333333333,0.19505333333333333,0.24013333333333334,0.13238666666666668,0.17368,0.17105333333333334,0.10748,0.18397333333333332,0.17634666666666668,0.17658666666666667,0.17688,0.20516,0.17628,0.17525333333333334,0.1832,0.17736,0.18324,0.17736,0.17698666666666665,0.17677333333333334,0.17701333333333333,0.17736,0.17704,0.17666666666666667,0.17748,0.17706666666666668,0.17749333333333334,0.1768,0.17673333333333333,0.18161333333333332,0.18161333333333332,0.18066666666666667,0.18066666666666667,0.17674666666666666,0.16857333333333333,0.18448,0.16982666666666665,0.17093333333333333,0.1752,0.1768,0.15336,0.17724,0.18248,0.17724,0.20978666666666668,0.20293333333333333,0.19422666666666666,0.15396,0.16862666666666667
Monroe's Approval Rule (Monroe),0.17746866666666666,0.17741333333333334,0.3237466666666667,0.27730666666666665,0.20608,0.027586666666666666,0.13682666666666668,0.0,0.0,0.0,0.0,0.027586666666666666,0.0,0.027586666666666666,0.27353333333333335,0.027586666666666666,0.0,0.22470666666666667,0.27572,0.19577333333333333,0.24033333333333334,0.13342666666666667,0.1744,0.17148,0.11073333333333334,0.18466666666666667,0.17696,0.17712,0.17736,0.21136,0.17692,0.17613333333333334,0.18309333333333333,0.17830666666666667,0.18452,0.17788,0.1776,0.17770666666666668,0.17762666666666665,0.17830666666666667,0.17814666666666668,0.17730666666666667,0.17868,0.17769333333333334,0.17772,0.17729333333333333,0.17724,0.18312,0.18312,0.18044,0.18044,0.17730666666666667,0.16974666666666666,0.18434666666666666,0.17032,0.17164,0.17608,0.17729333333333333,0.15702666666666668,0.17769333333333334,0.18221333333333334,0.17785333333333334,0.21009333333333333,0.20762666666666665,0.19413333333333332,0.15366666666666667,0.16884
Greedy Monroe,0.17836199999999997,0.17833333333333334,0.32266666666666666,0.27714666666666665,0.20622666666666667,0.0,0.13862666666666668,0.027586666666666666,0.027586666666666666,0.027586666666666666,0.027586666666666666,0.0,0.027586666666666666,0.0,0.28290666666666664,0.0,0.027586666666666666,0.22464,0.2706133333333333,0.19505333333333333,0.24013333333333334,0.13238666666666668,0.17368,0.17105333333333334,0.10748,0.18397333333333332,0.17634666666666668,0.17658666666666667,0.17688,0.20516,0.17628,0.17525333333333334,0.1832,0.17736,0.18324,0.17736,0.17698666666666665,0.17677333333333334,0.17701333333333333,0.17736,0.17704,0.17666666666666667,0.17748,0.17706666666666668,0.17749333333333334,0.1768,0.17673333333333333,0.18161333333333332,0.18161333333333332,0.18066666666666667,0.18066666666666667,0.17674666666666666,0.16857333333333333,0.18448,0.16982666666666665,0.17093333333333333,0.1752,0.1768,0.15336,0.17724,0.18248,0.17724,0.20978666666666668,0.20293333333333333,0.19422666666666666,0.15396,0.16862666666666667
Minimax Approval Voting (MAV),0.27234133333333327,0.27228,0.2854,0.27781333333333336,0.27932,0.28290666666666664,0.27329333333333333,0.27353333333333335,0.27353333333333335,0.27353333333333335,0.27353333333333335,0.28290666666666664,0.27353333333333335,0.28290666666666664,0.0,0.28290666666666664,0.27353333333333335,0.2786133333333333,0.3256266666666667,0.28173333333333334,0.2808,0.28257333333333334,0.2822133333333333,0.28097333333333335,0.28612,0.28204,0.28316,0.2829466666666667,0.28245333333333333,0.30516,0.2835066666666667,0.28326666666666667,0.27892,0.28504,0.28504,0.28269333333333335,0.28341333333333335,0.28504,0.28341333333333335,0.28504,0.28504,0.28345333333333333,0.28504,0.28341333333333335,0.2806533333333333,0.28302666666666665,0.28313333333333335,0.28504,0.28504,0.2788933333333333,0.2788933333333333,0.28297333333333335,0.2813733333333333,0.2789066666666667,0.28086666666666665,0.28148,0.28326666666666667,0.28302666666666665,0.2796533333333333,0.2820666666666667,0.2788933333333333,0.28329333333333334,0.28054666666666667,0.30372,0.2795066666666667,0.27908,0.2793333333333333
Method of Equal Shares (aka Rule X) with Phragmén phase,0.17836199999999997,0.17833333333333334,0.32266666666666666,0.27714666666666665,0.20622666666666667,0.0,0.13862666666666668,0.027586666666666666,0.027586666666666666,0.027586666666666666,0.027586666666666666,0.0,0.027586666666666666,0.0,0.28290666666666664,0.0,0.027586666666666666,0.22464,0.2706133333333333,0.19505333333333333,0.24013333333333334,0.13238666666666668,0.17368,0.17105333333333334,0.10748,0.18397333333333332,0.17634666666666668,0.17658666666666667,0.17688,0.20516,0.17628,0.17525333333333334,0.1832,0.17736,0.18324,0.17736,0.17698666666666665,0.17677333333333334,0.17701333333333333,0.17736,0.17704,0.17666666666666667,0.17748,0.17706666666666668,0.17749333333333334,0.1768,0.17673333333333333,0.18161333333333332,0.18161333333333332,0.18066666666666667,0.18066666666666667,0.17674666666666666,0.16857333333333333,0.18448,0.16982666666666665,0.17093333333333333,0.1752,0.1768,0.15336,0.17724,0.18248,0.17724,0.20978666666666668,0.20293333333333333,0.19422666666666666,0.15396,0.16862666666666667
E Pluribus Hugo (EPH),0.17746866666666666,0.17741333333333334,0.3237466666666667,0.27730666666666665,0.20608,0.027586666666666666,0.13682666666666668,0.0,0.0,0.0,0.0,0.027586666666666666,0.0,0.027586666666666666,0.27353333333333335,0.027586666666666666,0.0,0.22470666666666667,0.27572,0.19577333333333333,0.24033333333333334,0.13342666666666667,0.1744,0.17148,0.11073333333333334,0.18466666666666667,0.17696,0.17712,0.17736,0.21136,0.17692,0.17613333333333334,0.18309333333333333,0.17830666666666667,0.18452,0.17788,0.1776,0.17770666666666668,0.17762666666666665,0.17830666666666667,0.17814666666666668,0.17730666666666667,0.17868,0.17769333333333334,0.17772,0.17729333333333333,0.17724,0.18312,0.18312,0.18044,0.18044,0.17730666666666667,0.16974666666666666,0.18434666666666666,0.17032,0.17164,0.17608,0.17729333333333333,0.15702666666666668,0.17769333333333334,0.18221333333333334,0.17785333333333334,0.21009333333333333,0.20762666666666665,0.19413333333333332,0.15366666666666667,0.16884
Random Serial Dictator,0.24639666666666665,0.24633333333333332,0.2982533333333333,0.2767733333333333,0.2528533333333333,0.22464,0.23693333333333333,0.22470666666666667,0.22470666666666667,0.22470666666666667,0.22470666666666667,0.22464,0.22470666666666667,0.22464,0.2786133333333333,0.22464,0.22470666666666667,0.0,0.2744666666666667,0.24892,0.26365333333333335,0.23561333333333334,0.24462666666666666,0.24392,0.23181333333333334,0.24693333333333334,0.24518666666666666,0.24528,0.24537333333333333,0.25352,0.24517333333333333,0.24477333333333334,0.24685333333333334,0.24542666666666665,0.24762666666666666,0.24536,0.24512,0.24518666666666666,0.24513333333333334,0.24542666666666665,0.24526666666666666,0.24506666666666665,0.24542666666666665,0.24521333333333334,0.24533333333333332,0.24528,0.24522666666666668,0.24701333333333333,0.24701333333333333,0.24617333333333333,0.24617333333333333,0.24518666666666666,0.24404,0.24701333333333333,0.24358666666666667,0.2436,0.24477333333333334,0.24528,0.24281333333333333,0.2454,0.24684,0.24536,0.2531466666666667,0.2508666666666667,0.24930666666666668,0.24024,0.24405333333333334
Anti-Plurality,0.2112093333333333,0.21132,0.3234,0.27638666666666667,0.18618666666666667,0.2706133333333333,0.23364,0.27572,0.27572,0.27572,0.27572,0.2706133333333333,0.27572,0.2706133333333333,0.3256266666666667,0.2706133333333333,0.27572,0.2744666666666667,0.0,0.21234666666666666,0.1848,0.22784,0.20202666666666666,0.20552,0.23981333333333332,0.20070666666666667,0.19994666666666666,0.20010666666666665,0.20065333333333332,0.19541333333333333,0.19976,0.20085333333333333,0.20089333333333334,0.19837333333333335,0.20365333333333333,0.20028,0.19966666666666666,0.19868,0.19957333333333332,0.19837333333333335,0.1978,0.19977333333333333,0.19777333333333333,0.19962666666666667,0.20385333333333333,0.19996,0.19986666666666666,0.20066666666666666,0.20066666666666666,0.20394666666666666,0.20394666666666666,0.20014666666666667,0.20434666666666668,0.19948,0.20601333333333333,0.20502666666666666,0.20078666666666667,0.19996,0.21210666666666667,0.20092,0.20225333333333334,0.19901333333333332,0.19809333333333334,0.17529333333333333,0.19848,0.21749333333333334,0.20757333333333333
Two-Approval,0.104592,0.10470666666666667,0.33092,0.27758666666666665,0.11357333333333333,0.19505333333333333,0.13717333333333334,0.19577333333333333,0.19577333333333333,0.19577333333333333,0.19577333333333333,0.19505333333333333,0.19577333333333333,0.19505333333333333,0.28173333333333334,0.19505333333333333,0.19577333333333333,0.24892,0.21234666666666666,0.0,0.15762666666666666,0.1396,0.10362666666666667,0.1042,0.15262666666666666,0.10845333333333333,0.10314666666666666,0.10318666666666666,0.10314666666666666,0.16673333333333334,0.10329333333333333,0.10398666666666667,0.10388,0.10382666666666666,0.11281333333333333,0.10321333333333334,0.10313333333333333,0.10394666666666667,0.1032,0.10382666666666666,0.10421333333333334,0.10301333333333333,0.10498666666666667,0.10313333333333333,0.10434666666666667,0.10306666666666667,0.10306666666666667,0.11102666666666666,0.11102666666666666,0.10268,0.10268,0.10321333333333334,0.10468,0.10502666666666667,0.10448,0.10450666666666666,0.10381333333333333,0.10306666666666667,0.10718666666666667,0.10308,0.10368,0.10325333333333334,0.07474666666666667,0.09209333333333333,0.10024,0.11268,0.10473333333333333
Three-Approval,0.10666599999999998,0.10688,0.33094666666666667,0.27748,0.07105333333333333,0.24013333333333334,0.16990666666666668,0.24033333333333334,0.24033333333333334,0.24033333333333334,0.24033333333333334,0.24013333333333334,0.24033333333333334,0.24013333333333334,0.2808,0.24013333333333334,0.24033333333333334,0.26365333333333335,0.1848,0.15762666666666666,0.0,0.17337333333333332,0.10793333333333334,0.11166666666666666,0.19318666666666667,0.10409333333333333,0.10641333333333333,0.10613333333333333,0.10566666666666667,0.17408,0.10669333333333333,0.10828,0.09752,0.1062,0.11526666666666667,0.10546666666666667,0.10605333333333333,0.10705333333333333,0.10605333333333333,0.1062,0.10664,0.10638666666666667,0.10730666666666666,0.10608,0.10664,0.10584,0.10593333333333334,0.11390666666666667,0.11390666666666667,0.10174666666666667,0.10174666666666667,0.1062,0.11116,0.09528,0.11256,0.11177333333333334,0.10824,0.10584,0.11765333333333333,0.10534666666666667,0.0988,0.10505333333333333,0.08584,0.15698666666666666,0.08158666666666667,0.13846666666666665,0.11269333333333334
Instant Runoff,0.10626799999999997,0.10622666666666666,0.33069333333333334,0.27758666666666665,0.12933333333333333,0.13238666666666668,0.03525333333333333,0.13342666666666667,0.13342666666666667,0.13342666666666667,0.13342666666666667,0.13238666666666668,0.13342666666666667,0.13238666666666668,0.28257333333333334,0.13238666666666668,0.13342666666666667,0.23561333333333334,0.22784,0.1396,0.17337333333333332,0.0,0.09334666666666666,0.08437333333333333,0.06749333333333334,0.10909333333333333,0.09686666666666667,0.09710666666666666,0.09773333333333334,0.15792,0.09665333333333333,0.09242666666666667,0.10434666666666667,0.09797333333333333,0.10928,0.09808,0.09744,0.09729333333333333,0.09746666666666666,0.09797333333333333,0.09789333333333333,0.09724,0.09856,0.09749333333333333,0.10146666666666666,0.0974,0.09729333333333333,0.10718666666666667,0.10718666666666667,0.10396,0.10396,0.09713333333333334,0.09697333333333333,0.10529333333333334,0.08076,0.08341333333333334,0.09186666666666667,0.0974,0.09722666666666667,0.0982,0.10377333333333333,0.09752,0.14245333333333332,0.15074666666666667,0.12502666666666667,0.07624,0.09497333333333334
Bottom-Two-Runoff Instant Runoff,0.026860000000000002,0.027,0.33314666666666665,0.27798666666666666,0.05712,0.17368,0.09901333333333333,0.1744,0.1744,0.1744,0.1744,0.17368,0.1744,0.17368,0.2822133333333333,0.17368,0.1744,0.24462666666666666,0.20202666666666666,0.10362666666666667,0.10793333333333334,0.09334666666666666,0.0,0.011053333333333333,0.10898666666666666,0.024626666666666668,0.00736,0.00756,0.008386666666666667,0.10982666666666667,0.007693333333333333,0.00876,0.018346666666666667,0.010813333333333333,0.02732,0.009293333333333334,0.008133333333333333,0.009453333333333333,0.008173333333333333,0.010813333333333333,0.01088,0.00792,0.012866666666666667,0.00828,0.017933333333333332,0.007866666666666666,0.007813333333333334,0.02484,0.02484,0.016906666666666667,0.016906666666666667,0.007573333333333333,0.012626666666666666,0.0206,0.012586666666666666,0.01216,0.009013333333333333,0.007866666666666666,0.02032,0.00904,0.017413333333333333,0.00812,0.07522666666666666,0.11186666666666667,0.0562,0.043813333333333336,0.01652
Benham,0.02398866666666667,0.0242,0.33309333333333335,0.27824,0.06016,0.17105333333333334,0.09254666666666667,0.17148,0.17148,0.17148,0.17148,0.17105333333333334,0.17148,0.17105333333333334,0.28097333333333335,0.17105333333333334,0.17148,0.24392,0.20552,0.1042,0.11166666666666666,0.08437333333333333,0.011053333333333333,0.0,0.10418666666666666,0.03028,0.014546666666666666,0.014693333333333333,0.015253333333333334,0.11341333333333334,0.01448,0.0102,0.0224,0.01596,0.028573333333333333,0.0156,0.01512,0.015546666666666667,0.015173333333333334,0.01596,0.016133333333333333,0.014906666666666667,0.017093333333333332,0.015213333333333334,0.01956,0.015066666666666667,0.01496,0.02652,0.02652,0.02161333333333333,0.02161333333333333,0.01476,0.0158,0.02364,0.0036133333333333334,0.00516,0.010746666666666667,0.015066666666666667,0.017693333333333332,0.015613333333333333,0.021373333333333334,0.015266666666666666,0.0782,0.115,0.05896,0.038413333333333334,0.01104
PluralityWRunoff PUT,0.12034133333333333,0.12026666666666666,0.32969333333333334,0.27788,0.14941333333333334,0.10748,0.08326666666666667,0.11073333333333334,0.11073333333333334,0.11073333333333334,0.11073333333333334,0.10748,0.11073333333333334,0.10748,0.28612,0.10748,0.11073333333333334,0.23181333333333334,0.23981333333333332,0.15262666666666666,0.19318666666666667,0.06749333333333334,0.10898666666666666,0.10418666666666666,0.0,0.12258666666666666,0.1112,0.11146666666666667,0.11205333333333334,0.16192,0.11101333333333334,0.10888,0.12026666666666666,0.11194666666666667,0.12285333333333333,0.11238666666666666,0.1116,0.11133333333333334,0.11158666666666667,0.11194666666666667,0.11186666666666667,0.11137333333333334,0.11249333333333333,0.1116,0.11542666666666666,0.11161333333333333,0.11152,0.12078666666666667,0.12078666666666667,0.11828,0.11828,0.11138666666666666,0.11076,0.12172,0.10349333333333334,0.10389333333333334,0.10902666666666666,0.11161333333333333,0.10849333333333333,0.11253333333333333,0.11918666666666666,0.11206666666666666,0.15990666666666667,0.16265333333333334,0.14301333333333333,0.0892,0.10701333333333334
Coombs,0.03602933333333334,0.03628,0.3327333333333333,0.2776666666666667,0.058186666666666664,0.18397333333333332,0.11013333333333333,0.18466666666666667,0.18466666666666667,0.18466666666666667,0.18466666666666667,0.18397333333333332,0.18466666666666667,0.18397333333333332,0.28204,0.18397333333333332,0.18466666666666667,0.24693333333333334,0.20070666666666667,0.10845333333333333,0.10409333333333333,0.10909333333333333,0.024626666666666668,0.03028,0.12258666666666666,0.0,0.02056,0.020266666666666665,0.020173333333333335,0.11584,0.020893333333333333,0.025653333333333334,0.02712,0.021853333333333332,0.0372,0.020186666666666665,0.020293333333333333,0.0218,0.02032,0.021853333333333332,0.02229333333333333,0.02048,0.0236,0.020373333333333334,0.028573333333333333,0.019906666666666666,0.020013333333333334,0.035173333333333334,0.035173333333333334,0.0256,0.0256,0.020293333333333333,0.03016,0.02832,0.031466666666666664,0.030626666666666667,0.025906666666666668,0.019906666666666666,0.036333333333333336,0.020013333333333334,0.025973333333333334,0.020266666666666665,0.07494666666666666,0.1146,0.05848,0.05844,0.03088
Baldwin,0.027656666666666666,0.027786666666666668,0.3331866666666667,0.2777866666666667,0.056106666666666666,0.17634666666666668,0.10157333333333333,0.17696,0.17696,0.17696,0.17696,0.17634666666666668,0.17696,0.17634666666666668,0.28316,0.17634666666666668,0.17696,0.24518666666666666,0.19994666666666666,0.10314666666666666,0.10641333333333333,0.09686666666666667,0.00736,0.014546666666666666,0.1112,0.02056,0.0,0.0010133333333333333,0.00388,0.10785333333333333,0.00124,0.008093333333333333,0.016306666666666667,0.0071066666666666665,0.02628,0.00556,0.00312,0.00588,0.00316,0.0071066666666666665,0.00776,0.00284,0.010293333333333333,0.0032266666666666667,0.016466666666666668,0.0020533333333333332,0.00184,0.02372,0.02372,0.014506666666666666,0.014506666666666666,0.0015733333333333333,0.013466666666666667,0.019586666666666665,0.016106666666666665,0.015133333333333334,0.008506666666666666,0.0020533333333333332,0.022986666666666666,0.005493333333333334,0.015493333333333333,0.002746666666666667,0.07368,0.11013333333333333,0.055106666666666665,0.04493333333333333,0.017653333333333333
Strict Nanson,0.027087333333333335,0.027226666666666666,0.33324,0.27781333333333336,0.05564,0.17658666666666667,0.10136,0.17712,0.17712,0.17712,0.17712,0.17658666666666667,0.17712,0.17658666666666667,0.2829466666666667,0.17658666666666667,0.17712,0.24528,0.20010666666666665,0.10318666666666666,0.10613333333333333,0.09710666666666666,0.00756,0.014693333333333333,0.11146666666666667,0.020266666666666665,0.0010133333333333333,0.0,0.0029733333333333335,0.10817333333333333,0.0021466666666666665,0.008426666666666667,0.015813333333333332,0.00692,0.02656,0.004933333333333333,0.00252,0.00648,0.0026666666666666666,0.00692,0.0082,0.0021333333333333334,0.01064,0.0027066666666666667,0.0164,0.0013866666666666667,0.0010933333333333333,0.02404,0.02404,0.013733333333333334,0.013733333333333334,0.0012666666666666666,0.0138,0.01912,0.016346666666666666,0.01548,0.008853333333333333,0.0013866666666666667,0.023226666666666666,0.004693333333333333,0.014786666666666667,0.0022533333333333333,0.07338666666666667,0.11026666666666667,0.05472,0.04497333333333333,0.017426666666666667
Weak Nanson,0.025452000000000002,0.025626666666666666,0.33326666666666666,0.27796,0.05484,0.17688,0.10117333333333334,0.17736,0.17736,0.17736,0.17736,0.17688,0.17736,0.17688,0.28245333333333333,0.17688,0.17736,0.24537333333333333,0.20065333333333332,0.10314666666666666,0.10566666666666667,0.09773333333333334,0.008386666666666667,0.015253333333333334,0.11205333333333334,0.020173333333333335,0.00388,0.0029733333333333335,0.0,0.10921333333333333,0.004893333333333334,0.00924,0.014906666666666667,0.008733333333333333,0.027053333333333332,0.00336,0.004173333333333334,0.008266666666666667,0.00432,0.008733333333333333,0.00996,0.003946666666666667,0.011853333333333334,0.004373333333333333,0.016426666666666666,0.0030533333333333332,0.0028933333333333333,0.02472,0.02472,0.01188,0.01188,0.0038933333333333333,0.01444,0.01832,0.016973333333333333,0.016026666666666668,0.00972,0.0030533333333333332,0.02352,0.00212,0.012786666666666667,0.00396,0.07277333333333333,0.11078666666666667,0.05402666666666667,0.0452,0.016453333333333334
Iterated Removal Condorcet Loser,0.12778933333333334,0.12790666666666667,0.30022666666666664,0.27737333333333336,0.14168,0.20516,0.16904,0.21136,0.21136,0.21136,0.21136,0.20516,0.21136,0.20516,0.30516,0.20516,0.21136,0.25352,0.19541333333333333,0.16673333333333334,0.17408,0.15792,0.10982666666666667,0.11341333333333334,0.16192,0.11584,0.10785333333333333,0.10817333333333333,0.10921333333333333,0.0,0.10730666666666666,0.10790666666666666,0.11757333333333334,0.10390666666666666,0.10986666666666667,0.10837333333333334,0.10694666666666666,0.10426666666666666,0.10674666666666667,0.10390666666666666,0.10169333333333333,0.10696,0.09806666666666666,0.10637333333333333,0.11444,0.10790666666666666,0.10777333333333333,0.10753333333333333,0.10753333333333333,0.11764,0.11764,0.1082,0.11033333333333334,0.11785333333333334,0.11381333333333334,0.11222666666666667,0.10792,0.10790666666666666,0.11870666666666667,0.10966666666666666,0.11761333333333333,0.10752,0.15238666666666667,0.14964,0.14101333333333332,0.13149333333333332,0.1164
Raynaud,0.028552666666666667,0.02868,0.33316,0.2779066666666667,0.05657333333333334,0.17628,0.10198666666666667,0.17692,0.17692,0.17692,0.17692,0.17628,0.17692,0.17628,0.2835066666666667,0.17628,0.17692,0.24517333333333333,0.19976,0.10329333333333333,0.10669333333333333,0.09665333333333333,0.007693333333333333,0.01448,0.11101333333333334,0.020893333333333333,0.00124,0.0021466666666666665,0.004893333333333334,0.10730666666666666,0.0,0.007866666666666666,0.01696,0.007293333333333333,0.025933333333333333,0.0064266666666666665,0.003986666666666667,0.004986666666666667,0.004,0.007293333333333333,0.00712,0.0036533333333333335,0.00968,0.00408,0.016413333333333332,0.0032133333333333332,0.00292,0.023266666666666668,0.023266666666666668,0.01568,0.01568,0.0022,0.01348,0.020053333333333333,0.015893333333333332,0.014946666666666667,0.008266666666666667,0.0032133333333333332,0.02292,0.0066,0.016533333333333334,0.0034933333333333335,0.07414666666666667,0.11001333333333334,0.0556,0.0452,0.018013333333333333
Tideman Alternative Top Cycle,0.030263333333333333,0.030466666666666666,0.33316,0.2778933333333333,0.05769333333333333,0.17525333333333334,0.09938666666666666,0.17613333333333334,0.17613333333333334,0.17613333333333334,0.17613333333333334,0.17525333333333334,0.17613333333333334,0.17525333333333334,0.28326666666666667,0.17525333333333334,0.17613333333333334,0.24477333333333334,0.20085333333333333,0.10398666666666667,0.10828,0.09242666666666667,0.00876,0.0102,0.10888,0.025653333333333334,0.008093333333333333,0.008426666666666667,0.00924,0.10790666666666666,0.007866666666666666,0.0,0.019946666666666668,0.009906666666666666,0.02648,0.009773333333333334,0.008893333333333333,0.008706666666666666,0.00896,0.009906666666666666,0.009546666666666667,0.00872,0.01036,0.00896,0.01916,0.008786666666666667,0.008706666666666666,0.02388,0.02388,0.019533333333333333,0.019533333333333333,0.008466666666666667,0.01196,0.021173333333333332,0.011666666666666667,0.0108,0.0007866666666666666,0.008786666666666667,0.021893333333333334,0.00992,0.01944,0.00864,0.07594666666666666,0.11113333333333333,0.05712,0.044853333333333335,0.016986666666666667
Knockout Voting,0.016824666666666665,0.017053333333333334,0.3332,0.27788,0.04052,0.1832,0.10037333333333333,0.18309333333333333,0.18309333333333333,0.18309333333333333,0.18309333333333333,0.1832,0.18309333333333333,0.1832,0.27892,0.1832,0.18309333333333333,0.24685333333333334,0.20089333333333334,0.10388,0.09752,0.10434666666666667,0.018346666666666667,0.0224,0.12026666666666666,0.02712,0.016306666666666667,0.015813333333333332,0.014906666666666667,0.11757333333333334,0.01696,0.019946666666666668,0.0,0.019573333333333335,0.030306666666666666,0.015013333333333333,0.01592,0.019106666666666668,0.016,0.019573333333333335,0.0204,0.01596,0.021866666666666666,0.016133333333333333,0.017813333333333334,0.015693333333333333,0.015746666666666666,0.0288,0.0288,0.010253333333333333,0.010253333333333333,0.015893333333333332,0.022826666666666665,0.004,0.023586666666666666,0.023186666666666668,0.02024,0.015693333333333333,0.02984,0.01444,0.003946666666666667,0.014373333333333333,0.06832,0.11577333333333334,0.04784,0.05230666666666667,0.024066666666666667
Banks,0.032226,0.03236,0.33282666666666666,0.27769333333333335,0.0568,0.17736,0.10285333333333334,0.17830666666666667,0.17830666666666667,0.17830666666666667,0.17830666666666667,0.17736,0.17830666666666667,0.17736,0.28504,0.17736,0.17830666666666667,0.24542666666666665,0.19837333333333335,0.10382666666666666,0.1062,0.09797333333333333,0.010813333333333333,0.01596,0.11194666666666667,0.021853333333333332,0.0071066666666666665,0.00692,0.008733333333333333,0.10390666666666666,0.007293333333333333,0.009906666666666666,0.019573333333333335,0.0,0.024,0.00796,0.0054,0.005893333333333334,0.005026666666666666,0.0,0.00268,0.005306666666666667,0.0061333333333333335,0.00532,0.017293333333333334,0.00664,0.00644,0.020813333333333333,0.020813333333333333,0.01944,0.01944,0.006906666666666667,0.0152,0.02028,0.017213333333333334,0.01576,0.010106666666666667,0.00664,0.024,0.009586666666666667,0.019226666666666666,0.007053333333333333,0.07366666666666667,0.10721333333333333,0.05568,0.047066666666666666,0.017893333333333334
Condorcet,0.035006666666666665,0.0352,0.32456,0.2780533333333333,0.06681333333333334,0.18324,0.10930666666666666,0.18452,0.18452,0.18452,0.18452,0.18324,0.18452,0.18324,0.28504,0.18324,0.18452,0.24762666666666666,0.20365333333333333,0.11281333333333333,0.11526666666666667,0.10928,0.02732,0.028573333333333333,0.12285333333333333,0.0372,0.02628,0.02656,0.027053333333333332,0.10986666666666667,0.025933333333333333,0.02648,0.030306666666666666,0.024,0.0,0.0266,0.025813333333333334,0.024,0.025666666666666667,0.024,0.022546666666666666,0.025813333333333334,0.019906666666666666,0.025386666666666665,0.02872,0.026413333333333334,0.026306666666666666,0.0072,0.0072,0.030693333333333333,0.030693333333333333,0.0266,0.027986666666666667,0.030293333333333332,0.02852,0.027613333333333333,0.02648,0.026413333333333334,0.02988,0.02736,0.030373333333333332,0.026173333333333333,0.08353333333333333,0.11788,0.066,0.057466666666666666,0.030053333333333335
Copeland,0.025076000000000005,0.02524,0.33316,0.27786666666666665,0.05469333333333333,0.17736,0.10102666666666667,0.17788,0.17788,0.17788,0.17788,0.17736,0.17788,0.17736,0.28269333333333335,0.17736,0.17788,0.24536,0.20028,0.10321333333333334,0.10546666666666667,0.09808,0.009293333333333334,0.0156,0.11238666666666666,0.020186666666666665,0.00556,0.004933333333333333,0.00336,0.10837333333333334,0.0064266666666666665,0.009773333333333334,0.015013333333333333,0.00796,0.0266,0.0,0.0028266666666666666,0.0078,0.0031866666666666666,0.00796,0.009333333333333334,0.003693333333333333,0.010946666666666667,0.0033733333333333332,0.015093333333333334,0.004093333333333333,0.004386666666666666,0.024133333333333333,0.024133333333333333,0.01216,0.01216,0.004426666666666666,0.015373333333333333,0.018173333333333333,0.01732,0.01636,0.010186666666666667,0.004093333333333333,0.024,0.0018266666666666668,0.011533333333333333,0.004973333333333333,0.07236,0.11021333333333333,0.0538,0.04541333333333333,0.015693333333333333
Llull,0.02733133333333334,0.027453333333333333,0.33313333333333334,0.27772,0.05554666666666667,0.17698666666666665,0.10164,0.1776,0.1776,0.1776,0.1776,0.17698666666666665,0.1776,0.17698666666666665,0.28341333333333335,0.17698666666666665,0.1776,0.24512,0.19966666666666666,0.10313333333333333,0.10605333333333333,0.09744,0.008133333333333333,0.01512,0.1116,0.020293333333333333,0.00312,0.00252,0.004173333333333334,0.10694666666666666,0.003986666666666667,0.008893333333333333,0.01592,0.0054,0.025813333333333334,0.0028266666666666666,0.0,0.00504,0.0003733333333333333,0.0054,0.006693333333333333,0.001,0.00936,0.0006133333333333334,0.0146,0.0015866666666666666,0.00188,0.02312,0.02312,0.014546666666666666,0.014546666666666666,0.0019466666666666666,0.014533333333333334,0.019026666666666667,0.01668,0.015533333333333333,0.009266666666666666,0.0015866666666666666,0.023626666666666667,0.004426666666666666,0.014253333333333333,0.00264,0.07305333333333333,0.10944,0.05450666666666667,0.04529333333333333,0.01732
