,NN,Min Violations Committee,Max Violations Committee,Random Choice,Borda ranking,Plurality ranking,STV,Approval Voting (AV),Proportional Approval Voting (PAV),Approval Chamberlin-Courant (CC),Lexicographic Chamberlin-Courant (lex-CC),Sequential Approval Chamberlin-Courant (seq-CC),Monroe's Approval Rule (Monroe),Greedy Monroe,Minimax Approval Voting (MAV),Method of Equal Shares (aka Rule X) with Phragmén phase,E Pluribus Hugo (EPH),Random Serial Dictator
Min Violations Committee,0.008881333333333335,0.0,0.6368133333333333,0.44470666666666664,0.08145333333333334,0.26266666666666666,0.18949333333333335,0.1462,0.18081333333333333,0.29104,0.25406666666666666,0.28670666666666667,0.2316,0.22741333333333333,0.3563866666666667,0.18330666666666667,0.15369333333333332,0.3104266666666667
Max Violations Committee,0.6361366666666666,0.6368133333333333,0.0,0.44478666666666666,0.6232,0.5759733333333333,0.6058933333333333,0.6292133333333333,0.6083333333333333,0.572,0.5833333333333334,0.5582666666666667,0.6003066666666667,0.58052,0.5250266666666666,0.6040533333333333,0.62608,0.5439466666666667
Random Choice,0.44483066666666665,0.44470666666666664,0.44478666666666666,0.0,0.4448933333333333,0.44253333333333333,0.44462666666666667,0.44538666666666665,0.4451866666666667,0.44276,0.44390666666666667,0.44344,0.44461333333333336,0.4440133333333333,0.4467466666666667,0.4447333333333333,0.44553333333333334,0.44537333333333334
Borda ranking,0.08328333333333332,0.08145333333333334,0.6232,0.4448933333333333,0.0,0.25884,0.18061333333333332,0.15050666666666668,0.16506666666666667,0.27509333333333336,0.23266666666666666,0.26082666666666665,0.21734666666666666,0.20470666666666668,0.39428,0.16670666666666667,0.151,0.31124
Plurality ranking,0.26365133333333324,0.26266666666666666,0.5759733333333333,0.44253333333333333,0.25884,0.0,0.15822666666666665,0.23581333333333335,0.26438666666666666,0.3409466666666667,0.3139733333333333,0.3132666666666667,0.29364,0.29257333333333335,0.42292,0.2632933333333333,0.24064,0.34561333333333333
STV,0.19028533333333333,0.18949333333333335,0.6058933333333333,0.44462666666666667,0.18061333333333332,0.15822666666666665,0.0,0.17732,0.18561333333333332,0.28114666666666666,0.24622666666666668,0.27845333333333333,0.22112,0.22172,0.38722666666666666,0.18716,0.17674666666666666,0.31784
Approval Voting (AV),0.147302,0.1462,0.6292133333333333,0.44538666666666665,0.15050666666666668,0.23581333333333335,0.17732,0.0,0.09764,0.23077333333333333,0.18378666666666665,0.22545333333333334,0.16906666666666667,0.16412,0.38150666666666666,0.10649333333333333,0.030106666666666667,0.29674666666666666
Proportional Approval Voting (PAV),0.18221133333333334,0.18081333333333333,0.6083333333333333,0.4451866666666667,0.16506666666666667,0.26438666666666666,0.18561333333333332,0.09764,0.0,0.14636,0.09493333333333333,0.15948,0.08769333333333333,0.09673333333333334,0.3818933333333333,0.03972,0.07944,0.30288
Approval Chamberlin-Courant (CC),0.2919386666666667,0.29104,0.572,0.44276,0.27509333333333336,0.3409466666666667,0.28114666666666666,0.23077333333333333,0.14636,0.0,0.0562,0.17290666666666665,0.09309333333333333,0.14936,0.37184,0.16421333333333332,0.21601333333333333,0.35052
Lexicographic Chamberlin-Courant (lex-CC),0.25539,0.25406666666666666,0.5833333333333334,0.44390666666666667,0.23266666666666666,0.3139733333333333,0.24622666666666668,0.18378666666666665,0.09493333333333333,0.0562,0.0,0.12470666666666666,0.08782666666666666,0.10389333333333334,0.3784,0.11374666666666666,0.1678,0.32341333333333333
Sequential Approval Chamberlin-Courant (seq-CC),0.288192,0.28670666666666667,0.5582666666666667,0.44344,0.26082666666666665,0.3132666666666667,0.27845333333333333,0.22545333333333334,0.15948,0.17290666666666665,0.12470666666666666,0.0,0.18825333333333333,0.07461333333333334,0.43164,0.12868,0.20916,0.35029333333333335
Monroe's Approval Rule (Monroe),0.23251533333333332,0.2316,0.6003066666666667,0.44461333333333336,0.21734666666666666,0.29364,0.22112,0.16906666666666667,0.08769333333333333,0.09309333333333333,0.08782666666666666,0.18825333333333333,0.0,0.12437333333333334,0.36274666666666666,0.10501333333333333,0.1544,0.3142933333333333
Greedy Monroe,0.22895,0.22741333333333333,0.58052,0.4440133333333333,0.20470666666666668,0.29257333333333335,0.22172,0.16412,0.09673333333333334,0.14936,0.10389333333333334,0.07461333333333334,0.12437333333333334,0.0,0.40308,0.0682,0.1476,0.31392
Minimax Approval Voting (MAV),0.35361133333333333,0.3563866666666667,0.5250266666666666,0.4467466666666667,0.39428,0.42292,0.38722666666666666,0.38150666666666666,0.3818933333333333,0.37184,0.3784,0.43164,0.36274666666666666,0.40308,0.0,0.39422666666666667,0.3847333333333333,0.39465333333333336
Method of Equal Shares (aka Rule X) with Phragmén phase,0.18490600000000001,0.18330666666666667,0.6040533333333333,0.4447333333333333,0.16670666666666667,0.2632933333333333,0.18716,0.10649333333333333,0.03972,0.16421333333333332,0.11374666666666666,0.12868,0.10501333333333333,0.0682,0.39422666666666667,0.0,0.08796,0.30349333333333334
E Pluribus Hugo (EPH),0.15484866666666666,0.15369333333333332,0.62608,0.44553333333333334,0.151,0.24064,0.17674666666666666,0.030106666666666667,0.07944,0.21601333333333333,0.1678,0.20916,0.1544,0.1476,0.3847333333333333,0.08796,0.0,0.29849333333333333
Random Serial Dictator,0.31098400000000004,0.3104266666666667,0.5439466666666667,0.44537333333333334,0.31124,0.34561333333333333,0.31784,0.29674666666666666,0.30288,0.35052,0.32341333333333333,0.35029333333333335,0.3142933333333333,0.31392,0.39465333333333336,0.30349333333333334,0.29849333333333333,0.0
NN,,0.008881333333333335,0.6361366666666666,0.44483066666666665,0.08328333333333332,0.26365133333333324,0.19028533333333333,0.147302,0.18221133333333334,0.2919386666666667,0.25539,0.288192,0.23251533333333332,0.22895,0.35361133333333333,0.18490600000000001,0.15484866666666666,0.31098400000000004
