,NN,Min Violations Committee,Max Violations Committee,Random Choice,Borda ranking,Plurality ranking,STV,Approval Voting (AV),Proportional Approval Voting (PAV),Approval Chamberlin-Courant (CC),Lexicographic Chamberlin-Courant (lex-CC),Sequential Approval Chamberlin-Courant (seq-CC),Monroe's Approval Rule (Monroe),Greedy Monroe,Minimax Approval Voting (MAV),Method of Equal Shares (aka Rule X) with Phragmén phase,E Pluribus Hugo (EPH),Random Serial Dictator,Anti-Plurality,Two-Approval,Three-Approval,Instant Runoff,Bottom-Two-Runoff Instant Runoff,Benham,PluralityWRunoff PUT,Coombs,Baldwin,Strict Nanson,Weak Nanson,Iterated Removal Condorcet Loser,Raynaud,Tideman Alternative Top Cycle,Knockout Voting,Banks,Condorcet,Copeland,Llull,Uncovered Set,Uncovered Set - Fishburn,Uncovered Set - Bordes,Uncovered Set - McKelvey,Slater,Top Cycle,GOCHA,Bipartisan Set,Minimax,Split Cycle,Ranked Pairs ZT,Ranked Pairs TB,Simple Stable Voting,Stable Voting,Loss-Trimmer Voting,Daunou,Blacks,Condorcet IRV,Condorcet IRV PUT,Smith IRV,Smith-Minimax,Condorcet Plurality,Copeland-Local-Borda,Copeland-Global-Borda,Borda-Minimax Faceoff,Bucklin,Simplified Bucklin,Weighted Bucklin,Bracket Voting,Superior Voting
Min Violations Committee,0.0003328,0.0,0.4,0.32136,0.064176,0.1804,0.08368,0.17896,0.17896,0.17896,0.17896,0.1804,0.17896,0.1804,0.312112,0.1804,0.17896,0.275312,0.216816,0.101632,0.152976,0.100864,0.030432,0.027008,0.112272,0.03912,0.03136,0.030704,0.028736,0.109744,0.032016,0.033104,0.018672,0.03512,0.03744,0.028768,0.031008,0.035104,0.031008,0.03512,0.036384,0.031264,0.036608,0.031024,0.019552,0.030688,0.03096,0.037008,0.037008,0.016816,0.016816,0.030448,0.031376,0.021392,0.027776,0.028704,0.0332,0.030688,0.02528,0.02792,0.01736,0.031136,0.084288,0.12656,0.057664,0.034672,0.020512
Max Violations Committee,0.3999824,0.4,0.0,0.320864,0.398704,0.38584,0.397984,0.387136,0.387136,0.387136,0.387136,0.38584,0.387136,0.38584,0.329408,0.38584,0.387136,0.350224,0.392928,0.397344,0.396048,0.396544,0.399696,0.399552,0.395968,0.399488,0.399824,0.399856,0.399904,0.366992,0.399808,0.399696,0.399808,0.39936,0.390528,0.399824,0.399776,0.39944,0.399728,0.39936,0.399104,0.399776,0.39848,0.399696,0.3996,0.399872,0.399856,0.39544,0.39544,0.399952,0.399952,0.399856,0.39936,0.399744,0.399392,0.39944,0.399584,0.399872,0.398672,0.399904,0.399936,0.399824,0.39808,0.394336,0.398896,0.399392,0.399776
Random Choice,0.3213856,0.32136,0.320864,0.0,0.320848,0.320928,0.32136,0.320912,0.320912,0.320912,0.320912,0.320928,0.320912,0.320928,0.318464,0.320928,0.320912,0.320304,0.320768,0.320192,0.320848,0.321072,0.320992,0.320384,0.321152,0.320816,0.321056,0.32104,0.320848,0.320576,0.321008,0.32056,0.321216,0.32072,0.320784,0.320768,0.320896,0.32088,0.320912,0.32072,0.320672,0.320864,0.320512,0.320944,0.321472,0.320992,0.320992,0.320656,0.320656,0.320864,0.320864,0.321024,0.32104,0.321184,0.32056,0.320496,0.320688,0.320992,0.320608,0.3208,0.321232,0.320944,0.319952,0.321024,0.321024,0.32088,0.3204
Borda ranking,0.0640944,0.064176,0.398704,0.320848,0.0,0.215312,0.125888,0.215088,0.215088,0.215088,0.215088,0.215312,0.215088,0.215312,0.32112,0.215312,0.215088,0.283936,0.176976,0.092576,0.110528,0.129296,0.063968,0.066768,0.146064,0.064368,0.063264,0.062768,0.062096,0.130736,0.063648,0.064992,0.046336,0.063584,0.073184,0.061744,0.062544,0.064416,0.062624,0.063584,0.064432,0.062688,0.065408,0.06264,0.064288,0.06232,0.062464,0.071152,0.071152,0.05568,0.05568,0.062672,0.066144,0.042784,0.067088,0.067056,0.065024,0.06232,0.074576,0.061488,0.049136,0.060832,0.080448,0.124528,0.056832,0.08528,0.069408
Plurality ranking,0.18042879999999997,0.1804,0.38584,0.320928,0.215312,0.0,0.140784,0.027408,0.027408,0.027408,0.027408,0.0,0.027408,0.0,0.32704,0.0,0.027408,0.255488,0.307024,0.226656,0.28352,0.135056,0.176368,0.173648,0.116832,0.187872,0.178448,0.178624,0.178864,0.206352,0.17856,0.177456,0.18584,0.179456,0.186384,0.179408,0.178912,0.179168,0.17888,0.179456,0.179536,0.178704,0.18024,0.17896,0.179776,0.178704,0.178624,0.184288,0.184288,0.183792,0.183792,0.178768,0.171632,0.186992,0.17256,0.173168,0.17728,0.178704,0.1552,0.179232,0.184752,0.179232,0.222624,0.215968,0.194976,0.159248,0.1688
STV,0.08369679999999999,0.08368,0.397984,0.32136,0.125888,0.140784,0.0,0.13832,0.13832,0.13832,0.13832,0.140784,0.13832,0.140784,0.312224,0.140784,0.13832,0.264912,0.25016,0.150112,0.206464,0.034576,0.094048,0.08792,0.075872,0.105328,0.0968,0.09632,0.09544,0.154848,0.097232,0.094768,0.092544,0.097952,0.10368,0.095648,0.096512,0.09936,0.096592,0.097952,0.099136,0.09656,0.099744,0.096608,0.091744,0.09608,0.096208,0.102688,0.102688,0.092032,0.092032,0.09624,0.09328,0.093456,0.08656,0.087824,0.094512,0.09608,0.087536,0.095456,0.09192,0.096704,0.140896,0.162528,0.114512,0.073248,0.083872
Approval Voting (AV),0.17900399999999997,0.17896,0.387136,0.320912,0.215088,0.027408,0.13832,0.0,0.0,0.0,0.0,0.027408,0.0,0.027408,0.31552,0.027408,0.0,0.255008,0.310816,0.227232,0.283616,0.135968,0.17688,0.174192,0.119648,0.18792,0.179104,0.179248,0.179296,0.210928,0.179312,0.178208,0.185392,0.180384,0.187056,0.179952,0.179616,0.180112,0.179584,0.180384,0.180496,0.179376,0.181184,0.179648,0.17968,0.179376,0.179296,0.185184,0.185184,0.183472,0.183472,0.179424,0.172176,0.186384,0.173072,0.173824,0.178,0.179376,0.157568,0.179632,0.184304,0.179888,0.223008,0.221056,0.194992,0.15888,0.169216
Proportional Approval Voting (PAV),0.17900399999999997,0.17896,0.387136,0.320912,0.215088,0.027408,0.13832,0.0,0.0,0.0,0.0,0.027408,0.0,0.027408,0.31552,0.027408,0.0,0.255008,0.310816,0.227232,0.283616,0.135968,0.17688,0.174192,0.119648,0.18792,0.179104,0.179248,0.179296,0.210928,0.179312,0.178208,0.185392,0.180384,0.187056,0.179952,0.179616,0.180112,0.179584,0.180384,0.180496,0.179376,0.181184,0.179648,0.17968,0.179376,0.179296,0.185184,0.185184,0.183472,0.183472,0.179424,0.172176,0.186384,0.173072,0.173824,0.178,0.179376,0.157568,0.179632,0.184304,0.179888,0.223008,0.221056,0.194992,0.15888,0.169216
Approval Chamberlin-Courant (CC),0.17900399999999997,0.17896,0.387136,0.320912,0.215088,0.027408,0.13832,0.0,0.0,0.0,0.0,0.027408,0.0,0.027408,0.31552,0.027408,0.0,0.255008,0.310816,0.227232,0.283616,0.135968,0.17688,0.174192,0.119648,0.18792,0.179104,0.179248,0.179296,0.210928,0.179312,0.178208,0.185392,0.180384,0.187056,0.179952,0.179616,0.180112,0.179584,0.180384,0.180496,0.179376,0.181184,0.179648,0.17968,0.179376,0.179296,0.185184,0.185184,0.183472,0.183472,0.179424,0.172176,0.186384,0.173072,0.173824,0.178,0.179376,0.157568,0.179632,0.184304,0.179888,0.223008,0.221056,0.194992,0.15888,0.169216
Lexicographic Chamberlin-Courant (lex-CC),0.17900399999999997,0.17896,0.387136,0.320912,0.215088,0.027408,0.13832,0.0,0.0,0.0,0.0,0.027408,0.0,0.027408,0.31552,0.027408,0.0,0.255008,0.310816,0.227232,0.283616,0.135968,0.17688,0.174192,0.119648,0.18792,0.179104,0.179248,0.179296,0.210928,0.179312,0.178208,0.185392,0.180384,0.187056,0.179952,0.179616,0.180112,0.179584,0.180384,0.180496,0.179376,0.181184,0.179648,0.17968,0.179376,0.179296,0.185184,0.185184,0.183472,0.183472,0.179424,0.172176,0.186384,0.173072,0.173824,0.178,0.179376,0.157568,0.179632,0.184304,0.179888,0.223008,0.221056,0.194992,0.15888,0.169216
Sequential Approval Chamberlin-Courant (seq-CC),0.18042879999999997,0.1804,0.38584,0.320928,0.215312,0.0,0.140784,0.027408,0.027408,0.027408,0.027408,0.0,0.027408,0.0,0.32704,0.0,0.027408,0.255488,0.307024,0.226656,0.28352,0.135056,0.176368,0.173648,0.116832,0.187872,0.178448,0.178624,0.178864,0.206352,0.17856,0.177456,0.18584,0.179456,0.186384,0.179408,0.178912,0.179168,0.17888,0.179456,0.179536,0.178704,0.18024,0.17896,0.179776,0.178704,0.178624,0.184288,0.184288,0.183792,0.183792,0.178768,0.171632,0.186992,0.17256,0.173168,0.17728,0.178704,0.1552,0.179232,0.184752,0.179232,0.222624,0.215968,0.194976,0.159248,0.1688
Monroe's Approval Rule (Monroe),0.17900399999999997,0.17896,0.387136,0.320912,0.215088,0.027408,0.13832,0.0,0.0,0.0,0.0,0.027408,0.0,0.027408,0.31552,0.027408,0.0,0.255008,0.310816,0.227232,0.283616,0.135968,0.17688,0.174192,0.119648,0.18792,0.179104,0.179248,0.179296,0.210928,0.179312,0.178208,0.185392,0.180384,0.187056,0.179952,0.179616,0.180112,0.179584,0.180384,0.180496,0.179376,0.181184,0.179648,0.17968,0.179376,0.179296,0.185184,0.185184,0.183472,0.183472,0.179424,0.172176,0.186384,0.173072,0.173824,0.178,0.179376,0.157568,0.179632,0.184304,0.179888,0.223008,0.221056,0.194992,0.15888,0.169216
Greedy Monroe,0.18042879999999997,0.1804,0.38584,0.320928,0.215312,0.0,0.140784,0.027408,0.027408,0.027408,0.027408,0.0,0.027408,0.0,0.32704,0.0,0.027408,0.255488,0.307024,0.226656,0.28352,0.135056,0.176368,0.173648,0.116832,0.187872,0.178448,0.178624,0.178864,0.206352,0.17856,0.177456,0.18584,0.179456,0.186384,0.179408,0.178912,0.179168,0.17888,0.179456,0.179536,0.178704,0.18024,0.17896,0.179776,0.178704,0.178624,0.184288,0.184288,0.183792,0.183792,0.178768,0.171632,0.186992,0.17256,0.173168,0.17728,0.178704,0.1552,0.179232,0.184752,0.179232,0.222624,0.215968,0.194976,0.159248,0.1688
Minimax Approval Voting (MAV),0.31219759999999996,0.312112,0.329408,0.318464,0.32112,0.32704,0.312224,0.31552,0.31552,0.31552,0.31552,0.32704,0.31552,0.32704,0.0,0.32704,0.31552,0.321072,0.36416,0.3244,0.323296,0.324112,0.324816,0.323104,0.327872,0.323872,0.325744,0.325504,0.324752,0.3472,0.326,0.325712,0.31976,0.327632,0.327632,0.32496,0.325888,0.327632,0.325888,0.327632,0.327632,0.325952,0.327632,0.325904,0.321664,0.325632,0.32576,0.327632,0.327632,0.319856,0.319856,0.32544,0.323264,0.319952,0.323008,0.3236,0.32568,0.325632,0.320592,0.324288,0.319792,0.325744,0.32288,0.3524,0.321008,0.319936,0.320224
Method of Equal Shares (aka Rule X) with Phragmén phase,0.18042879999999997,0.1804,0.38584,0.320928,0.215312,0.0,0.140784,0.027408,0.027408,0.027408,0.027408,0.0,0.027408,0.0,0.32704,0.0,0.027408,0.255488,0.307024,0.226656,0.28352,0.135056,0.176368,0.173648,0.116832,0.187872,0.178448,0.178624,0.178864,0.206352,0.17856,0.177456,0.18584,0.179456,0.186384,0.179408,0.178912,0.179168,0.17888,0.179456,0.179536,0.178704,0.18024,0.17896,0.179776,0.178704,0.178624,0.184288,0.184288,0.183792,0.183792,0.178768,0.171632,0.186992,0.17256,0.173168,0.17728,0.178704,0.1552,0.179232,0.184752,0.179232,0.222624,0.215968,0.194976,0.159248,0.1688
E Pluribus Hugo (EPH),0.17900399999999997,0.17896,0.387136,0.320912,0.215088,0.027408,0.13832,0.0,0.0,0.0,0.0,0.027408,0.0,0.027408,0.31552,0.027408,0.0,0.255008,0.310816,0.227232,0.283616,0.135968,0.17688,0.174192,0.119648,0.18792,0.179104,0.179248,0.179296,0.210928,0.179312,0.178208,0.185392,0.180384,0.187056,0.179952,0.179616,0.180112,0.179584,0.180384,0.180496,0.179376,0.181184,0.179648,0.17968,0.179376,0.179296,0.185184,0.185184,0.183472,0.183472,0.179424,0.172176,0.186384,0.173072,0.173824,0.178,0.179376,0.157568,0.179632,0.184304,0.179888,0.223008,0.221056,0.194992,0.15888,0.169216
Random Serial Dictator,0.27535200000000004,0.275312,0.350224,0.320304,0.283936,0.255488,0.264912,0.255008,0.255008,0.255008,0.255008,0.255488,0.255008,0.255488,0.321072,0.255488,0.255008,0.0,0.315536,0.287072,0.305248,0.264288,0.27424,0.273488,0.261664,0.277136,0.274704,0.27472,0.275008,0.283728,0.274624,0.274304,0.276448,0.275184,0.277216,0.27528,0.275168,0.274992,0.27512,0.275184,0.2752,0.27496,0.275504,0.275168,0.27488,0.274816,0.27472,0.276416,0.276416,0.275904,0.275904,0.274864,0.274048,0.277008,0.2732,0.27328,0.27432,0.274816,0.271968,0.275136,0.276288,0.274976,0.284608,0.28392,0.278496,0.270288,0.273952
Anti-Plurality,0.2168616,0.216816,0.392928,0.320768,0.176976,0.307024,0.25016,0.310816,0.310816,0.310816,0.310816,0.307024,0.310816,0.307024,0.36416,0.307024,0.310816,0.315536,0.0,0.201952,0.160496,0.24624,0.209264,0.213264,0.261856,0.207216,0.2076,0.207504,0.207696,0.223152,0.20776,0.20872,0.20424,0.206672,0.21328,0.207216,0.207152,0.20736,0.207184,0.206672,0.206816,0.207344,0.206576,0.207232,0.211584,0.207232,0.207312,0.210416,0.210416,0.208496,0.208496,0.20744,0.211264,0.201856,0.213664,0.212992,0.20872,0.207232,0.221328,0.207376,0.205904,0.206224,0.198592,0.195648,0.201008,0.227024,0.216768
Two-Approval,0.10158959999999999,0.101632,0.397344,0.320192,0.092576,0.226656,0.150112,0.227232,0.227232,0.227232,0.227232,0.226656,0.227232,0.226656,0.3244,0.226656,0.227232,0.287072,0.201952,0.0,0.173968,0.152608,0.099792,0.103104,0.167728,0.101584,0.098656,0.09848,0.09816,0.155616,0.098928,0.100112,0.095776,0.099104,0.107984,0.09808,0.098464,0.099264,0.09856,0.099104,0.099376,0.098416,0.100048,0.098608,0.100624,0.098416,0.098352,0.105936,0.105936,0.095776,0.095776,0.098592,0.102384,0.09664,0.103088,0.102784,0.100064,0.098416,0.107616,0.097968,0.095584,0.098496,0.030096,0.08648,0.085648,0.116096,0.104832
Three-Approval,0.1528624,0.152976,0.396048,0.320848,0.110528,0.28352,0.206464,0.283616,0.283616,0.283616,0.283616,0.28352,0.283616,0.28352,0.323296,0.28352,0.283616,0.305248,0.160496,0.173968,0.0,0.20944,0.153472,0.156624,0.227584,0.147696,0.152032,0.151648,0.151088,0.19728,0.152224,0.153536,0.143056,0.151728,0.159552,0.150752,0.151472,0.152384,0.151536,0.151728,0.151952,0.15168,0.15256,0.151536,0.15248,0.15144,0.151488,0.157488,0.157488,0.146784,0.146784,0.1516,0.155328,0.140944,0.157232,0.15704,0.153664,0.15144,0.163568,0.150832,0.144352,0.150608,0.156272,0.192208,0.137936,0.17376,0.158528
Instant Runoff,0.10093520000000002,0.100864,0.396544,0.321072,0.129296,0.135056,0.034576,0.135968,0.135968,0.135968,0.135968,0.135056,0.135968,0.135056,0.324112,0.135056,0.135968,0.264288,0.24624,0.152608,0.20944,0.0,0.084224,0.075264,0.056256,0.101456,0.087536,0.087712,0.088432,0.140336,0.087408,0.083088,0.096336,0.088912,0.101136,0.08896,0.088032,0.08832,0.088112,0.088912,0.088816,0.087984,0.089632,0.08816,0.094304,0.087664,0.087696,0.098272,0.098272,0.095696,0.095696,0.087872,0.087984,0.097488,0.073184,0.075392,0.082672,0.087664,0.090544,0.0888,0.095488,0.087984,0.144352,0.156368,0.117344,0.076624,0.087456
Bottom-Two-Runoff Instant Runoff,0.0304336,0.030432,0.399696,0.320992,0.063968,0.176368,0.094048,0.17688,0.17688,0.17688,0.17688,0.176368,0.17688,0.176368,0.324816,0.176368,0.17688,0.27424,0.209264,0.099792,0.153472,0.084224,0.0,0.010224,0.097248,0.023872,0.006464,0.00648,0.007552,0.086528,0.00664,0.006896,0.01912,0.009136,0.025584,0.008224,0.006896,0.008288,0.006912,0.009136,0.009568,0.006672,0.01136,0.006928,0.019248,0.006624,0.006592,0.022208,0.022208,0.01792,0.01792,0.006736,0.01008,0.021184,0.01104,0.010512,0.007136,0.006624,0.021168,0.007952,0.017872,0.006944,0.08408,0.11352,0.05728,0.033088,0.017632
Benham,0.026986399999999997,0.027008,0.399552,0.320384,0.066768,0.173648,0.08792,0.174192,0.174192,0.174192,0.174192,0.173648,0.174192,0.173648,0.323104,0.173648,0.174192,0.273488,0.213264,0.103104,0.156624,0.075264,0.010224,0.0,0.092496,0.029536,0.013392,0.013488,0.014272,0.09064,0.013296,0.009024,0.022592,0.014944,0.027888,0.01472,0.01392,0.014432,0.013984,0.014944,0.014992,0.013888,0.015904,0.014016,0.020464,0.013552,0.0136,0.024976,0.024976,0.021552,0.021552,0.013648,0.014736,0.023984,0.00208,0.00392,0.009264,0.013552,0.018448,0.014624,0.021504,0.013968,0.087184,0.117424,0.059616,0.028144,0.01232
PluralityWRunoff PUT,0.11236480000000001,0.112272,0.395968,0.321152,0.146064,0.116832,0.075872,0.119648,0.119648,0.119648,0.119648,0.116832,0.119648,0.116832,0.327872,0.116832,0.119648,0.261664,0.261856,0.167728,0.227584,0.056256,0.097248,0.092496,0.0,0.11256,0.099248,0.099424,0.100336,0.144864,0.099024,0.097008,0.109712,0.10008,0.112176,0.1008,0.099696,0.099632,0.099696,0.10008,0.099984,0.099616,0.100784,0.099744,0.10536,0.0996,0.099536,0.109168,0.109168,0.107952,0.107952,0.0996,0.099456,0.111088,0.09216,0.09232,0.096992,0.0996,0.10016,0.100864,0.10848,0.100128,0.161168,0.169056,0.133872,0.087584,0.097264
Coombs,0.0391264,0.03912,0.399488,0.320816,0.064368,0.187872,0.105328,0.18792,0.18792,0.18792,0.18792,0.187872,0.18792,0.187872,0.323872,0.187872,0.18792,0.277136,0.207216,0.101584,0.147696,0.101456,0.023872,0.029536,0.11256,0.0,0.02016,0.019792,0.019424,0.09472,0.020416,0.024752,0.027712,0.021232,0.036144,0.019392,0.019984,0.021344,0.02008,0.021232,0.021808,0.019888,0.022832,0.020112,0.02968,0.019696,0.019648,0.033024,0.033024,0.0268,0.0268,0.019824,0.02824,0.028608,0.030128,0.029248,0.02488,0.019696,0.036816,0.019008,0.026816,0.019552,0.082736,0.11584,0.059472,0.048176,0.032528
Baldwin,0.0314168,0.03136,0.399824,0.321056,0.063264,0.178448,0.0968,0.179104,0.179104,0.179104,0.179104,0.178448,0.179104,0.178448,0.325744,0.178448,0.179104,0.274704,0.2076,0.098656,0.152032,0.087536,0.006464,0.013392,0.099248,0.02016,0.0,0.00104,0.004384,0.084912,0.00096,0.006816,0.01768,0.006384,0.024768,0.005456,0.00312,0.005312,0.003152,0.006384,0.00704,0.002992,0.009376,0.003216,0.018048,0.001904,0.001728,0.021232,0.021232,0.01592,0.01592,0.001568,0.011696,0.02048,0.014352,0.013152,0.007088,0.001904,0.023248,0.00544,0.016656,0.0028,0.082192,0.111968,0.056464,0.034608,0.018896
Strict Nanson,0.030759200000000004,0.030704,0.399856,0.32104,0.062768,0.178624,0.09632,0.179248,0.179248,0.179248,0.179248,0.178624,0.179248,0.178624,0.325504,0.178624,0.179248,0.27472,0.207504,0.09848,0.151648,0.087712,0.00648,0.013488,0.099424,0.019792,0.00104,0.0,0.00344,0.085392,0.001904,0.007152,0.01704,0.006304,0.025104,0.004848,0.002496,0.006096,0.002608,0.006304,0.007584,0.002208,0.009856,0.002672,0.01816,0.001088,0.000912,0.021648,0.021648,0.015072,0.015072,0.001136,0.011888,0.019984,0.014528,0.013424,0.00744,0.001088,0.023424,0.00448,0.015872,0.002208,0.081792,0.111968,0.05584,0.034528,0.018688
Weak Nanson,0.028781599999999997,0.028736,0.399904,0.320848,0.062096,0.178864,0.09544,0.179296,0.179296,0.179296,0.179296,0.178864,0.179296,0.178864,0.324752,0.178864,0.179296,0.275008,0.207696,0.09816,0.151088,0.088432,0.007552,0.014272,0.100336,0.019424,0.004384,0.00344,0.0,0.086752,0.005184,0.00824,0.016208,0.008352,0.026032,0.00312,0.004608,0.008192,0.004736,0.008352,0.009632,0.004288,0.011232,0.004784,0.018416,0.003328,0.003184,0.022784,0.022784,0.012992,0.012992,0.004352,0.01232,0.019312,0.015248,0.014272,0.008544,0.003328,0.023664,0.001744,0.013696,0.004416,0.08112,0.112384,0.054976,0.03472,0.017744
Iterated Removal Condorcet Loser,0.1098128,0.109744,0.366992,0.320576,0.130736,0.206352,0.154848,0.210928,0.210928,0.210928,0.210928,0.206352,0.210928,0.206352,0.3472,0.206352,0.210928,0.283728,0.223152,0.155616,0.19728,0.140336,0.086528,0.09064,0.144864,0.09472,0.084912,0.085392,0.086752,0.0,0.084512,0.084832,0.096528,0.08064,0.088656,0.085296,0.083648,0.081056,0.083424,0.08064,0.078544,0.083584,0.075648,0.083248,0.093792,0.085152,0.08504,0.085312,0.085312,0.097184,0.097184,0.085184,0.08792,0.096848,0.090976,0.089456,0.084816,0.085152,0.098816,0.08704,0.096608,0.084656,0.145664,0.152176,0.125808,0.107584,0.0968
Raynaud,0.0320712,0.032016,0.399808,0.321008,0.063648,0.17856,0.097232,0.179312,0.179312,0.179312,0.179312,0.17856,0.179312,0.17856,0.326,0.17856,0.179312,0.274624,0.20776,0.098928,0.152224,0.087408,0.00664,0.013296,0.099024,0.020416,0.00096,0.001904,0.005184,0.084512,0.0,0.006704,0.018176,0.006576,0.024464,0.006176,0.003856,0.004672,0.003856,0.006576,0.006624,0.003664,0.00896,0.003888,0.018048,0.002832,0.002688,0.020816,0.020816,0.016848,0.016848,0.001984,0.01176,0.020864,0.014224,0.01296,0.007008,0.002832,0.02336,0.006288,0.017344,0.003344,0.08256,0.112112,0.057056,0.034928,0.01936
Tideman Alternative Top Cycle,0.033122399999999996,0.033104,0.399696,0.32056,0.064992,0.177456,0.094768,0.178208,0.178208,0.178208,0.178208,0.177456,0.178208,0.177456,0.325712,0.177456,0.178208,0.274304,0.20872,0.100112,0.153536,0.083088,0.006896,0.009024,0.097008,0.024752,0.006816,0.007152,0.00824,0.084832,0.006704,0.0,0.020656,0.008608,0.024784,0.0088,0.007648,0.007616,0.00768,0.008608,0.0084,0.007552,0.009264,0.007712,0.019968,0.007328,0.007312,0.021088,0.021088,0.019696,0.019696,0.00736,0.010176,0.022208,0.009904,0.008944,0.000496,0.007328,0.022256,0.008816,0.019856,0.007568,0.084304,0.11312,0.058272,0.0344,0.018336
Knockout Voting,0.0186024,0.018672,0.399808,0.321216,0.046336,0.18584,0.092544,0.185392,0.185392,0.185392,0.185392,0.18584,0.185392,0.18584,0.31976,0.18584,0.185392,0.276448,0.20424,0.095776,0.143056,0.096336,0.01912,0.022592,0.109712,0.027712,0.01768,0.01704,0.016208,0.096528,0.018176,0.020656,0.0,0.020192,0.030448,0.015968,0.016976,0.01992,0.01704,0.020192,0.02096,0.016944,0.022256,0.017104,0.019344,0.016688,0.016832,0.028448,0.028448,0.009856,0.009856,0.017024,0.02232,0.003552,0.023152,0.023088,0.020816,0.016688,0.03064,0.015488,0.003424,0.015472,0.0772,0.116848,0.0492,0.041424,0.025296
Banks,0.0351744,0.03512,0.39936,0.32072,0.063584,0.179456,0.097952,0.180384,0.180384,0.180384,0.180384,0.179456,0.180384,0.179456,0.327632,0.179456,0.180384,0.275184,0.206672,0.099104,0.151728,0.088912,0.009136,0.014944,0.10008,0.021232,0.006384,0.006304,0.008352,0.08064,0.006576,0.008608,0.020192,0.0,0.021664,0.006928,0.004512,0.005216,0.004256,0.0,0.002352,0.00448,0.005056,0.00432,0.018448,0.006048,0.005936,0.017584,0.017584,0.020224,0.020224,0.006112,0.013232,0.0208,0.015728,0.014256,0.008832,0.006048,0.024256,0.008832,0.019648,0.006528,0.08256,0.110304,0.05752,0.036272,0.019584
Condorcet,0.037458399999999996,0.03744,0.390528,0.320784,0.073184,0.186384,0.10368,0.187056,0.187056,0.187056,0.187056,0.186384,0.187056,0.186384,0.327632,0.186384,0.187056,0.277216,0.21328,0.107984,0.159552,0.101136,0.025584,0.027888,0.112176,0.036144,0.024768,0.025104,0.026032,0.088656,0.024464,0.024784,0.030448,0.021664,0.0,0.025056,0.023904,0.021872,0.023696,0.021664,0.02008,0.02384,0.017984,0.023552,0.0284,0.02496,0.02488,0.007568,0.007568,0.030912,0.030912,0.025008,0.027088,0.0304,0.027952,0.026928,0.024736,0.02496,0.031184,0.026224,0.030576,0.024576,0.091952,0.120608,0.066976,0.046496,0.031184
Copeland,0.0288248,0.028768,0.399824,0.320768,0.061744,0.179408,0.095648,0.179952,0.179952,0.179952,0.179952,0.179408,0.179952,0.179408,0.32496,0.179408,0.179952,0.27528,0.207216,0.09808,0.150752,0.08896,0.008224,0.01472,0.1008,0.019392,0.005456,0.004848,0.00312,0.085296,0.006176,0.0088,0.015968,0.006928,0.025056,0.0,0.002736,0.006944,0.002944,0.006928,0.00824,0.00328,0.009792,0.003056,0.0164,0.004112,0.004368,0.021648,0.021648,0.013584,0.013584,0.004336,0.013184,0.01896,0.015776,0.014688,0.00912,0.004112,0.024208,0.002016,0.01296,0.004768,0.080736,0.111568,0.05488,0.034832,0.017216
Llull,0.0310648,0.031008,0.399776,0.320896,0.062544,0.178912,0.096512,0.179616,0.179616,0.179616,0.179616,0.178912,0.179616,0.178912,0.325888,0.178912,0.179616,0.275168,0.207152,0.098464,0.151472,0.088032,0.006896,0.01392,0.099696,0.019984,0.00312,0.002496,0.004608,0.083648,0.003856,0.007648,0.016976,0.004512,0.023904,0.002736,0.0,0.004368,0.000256,0.004512,0.005776,0.00072,0.008112,0.000448,0.016208,0.00168,0.001952,0.020224,0.020224,0.015968,0.015968,0.001936,0.012432,0.01976,0.014848,0.01352,0.007904,0.00168,0.023712,0.004496,0.015504,0.002544,0.081504,0.111216,0.055744,0.034512,0.018688
Uncovered Set,0.035160800000000006,0.035104,0.39944,0.32088,0.064416,0.179168,0.09936,0.180112,0.180112,0.180112,0.180112,0.179168,0.180112,0.179168,0.327632,0.179168,0.180112,0.274992,0.20736,0.099264,0.152384,0.08832,0.008288,0.014432,0.099632,0.021344,0.005312,0.006096,0.008192,0.081056,0.004672,0.007616,0.01992,0.005216,0.021872,0.006944,0.004368,0.0,0.004112,0.005216,0.002864,0.004288,0.005488,0.004304,0.01584,0.005968,0.005744,0.017792,0.017792,0.020192,0.020192,0.006048,0.012944,0.021632,0.015136,0.0136,0.007824,0.005968,0.023968,0.008736,0.019616,0.005712,0.082976,0.111024,0.058,0.036112,0.021216
Uncovered Set - Fishburn,0.0310648,0.031008,0.399728,0.320912,0.062624,0.17888,0.096592,0.179584,0.179584,0.179584,0.179584,0.17888,0.179584,0.17888,0.325888,0.17888,0.179584,0.27512,0.207184,0.09856,0.151536,0.088112,0.006912,0.013984,0.099696,0.02008,0.003152,0.002608,0.004736,0.083424,0.003856,0.00768,0.01704,0.004256,0.023696,0.002944,0.000256,0.004112,0.0,0.004256,0.00552,0.00088,0.007888,0.000224,0.015952,0.001856,0.002128,0.02,0.02,0.016112,0.016112,0.001936,0.012368,0.01984,0.014928,0.013568,0.00792,0.001856,0.02368,0.00464,0.015632,0.002672,0.081584,0.111168,0.055888,0.034576,0.018784
Uncovered Set - Bordes,0.0351744,0.03512,0.39936,0.32072,0.063584,0.179456,0.097952,0.180384,0.180384,0.180384,0.180384,0.179456,0.180384,0.179456,0.327632,0.179456,0.180384,0.275184,0.206672,0.099104,0.151728,0.088912,0.009136,0.014944,0.10008,0.021232,0.006384,0.006304,0.008352,0.08064,0.006576,0.008608,0.020192,0.0,0.021664,0.006928,0.004512,0.005216,0.004256,0.0,0.002352,0.00448,0.005056,0.00432,0.018448,0.006048,0.005936,0.017584,0.017584,0.020224,0.020224,0.006112,0.013232,0.0208,0.015728,0.014256,0.008832,0.006048,0.024256,0.008832,0.019648,0.006528,0.08256,0.110304,0.05752,0.036272,0.019584
Uncovered Set - McKelvey,0.036438399999999996,0.036384,0.399104,0.320672,0.064432,0.179536,0.099136,0.180496,0.180496,0.180496,0.180496,0.179536,0.180496,0.179536,0.327632,0.179536,0.180496,0.2752,0.206816,0.099376,0.151952,0.088816,0.009568,0.014992,0.099984,0.021808,0.00704,0.007584,0.009632,0.078544,0.006624,0.0084,0.02096,0.002352,0.02008,0.00824,0.005776,0.002864,0.00552,0.002352,0.0,0.005776,0.002928,0.005616,0.017904,0.007344,0.007232,0.015712,0.015712,0.021504,0.021504,0.007408,0.013472,0.021648,0.015632,0.014032,0.008576,0.007344,0.024336,0.010112,0.020864,0.00728,0.083008,0.110128,0.058176,0.036848,0.02096
Slater,0.0313176,0.031264,0.399776,0.320864,0.062688,0.178704,0.09656,0.179376,0.179376,0.179376,0.179376,0.178704,0.179376,0.178704,0.325952,0.178704,0.179376,0.27496,0.207344,0.098416,0.15168,0.087984,0.006672,0.013888,0.099616,0.019888,0.002992,0.002208,0.004288,0.083584,0.003664,0.007552,0.016944,0.00448,0.02384,0.00328,0.00072,0.004288,0.00088,0.00448,0.005776,0.0,0.008048,0.000912,0.016512,0.002032,0.00184,0.02016,0.02016,0.016208,0.016208,0.002256,0.012176,0.019904,0.0148,0.013504,0.007808,0.002032,0.023504,0.004512,0.015792,0.00272,0.081648,0.111152,0.055904,0.034336,0.018912
Top Cycle,0.0366608,0.036608,0.39848,0.320512,0.065408,0.18024,0.099744,0.181184,0.181184,0.181184,0.181184,0.18024,0.181184,0.18024,0.327632,0.18024,0.181184,0.275504,0.206576,0.100048,0.15256,0.089632,0.01136,0.015904,0.100784,0.022832,0.009376,0.009856,0.011232,0.075648,0.00896,0.009264,0.022256,0.005056,0.017984,0.009792,0.008112,0.005488,0.007888,0.005056,0.002928,0.008048,0.0,0.007712,0.019424,0.009616,0.009504,0.013648,0.013648,0.022928,0.022928,0.009648,0.014176,0.022624,0.016448,0.014848,0.009248,0.009616,0.02504,0.011536,0.022336,0.00912,0.083968,0.110032,0.059168,0.038096,0.022448
GOCHA,0.0310808,0.031024,0.399696,0.320944,0.06264,0.17896,0.096608,0.179648,0.179648,0.179648,0.179648,0.17896,0.179648,0.17896,0.325904,0.17896,0.179648,0.275168,0.207232,0.098608,0.151536,0.08816,0.006928,0.014016,0.099744,0.020112,0.003216,0.002672,0.004784,0.083248,0.003888,0.007712,0.017104,0.00432,0.023552,0.003056,0.000448,0.004304,0.000224,0.00432,0.005616,0.000912,0.007712,0.0,0.016016,0.001952,0.002208,0.01984,0.01984,0.016176,0.016176,0.002,0.012432,0.019856,0.014976,0.013632,0.007968,0.001952,0.02376,0.004704,0.01568,0.002768,0.081648,0.1112,0.055888,0.034624,0.018848
Bipartisan Set,0.0195304,0.019552,0.3996,0.321472,0.064288,0.179776,0.091744,0.17968,0.17968,0.17968,0.17968,0.179776,0.17968,0.179776,0.321664,0.179776,0.17968,0.27488,0.211584,0.100624,0.15248,0.094304,0.019248,0.020464,0.10536,0.02968,0.018048,0.01816,0.018416,0.093792,0.018048,0.019968,0.019344,0.018448,0.0284,0.0164,0.016208,0.01584,0.015952,0.018448,0.017904,0.016512,0.019424,0.016016,0.0,0.017728,0.017808,0.026032,0.026032,0.018352,0.018352,0.01776,0.021808,0.021504,0.02112,0.02056,0.020096,0.017728,0.024576,0.018144,0.018272,0.018032,0.083504,0.118368,0.057744,0.03512,0.020512
Minimax,0.0307464,0.030688,0.399872,0.320992,0.06232,0.178704,0.09608,0.179376,0.179376,0.179376,0.179376,0.178704,0.179376,0.178704,0.325632,0.178704,0.179376,0.274816,0.207232,0.098416,0.15144,0.087664,0.006624,0.013552,0.0996,0.019696,0.001904,0.001088,0.003328,0.085152,0.002832,0.007328,0.016688,0.006048,0.02496,0.004112,0.00168,0.005968,0.001856,0.006048,0.007344,0.002032,0.009616,0.001952,0.017728,0.0,0.000272,0.021472,0.021472,0.014576,0.014576,0.00144,0.01208,0.019536,0.01448,0.013312,0.007584,0.0,0.023504,0.003904,0.01536,0.00168,0.081472,0.111744,0.055328,0.034528,0.018576
Split Cycle,0.03101840000000001,0.03096,0.399856,0.320992,0.062464,0.178624,0.096208,0.179296,0.179296,0.179296,0.179296,0.178624,0.179296,0.178624,0.32576,0.178624,0.179296,0.27472,0.207312,0.098352,0.151488,0.087696,0.006592,0.0136,0.099536,0.019648,0.001728,0.000912,0.003184,0.08504,0.002688,0.007312,0.016832,0.005936,0.02488,0.004368,0.001952,0.005744,0.002128,0.005936,0.007232,0.00184,0.009504,0.002208,0.017808,0.000272,0.0,0.02136,0.02136,0.014784,0.014784,0.001712,0.012016,0.01968,0.014512,0.013344,0.007568,0.000272,0.023424,0.004144,0.015616,0.001856,0.08152,0.11168,0.055472,0.034544,0.018736
Ranked Pairs ZT,0.037027199999999996,0.037008,0.39544,0.320656,0.071152,0.184288,0.102688,0.185184,0.185184,0.185184,0.185184,0.184288,0.185184,0.184288,0.327632,0.184288,0.185184,0.276416,0.210416,0.105936,0.157488,0.098272,0.022208,0.024976,0.109168,0.033024,0.021232,0.021648,0.022784,0.085312,0.020816,0.021088,0.028448,0.017584,0.007568,0.021648,0.020224,0.017792,0.02,0.017584,0.015712,0.02016,0.013648,0.01984,0.026032,0.021472,0.02136,0.0,0.0,0.028928,0.028928,0.021488,0.023904,0.028368,0.025088,0.023872,0.021104,0.021472,0.029088,0.023056,0.02856,0.020976,0.09008,0.117776,0.065216,0.044352,0.029088
Ranked Pairs TB,0.037027199999999996,0.037008,0.39544,0.320656,0.071152,0.184288,0.102688,0.185184,0.185184,0.185184,0.185184,0.184288,0.185184,0.184288,0.327632,0.184288,0.185184,0.276416,0.210416,0.105936,0.157488,0.098272,0.022208,0.024976,0.109168,0.033024,0.021232,0.021648,0.022784,0.085312,0.020816,0.021088,0.028448,0.017584,0.007568,0.021648,0.020224,0.017792,0.02,0.017584,0.015712,0.02016,0.013648,0.01984,0.026032,0.021472,0.02136,0.0,0.0,0.028928,0.028928,0.021488,0.023904,0.028368,0.025088,0.023872,0.021104,0.021472,0.029088,0.023056,0.02856,0.020976,0.09008,0.117776,0.065216,0.044352,0.029088
Simple Stable Voting,0.0167592,0.016816,0.399952,0.320864,0.05568,0.183792,0.092032,0.183472,0.183472,0.183472,0.183472,0.183792,0.183472,0.183792,0.319856,0.183792,0.183472,0.275904,0.208496,0.095776,0.146784,0.095696,0.01792,0.021552,0.107952,0.0268,0.01592,0.015072,0.012992,0.097184,0.016848,0.019696,0.009856,0.020224,0.030912,0.013584,0.015968,0.020192,0.016112,0.020224,0.021504,0.016208,0.022928,0.016176,0.018352,0.014576,0.014784,0.028928,0.028928,0.0,0.0,0.01552,0.022608,0.012896,0.022512,0.022384,0.019984,0.014576,0.028592,0.012768,0.00688,0.015648,0.077792,0.117296,0.051104,0.039216,0.02192
Stable Voting,0.0167592,0.016816,0.399952,0.320864,0.05568,0.183792,0.092032,0.183472,0.183472,0.183472,0.183472,0.183792,0.183472,0.183792,0.319856,0.183792,0.183472,0.275904,0.208496,0.095776,0.146784,0.095696,0.01792,0.021552,0.107952,0.0268,0.01592,0.015072,0.012992,0.097184,0.016848,0.019696,0.009856,0.020224,0.030912,0.013584,0.015968,0.020192,0.016112,0.020224,0.021504,0.016208,0.022928,0.016176,0.018352,0.014576,0.014784,0.028928,0.028928,0.0,0.0,0.01552,0.022608,0.012896,0.022512,0.022384,0.019984,0.014576,0.028592,0.012768,0.00688,0.015648,0.077792,0.117296,0.051104,0.039216,0.02192
Loss-Trimmer Voting,0.0305016,0.030448,0.399856,0.321024,0.062672,0.178768,0.09624,0.179424,0.179424,0.179424,0.179424,0.178768,0.179424,0.178768,0.32544,0.178768,0.179424,0.274864,0.20744,0.098592,0.1516,0.087872,0.006736,0.013648,0.0996,0.019824,0.001568,0.001136,0.004352,0.085184,0.001984,0.00736,0.017024,0.006112,0.025008,0.004336,0.001936,0.006048,0.001936,0.006112,0.007408,0.002256,0.009648,0.002,0.01776,0.00144,0.001712,0.021488,0.021488,0.01552,0.01552,0.0,0.012064,0.019888,0.014688,0.013504,0.007632,0.00144,0.023568,0.004896,0.015696,0.00224,0.08176,0.111856,0.056,0.034512,0.01856
Daunou,0.031339200000000005,0.031376,0.39936,0.32104,0.066144,0.171632,0.09328,0.172176,0.172176,0.172176,0.172176,0.171632,0.172176,0.171632,0.323264,0.171632,0.172176,0.274048,0.211264,0.102384,0.155328,0.087984,0.01008,0.014736,0.099456,0.02824,0.011696,0.011888,0.01232,0.08792,0.01176,0.010176,0.02232,0.013232,0.027088,0.013184,0.012432,0.012944,0.012368,0.013232,0.013472,0.012176,0.014176,0.012432,0.021808,0.01208,0.012016,0.023904,0.023904,0.022608,0.022608,0.012064,0.0,0.02336,0.0148,0.014288,0.01,0.01208,0.016432,0.012864,0.022544,0.012192,0.087024,0.116944,0.05936,0.032976,0.019264
Blacks,0.021310399999999997,0.021392,0.399744,0.321184,0.042784,0.186992,0.093456,0.186384,0.186384,0.186384,0.186384,0.186992,0.186384,0.186992,0.319952,0.186992,0.186384,0.277008,0.201856,0.09664,0.140944,0.097488,0.021184,0.023984,0.111088,0.028608,0.02048,0.019984,0.019312,0.096848,0.020864,0.022208,0.003552,0.0208,0.0304,0.01896,0.01976,0.021632,0.01984,0.0208,0.021648,0.019904,0.022624,0.019856,0.021504,0.019536,0.01968,0.028368,0.028368,0.012896,0.012896,0.019888,0.02336,0.0,0.024304,0.024272,0.02224,0.019536,0.031792,0.018704,0.006352,0.018048,0.077728,0.117408,0.048176,0.043296,0.026624
Condorcet IRV,0.027751200000000004,0.027776,0.399392,0.32056,0.067088,0.17256,0.08656,0.173072,0.173072,0.173072,0.173072,0.17256,0.173072,0.17256,0.323008,0.17256,0.173072,0.2732,0.213664,0.103088,0.157232,0.073184,0.01104,0.00208,0.09216,0.030128,0.014352,0.014528,0.015248,0.090976,0.014224,0.009904,0.023152,0.015728,0.027952,0.015776,0.014848,0.015136,0.014928,0.015728,0.015632,0.0148,0.016448,0.014976,0.02112,0.01448,0.014512,0.025088,0.025088,0.022512,0.022512,0.014688,0.0148,0.024304,0.0,0.002208,0.009488,0.01448,0.01736,0.015616,0.022304,0.0148,0.087264,0.117408,0.059904,0.029968,0.014336
Condorcet IRV PUT,0.028706399999999997,0.028704,0.39944,0.320496,0.067056,0.173168,0.087824,0.173824,0.173824,0.173824,0.173824,0.173168,0.173824,0.173168,0.3236,0.173168,0.173824,0.27328,0.212992,0.102784,0.15704,0.075392,0.010512,0.00392,0.09232,0.029248,0.013152,0.013424,0.014272,0.089456,0.01296,0.008944,0.023088,0.014256,0.026928,0.014688,0.01352,0.0136,0.013568,0.014256,0.014032,0.013504,0.014848,0.013632,0.02056,0.013312,0.013344,0.023872,0.023872,0.022384,0.022384,0.013504,0.014288,0.024272,0.002208,0.0,0.00864,0.013312,0.017968,0.014704,0.022288,0.013616,0.08696,0.116528,0.059792,0.030352,0.0148
Smith IRV,0.0332184,0.0332,0.399584,0.320688,0.065024,0.17728,0.094512,0.178,0.178,0.178,0.178,0.17728,0.178,0.17728,0.32568,0.17728,0.178,0.27432,0.20872,0.100064,0.153664,0.082672,0.007136,0.009264,0.096992,0.02488,0.007088,0.00744,0.008544,0.084816,0.007008,0.000496,0.020816,0.008832,0.024736,0.00912,0.007904,0.007824,0.00792,0.008832,0.008576,0.007808,0.009248,0.007968,0.020096,0.007584,0.007568,0.021104,0.021104,0.019984,0.019984,0.007632,0.01,0.02224,0.009488,0.00864,0.0,0.007584,0.02208,0.00912,0.020128,0.007808,0.08432,0.11312,0.058368,0.034608,0.018656
Smith-Minimax,0.0307464,0.030688,0.399872,0.320992,0.06232,0.178704,0.09608,0.179376,0.179376,0.179376,0.179376,0.178704,0.179376,0.178704,0.325632,0.178704,0.179376,0.274816,0.207232,0.098416,0.15144,0.087664,0.006624,0.013552,0.0996,0.019696,0.001904,0.001088,0.003328,0.085152,0.002832,0.007328,0.016688,0.006048,0.02496,0.004112,0.00168,0.005968,0.001856,0.006048,0.007344,0.002032,0.009616,0.001952,0.017728,0.0,0.000272,0.021472,0.021472,0.014576,0.014576,0.00144,0.01208,0.019536,0.01448,0.013312,0.007584,0.0,0.023504,0.003904,0.01536,0.00168,0.081472,0.111744,0.055328,0.034528,0.018576
Condorcet Plurality,0.025228800000000003,0.02528,0.398672,0.320608,0.074576,0.1552,0.087536,0.157568,0.157568,0.157568,0.157568,0.1552,0.157568,0.1552,0.320592,0.1552,0.157568,0.271968,0.221328,0.107616,0.163568,0.090544,0.021168,0.018448,0.10016,0.036816,0.023248,0.023424,0.023664,0.098816,0.02336,0.022256,0.03064,0.024256,0.031184,0.024208,0.023712,0.023968,0.02368,0.024256,0.024336,0.023504,0.02504,0.02376,0.024576,0.023504,0.023424,0.029088,0.029088,0.028592,0.028592,0.023568,0.016432,0.031792,0.01736,0.017968,0.02208,0.023504,0.0,0.024032,0.029552,0.024032,0.092672,0.123856,0.064224,0.026272,0.013664
Copeland-Local-Borda,0.027959199999999997,0.02792,0.399904,0.3208,0.061488,0.179232,0.095456,0.179632,0.179632,0.179632,0.179632,0.179232,0.179632,0.179232,0.324288,0.179232,0.179632,0.275136,0.207376,0.097968,0.150832,0.0888,0.007952,0.014624,0.100864,0.019008,0.00544,0.00448,0.001744,0.08704,0.006288,0.008816,0.015488,0.008832,0.026224,0.002016,0.004496,0.008736,0.00464,0.008832,0.010112,0.004512,0.011536,0.004704,0.018144,0.003904,0.004144,0.023056,0.023056,0.012768,0.012768,0.004896,0.012864,0.018704,0.015616,0.014704,0.00912,0.003904,0.024032,0.0,0.012752,0.004816,0.080688,0.11216,0.054512,0.034768,0.01752
Copeland-Global-Borda,0.0173016,0.01736,0.399936,0.321232,0.049136,0.184752,0.09192,0.184304,0.184304,0.184304,0.184304,0.184752,0.184304,0.184752,0.319792,0.184752,0.184304,0.276288,0.205904,0.095584,0.144352,0.095488,0.017872,0.021504,0.10848,0.026816,0.016656,0.015872,0.013696,0.096608,0.017344,0.019856,0.003424,0.019648,0.030576,0.01296,0.015504,0.019616,0.015632,0.019648,0.020864,0.015792,0.022336,0.01568,0.018272,0.01536,0.015616,0.02856,0.02856,0.00688,0.00688,0.015696,0.022544,0.006352,0.022304,0.022288,0.020128,0.01536,0.029552,0.012752,0.0,0.015312,0.077232,0.116864,0.049824,0.03976,0.02264
Borda-Minimax Faceoff,0.031193600000000005,0.031136,0.399824,0.320944,0.060832,0.179232,0.096704,0.179888,0.179888,0.179888,0.179888,0.179232,0.179888,0.179232,0.325744,0.179232,0.179888,0.274976,0.206224,0.098496,0.150608,0.087984,0.006944,0.013968,0.100128,0.019552,0.0028,0.002208,0.004416,0.084656,0.003344,0.007568,0.015472,0.006528,0.024576,0.004768,0.002544,0.005712,0.002672,0.006528,0.00728,0.00272,0.00912,0.002768,0.018032,0.00168,0.001856,0.020976,0.020976,0.015648,0.015648,0.00224,0.012192,0.018048,0.0148,0.013616,0.007808,0.00168,0.024032,0.004816,0.015312,0.0,0.081424,0.1116,0.054976,0.035152,0.01944
Bucklin,0.08420079999999999,0.084288,0.39808,0.319952,0.080448,0.222624,0.140896,0.223008,0.223008,0.223008,0.223008,0.222624,0.223008,0.222624,0.32288,0.222624,0.223008,0.284608,0.198592,0.030096,0.156272,0.144352,0.08408,0.087184,0.161168,0.082736,0.082192,0.081792,0.08112,0.145664,0.08256,0.084304,0.0772,0.08256,0.091952,0.080736,0.081504,0.082976,0.081584,0.08256,0.083008,0.081648,0.083968,0.081648,0.083504,0.081472,0.08152,0.09008,0.09008,0.077792,0.077792,0.08176,0.087024,0.077728,0.087264,0.08696,0.08432,0.081472,0.092672,0.080688,0.077232,0.081424,0.0,0.080192,0.062656,0.103488,0.088832
Simplified Bucklin,0.1265848,0.12656,0.394336,0.321024,0.124528,0.215968,0.162528,0.221056,0.221056,0.221056,0.221056,0.215968,0.221056,0.215968,0.3524,0.215968,0.221056,0.28392,0.195648,0.08648,0.192208,0.156368,0.11352,0.117424,0.169056,0.11584,0.111968,0.111968,0.112384,0.152176,0.112112,0.11312,0.116848,0.110304,0.120608,0.111568,0.111216,0.111024,0.111168,0.110304,0.110128,0.111152,0.110032,0.1112,0.118368,0.111744,0.11168,0.117776,0.117776,0.117296,0.117296,0.111856,0.116944,0.117408,0.117408,0.116528,0.11312,0.111744,0.123856,0.11216,0.116864,0.1116,0.080192,0.0,0.116096,0.131584,0.120976
Weighted Bucklin,0.057574400000000005,0.057664,0.398896,0.321024,0.056832,0.194976,0.114512,0.194992,0.194992,0.194992,0.194992,0.194976,0.194992,0.194976,0.321008,0.194976,0.194992,0.278496,0.201008,0.085648,0.137936,0.117344,0.05728,0.059616,0.133872,0.059472,0.056464,0.05584,0.054976,0.125808,0.057056,0.058272,0.0492,0.05752,0.066976,0.05488,0.055744,0.058,0.055888,0.05752,0.058176,0.055904,0.059168,0.055888,0.057744,0.055328,0.055472,0.065216,0.065216,0.051104,0.051104,0.056,0.05936,0.048176,0.059904,0.059792,0.058368,0.055328,0.064224,0.054512,0.049824,0.054976,0.062656,0.116096,0.0,0.07464,0.060064
