,NN,Min Violations Committee,Max Violations Committee,Random Choice,Borda ranking,Plurality ranking,STV,Approval Voting (AV),Proportional Approval Voting (PAV),Approval Chamberlin-Courant (CC),Lexicographic Chamberlin-Courant (lex-CC),Sequential Approval Chamberlin-Courant (seq-CC),Monroe's Approval Rule (Monroe),Greedy Monroe,Minimax Approval Voting (MAV),Method of Equal Shares (aka Rule X) with Phragmén phase,E Pluribus Hugo (EPH),Random Serial Dictator,Anti-Plurality,Two-Approval,Three-Approval,Instant Runoff,Bottom-Two-Runoff Instant Runoff,Benham,PluralityWRunoff PUT,Coombs,Baldwin,Strict Nanson,Weak Nanson,Iterated Removal Condorcet Loser,Raynaud,Tideman Alternative Top Cycle,Knockout Voting,Banks,Condorcet,Copeland,Llull,Uncovered Set,Uncovered Set - Fishburn,Uncovered Set - Bordes,Uncovered Set - McKelvey,Slater,Top Cycle,GOCHA,Bipartisan Set,Minimax,Split Cycle,Ranked Pairs ZT,Ranked Pairs TB,Simple Stable Voting,Stable Voting,Loss-Trimmer Voting,Daunou,Blacks,Condorcet IRV,Condorcet IRV PUT,Smith IRV,Smith-Minimax,Condorcet Plurality,Copeland-Local-Borda,Copeland-Global-Borda,Borda-Minimax Faceoff,Bucklin,Simplified Bucklin,Weighted Bucklin,Bracket Voting,Superior Voting
Min Violations Committee,0.0005293333333333333,0.0,0.3333333333333333,0.27597333333333335,0.05764,0.17829333333333333,0.09382666666666667,0.17730666666666667,0.17730666666666667,0.17730666666666667,0.17730666666666667,0.17829333333333333,0.17730666666666667,0.17829333333333333,0.27112,0.17829333333333333,0.17730666666666667,0.24678666666666665,0.21270666666666666,0.10454666666666666,0.10845333333333333,0.10789333333333333,0.027453333333333333,0.024213333333333333,0.12285333333333333,0.03732,0.02856,0.02788,0.026386666666666666,0.12632,0.029253333333333333,0.030986666666666666,0.01848,0.03290666666666667,0.035666666666666666,0.02608,0.028186666666666665,0.03272,0.028213333333333333,0.03290666666666667,0.03409333333333334,0.028413333333333332,0.03453333333333333,0.028213333333333333,0.01868,0.027866666666666668,0.02812,0.03532,0.03532,0.01532,0.01532,0.027666666666666666,0.028986666666666668,0.020786666666666665,0.025773333333333332,0.026733333333333335,0.031106666666666668,0.027866666666666668,0.02484,0.02528,0.01636,0.02868,0.07417333333333333,0.12432,0.05638666666666667,0.048306666666666664,0.019306666666666666
Max Violations Committee,0.3332526666666666,0.3333333333333333,0.0,0.2783333333333333,0.3324533333333333,0.32252,0.3317733333333333,0.32365333333333335,0.32365333333333335,0.32365333333333335,0.32365333333333335,0.32252,0.32365333333333335,0.32252,0.2862133333333333,0.32252,0.32365333333333335,0.2994,0.32378666666666667,0.3304666666666667,0.33126666666666665,0.33109333333333335,0.33314666666666665,0.33308,0.33012,0.3330266666666667,0.33326666666666666,0.33328,0.33325333333333335,0.3028266666666667,0.3332133333333333,0.3330666666666667,0.33322666666666667,0.3329066666666667,0.3245733333333333,0.33324,0.33322666666666667,0.333,0.3331866666666667,0.3329066666666667,0.33276,0.33322666666666667,0.33228,0.33312,0.3330666666666667,0.33328,0.33326666666666666,0.32869333333333334,0.32869333333333334,0.33329333333333333,0.33329333333333333,0.33326666666666666,0.33276,0.33313333333333334,0.33285333333333333,0.33286666666666664,0.3330666666666667,0.33328,0.33208,0.3333333333333333,0.33329333333333333,0.3332133333333333,0.33169333333333334,0.3286,0.3323466666666667,0.33248,0.3331733333333333
Random Choice,0.27594533333333326,0.27597333333333335,0.2783333333333333,0.0,0.27654666666666666,0.27808,0.27682666666666667,0.2779333333333333,0.2779333333333333,0.2779333333333333,0.2779333333333333,0.27808,0.2779333333333333,0.27808,0.27572,0.27808,0.2779333333333333,0.2779066666666667,0.2769066666666667,0.27616,0.2768933333333333,0.27774666666666664,0.276,0.27648,0.2773466666666667,0.27637333333333336,0.2758933333333333,0.27596,0.27613333333333334,0.27712,0.2759466666666667,0.27610666666666667,0.27597333333333335,0.27625333333333335,0.2766,0.27608,0.276,0.27598666666666666,0.27598666666666666,0.27625333333333335,0.27624,0.27598666666666666,0.2761733333333333,0.276,0.27624,0.27596,0.27597333333333335,0.27658666666666665,0.27658666666666665,0.27612,0.27612,0.2759333333333333,0.2760533333333333,0.27610666666666667,0.2764933333333333,0.27644,0.27612,0.2759466666666667,0.27628,0.27609333333333336,0.27592,0.27608,0.27548,0.27637333333333336,0.27557333333333334,0.2764666666666667,0.27638666666666667
Borda ranking,0.05736066666666667,0.05764,0.3324533333333333,0.27654666666666666,0.0,0.20652,0.12792,0.20689333333333335,0.20689333333333335,0.20689333333333335,0.20689333333333335,0.20652,0.20689333333333335,0.20652,0.27914666666666665,0.20652,0.20689333333333335,0.25428,0.18766666666666668,0.11461333333333333,0.07124,0.13214666666666666,0.05706666666666667,0.060693333333333335,0.15165333333333333,0.05721333333333333,0.055986666666666664,0.05552,0.05469333333333333,0.13997333333333334,0.05648,0.057813333333333335,0.0404,0.05685333333333333,0.06729333333333333,0.054773333333333334,0.055733333333333336,0.05737333333333333,0.05588,0.05685333333333333,0.057613333333333336,0.05596,0.05844,0.05592,0.05744,0.055266666666666665,0.05534666666666667,0.06572,0.06572,0.050346666666666665,0.050346666666666665,0.05592,0.06044,0.036853333333333335,0.0616,0.061213333333333335,0.05790666666666667,0.055266666666666665,0.06784,0.05434666666666667,0.04372,0.053546666666666666,0.07205333333333333,0.12594666666666668,0.04824,0.09110666666666667,0.06245333333333333
Plurality ranking,0.17838400000000004,0.17829333333333333,0.32252,0.27808,0.20652,0.0,0.13766666666666666,0.027546666666666667,0.027546666666666667,0.027546666666666667,0.027546666666666667,0.0,0.027546666666666667,0.0,0.2826133333333333,0.0,0.027546666666666667,0.22429333333333334,0.26956,0.19416,0.24217333333333332,0.13176,0.17477333333333334,0.17192,0.10738666666666667,0.18472,0.17736,0.17738666666666666,0.17778666666666668,0.20412,0.17742666666666668,0.17630666666666667,0.18385333333333334,0.17790666666666666,0.18346666666666667,0.17809333333333333,0.17746666666666666,0.17768,0.17752,0.17790666666666666,0.17781333333333332,0.17736,0.17810666666666666,0.17754666666666666,0.17773333333333333,0.17737333333333333,0.17737333333333333,0.18174666666666667,0.18174666666666667,0.18082666666666666,0.18082666666666666,0.1776,0.16930666666666666,0.18461333333333332,0.17054666666666668,0.17126666666666668,0.17612,0.17736,0.15362666666666666,0.17816,0.18244,0.17808,0.20926666666666666,0.204,0.19365333333333334,0.15373333333333333,0.16869333333333333
STV,0.09391733333333332,0.09382666666666667,0.3317733333333333,0.27682666666666667,0.12792,0.13766666666666666,0.0,0.13628,0.13628,0.13628,0.13628,0.13766666666666666,0.13628,0.13766666666666666,0.27186666666666665,0.13766666666666666,0.13628,0.23649333333333333,0.23514666666666667,0.13816,0.17206666666666667,0.035186666666666665,0.10041333333333333,0.09413333333333333,0.08266666666666667,0.11092,0.10350666666666666,0.10313333333333333,0.10288,0.16849333333333333,0.10398666666666667,0.10162666666666667,0.10153333333333334,0.10472,0.11097333333333333,0.10254666666666666,0.10318666666666666,0.10572,0.10321333333333334,0.10472,0.1056,0.10333333333333333,0.10604,0.10328,0.09994666666666667,0.10313333333333333,0.10325333333333334,0.10993333333333333,0.10993333333333333,0.10033333333333333,0.10033333333333333,0.10292,0.09981333333333334,0.10252,0.09202666666666667,0.09305333333333334,0.10137333333333333,0.10313333333333333,0.09538666666666666,0.10248,0.10045333333333334,0.10376,0.13934666666666667,0.15733333333333333,0.1216,0.0728,0.09212
Approval Voting (AV),0.17740333333333336,0.17730666666666667,0.32365333333333335,0.2779333333333333,0.20689333333333335,0.027546666666666667,0.13628,0.0,0.0,0.0,0.0,0.027546666666666667,0.0,0.027546666666666667,0.27296,0.027546666666666667,0.0,0.22490666666666667,0.27436,0.19533333333333333,0.24204,0.13285333333333332,0.17542666666666668,0.17246666666666666,0.11056,0.18544,0.17822666666666667,0.17822666666666667,0.17864,0.20970666666666668,0.17833333333333334,0.1772,0.18389333333333333,0.17925333333333332,0.18461333333333332,0.179,0.17841333333333334,0.17882666666666666,0.17849333333333334,0.17925333333333332,0.17922666666666667,0.17832,0.17958666666666667,0.17853333333333332,0.17772,0.17832,0.17834666666666665,0.18321333333333334,0.18321333333333334,0.18089333333333332,0.18089333333333332,0.1784,0.17044,0.18468,0.17110666666666666,0.17189333333333334,0.17698666666666665,0.17830666666666667,0.15702666666666668,0.17893333333333333,0.18252,0.17901333333333333,0.2096,0.20861333333333335,0.19373333333333334,0.15381333333333333,0.16930666666666666
Proportional Approval Voting (PAV),0.17740333333333336,0.17730666666666667,0.32365333333333335,0.2779333333333333,0.20689333333333335,0.027546666666666667,0.13628,0.0,0.0,0.0,0.0,0.027546666666666667,0.0,0.027546666666666667,0.27296,0.027546666666666667,0.0,0.22490666666666667,0.27436,0.19533333333333333,0.24204,0.13285333333333332,0.17542666666666668,0.17246666666666666,0.11056,0.18544,0.17822666666666667,0.17822666666666667,0.17864,0.20970666666666668,0.17833333333333334,0.1772,0.18389333333333333,0.17925333333333332,0.18461333333333332,0.179,0.17841333333333334,0.17882666666666666,0.17849333333333334,0.17925333333333332,0.17922666666666667,0.17832,0.17958666666666667,0.17853333333333332,0.17772,0.17832,0.17834666666666665,0.18321333333333334,0.18321333333333334,0.18089333333333332,0.18089333333333332,0.1784,0.17044,0.18468,0.17110666666666666,0.17189333333333334,0.17698666666666665,0.17830666666666667,0.15702666666666668,0.17893333333333333,0.18252,0.17901333333333333,0.2096,0.20861333333333335,0.19373333333333334,0.15381333333333333,0.16930666666666666
Approval Chamberlin-Courant (CC),0.17740333333333336,0.17730666666666667,0.32365333333333335,0.2779333333333333,0.20689333333333335,0.027546666666666667,0.13628,0.0,0.0,0.0,0.0,0.027546666666666667,0.0,0.027546666666666667,0.27296,0.027546666666666667,0.0,0.22490666666666667,0.27436,0.19533333333333333,0.24204,0.13285333333333332,0.17542666666666668,0.17246666666666666,0.11056,0.18544,0.17822666666666667,0.17822666666666667,0.17864,0.20970666666666668,0.17833333333333334,0.1772,0.18389333333333333,0.17925333333333332,0.18461333333333332,0.179,0.17841333333333334,0.17882666666666666,0.17849333333333334,0.17925333333333332,0.17922666666666667,0.17832,0.17958666666666667,0.17853333333333332,0.17772,0.17832,0.17834666666666665,0.18321333333333334,0.18321333333333334,0.18089333333333332,0.18089333333333332,0.1784,0.17044,0.18468,0.17110666666666666,0.17189333333333334,0.17698666666666665,0.17830666666666667,0.15702666666666668,0.17893333333333333,0.18252,0.17901333333333333,0.2096,0.20861333333333335,0.19373333333333334,0.15381333333333333,0.16930666666666666
Lexicographic Chamberlin-Courant (lex-CC),0.17740333333333336,0.17730666666666667,0.32365333333333335,0.2779333333333333,0.20689333333333335,0.027546666666666667,0.13628,0.0,0.0,0.0,0.0,0.027546666666666667,0.0,0.027546666666666667,0.27296,0.027546666666666667,0.0,0.22490666666666667,0.27436,0.19533333333333333,0.24204,0.13285333333333332,0.17542666666666668,0.17246666666666666,0.11056,0.18544,0.17822666666666667,0.17822666666666667,0.17864,0.20970666666666668,0.17833333333333334,0.1772,0.18389333333333333,0.17925333333333332,0.18461333333333332,0.179,0.17841333333333334,0.17882666666666666,0.17849333333333334,0.17925333333333332,0.17922666666666667,0.17832,0.17958666666666667,0.17853333333333332,0.17772,0.17832,0.17834666666666665,0.18321333333333334,0.18321333333333334,0.18089333333333332,0.18089333333333332,0.1784,0.17044,0.18468,0.17110666666666666,0.17189333333333334,0.17698666666666665,0.17830666666666667,0.15702666666666668,0.17893333333333333,0.18252,0.17901333333333333,0.2096,0.20861333333333335,0.19373333333333334,0.15381333333333333,0.16930666666666666
Sequential Approval Chamberlin-Courant (seq-CC),0.17838400000000004,0.17829333333333333,0.32252,0.27808,0.20652,0.0,0.13766666666666666,0.027546666666666667,0.027546666666666667,0.027546666666666667,0.027546666666666667,0.0,0.027546666666666667,0.0,0.2826133333333333,0.0,0.027546666666666667,0.22429333333333334,0.26956,0.19416,0.24217333333333332,0.13176,0.17477333333333334,0.17192,0.10738666666666667,0.18472,0.17736,0.17738666666666666,0.17778666666666668,0.20412,0.17742666666666668,0.17630666666666667,0.18385333333333334,0.17790666666666666,0.18346666666666667,0.17809333333333333,0.17746666666666666,0.17768,0.17752,0.17790666666666666,0.17781333333333332,0.17736,0.17810666666666666,0.17754666666666666,0.17773333333333333,0.17737333333333333,0.17737333333333333,0.18174666666666667,0.18174666666666667,0.18082666666666666,0.18082666666666666,0.1776,0.16930666666666666,0.18461333333333332,0.17054666666666668,0.17126666666666668,0.17612,0.17736,0.15362666666666666,0.17816,0.18244,0.17808,0.20926666666666666,0.204,0.19365333333333334,0.15373333333333333,0.16869333333333333
Monroe's Approval Rule (Monroe),0.17740333333333336,0.17730666666666667,0.32365333333333335,0.2779333333333333,0.20689333333333335,0.027546666666666667,0.13628,0.0,0.0,0.0,0.0,0.027546666666666667,0.0,0.027546666666666667,0.27296,0.027546666666666667,0.0,0.22490666666666667,0.27436,0.19533333333333333,0.24204,0.13285333333333332,0.17542666666666668,0.17246666666666666,0.11056,0.18544,0.17822666666666667,0.17822666666666667,0.17864,0.20970666666666668,0.17833333333333334,0.1772,0.18389333333333333,0.17925333333333332,0.18461333333333332,0.179,0.17841333333333334,0.17882666666666666,0.17849333333333334,0.17925333333333332,0.17922666666666667,0.17832,0.17958666666666667,0.17853333333333332,0.17772,0.17832,0.17834666666666665,0.18321333333333334,0.18321333333333334,0.18089333333333332,0.18089333333333332,0.1784,0.17044,0.18468,0.17110666666666666,0.17189333333333334,0.17698666666666665,0.17830666666666667,0.15702666666666668,0.17893333333333333,0.18252,0.17901333333333333,0.2096,0.20861333333333335,0.19373333333333334,0.15381333333333333,0.16930666666666666
Greedy Monroe,0.17838400000000004,0.17829333333333333,0.32252,0.27808,0.20652,0.0,0.13766666666666666,0.027546666666666667,0.027546666666666667,0.027546666666666667,0.027546666666666667,0.0,0.027546666666666667,0.0,0.2826133333333333,0.0,0.027546666666666667,0.22429333333333334,0.26956,0.19416,0.24217333333333332,0.13176,0.17477333333333334,0.17192,0.10738666666666667,0.18472,0.17736,0.17738666666666666,0.17778666666666668,0.20412,0.17742666666666668,0.17630666666666667,0.18385333333333334,0.17790666666666666,0.18346666666666667,0.17809333333333333,0.17746666666666666,0.17768,0.17752,0.17790666666666666,0.17781333333333332,0.17736,0.17810666666666666,0.17754666666666666,0.17773333333333333,0.17737333333333333,0.17737333333333333,0.18174666666666667,0.18174666666666667,0.18082666666666666,0.18082666666666666,0.1776,0.16930666666666666,0.18461333333333332,0.17054666666666668,0.17126666666666668,0.17612,0.17736,0.15362666666666666,0.17816,0.18244,0.17808,0.20926666666666666,0.204,0.19365333333333334,0.15373333333333333,0.16869333333333333
Minimax Approval Voting (MAV),0.271204,0.27112,0.2862133333333333,0.27572,0.27914666666666665,0.2826133333333333,0.27186666666666665,0.27296,0.27296,0.27296,0.27296,0.2826133333333333,0.27296,0.2826133333333333,0.0,0.2826133333333333,0.27296,0.27714666666666665,0.32610666666666666,0.28284,0.28001333333333334,0.28117333333333333,0.28169333333333335,0.2799333333333333,0.28498666666666667,0.28116,0.28226666666666667,0.28198666666666666,0.28142666666666666,0.30337333333333333,0.28257333333333334,0.28254666666666667,0.27826666666666666,0.28414666666666666,0.28414666666666666,0.2816266666666667,0.28244,0.28414666666666666,0.28246666666666664,0.28414666666666666,0.28414666666666666,0.28245333333333333,0.28414666666666666,0.28246666666666664,0.27913333333333334,0.28217333333333333,0.28224,0.28414666666666666,0.28414666666666666,0.2774933333333333,0.2774933333333333,0.28202666666666665,0.28081333333333336,0.2783733333333333,0.2799466666666667,0.2806266666666667,0.2825066666666667,0.28217333333333333,0.27828,0.2809466666666667,0.2778933333333333,0.28242666666666666,0.28028,0.30350666666666665,0.27854666666666666,0.27764,0.2780666666666667
Method of Equal Shares (aka Rule X) with Phragmén phase,0.17838400000000004,0.17829333333333333,0.32252,0.27808,0.20652,0.0,0.13766666666666666,0.027546666666666667,0.027546666666666667,0.027546666666666667,0.027546666666666667,0.0,0.027546666666666667,0.0,0.2826133333333333,0.0,0.027546666666666667,0.22429333333333334,0.26956,0.19416,0.24217333333333332,0.13176,0.17477333333333334,0.17192,0.10738666666666667,0.18472,0.17736,0.17738666666666666,0.17778666666666668,0.20412,0.17742666666666668,0.17630666666666667,0.18385333333333334,0.17790666666666666,0.18346666666666667,0.17809333333333333,0.17746666666666666,0.17768,0.17752,0.17790666666666666,0.17781333333333332,0.17736,0.17810666666666666,0.17754666666666666,0.17773333333333333,0.17737333333333333,0.17737333333333333,0.18174666666666667,0.18174666666666667,0.18082666666666666,0.18082666666666666,0.1776,0.16930666666666666,0.18461333333333332,0.17054666666666668,0.17126666666666668,0.17612,0.17736,0.15362666666666666,0.17816,0.18244,0.17808,0.20926666666666666,0.204,0.19365333333333334,0.15373333333333333,0.16869333333333333
E Pluribus Hugo (EPH),0.17740333333333336,0.17730666666666667,0.32365333333333335,0.2779333333333333,0.20689333333333335,0.027546666666666667,0.13628,0.0,0.0,0.0,0.0,0.027546666666666667,0.0,0.027546666666666667,0.27296,0.027546666666666667,0.0,0.22490666666666667,0.27436,0.19533333333333333,0.24204,0.13285333333333332,0.17542666666666668,0.17246666666666666,0.11056,0.18544,0.17822666666666667,0.17822666666666667,0.17864,0.20970666666666668,0.17833333333333334,0.1772,0.18389333333333333,0.17925333333333332,0.18461333333333332,0.179,0.17841333333333334,0.17882666666666666,0.17849333333333334,0.17925333333333332,0.17922666666666667,0.17832,0.17958666666666667,0.17853333333333332,0.17772,0.17832,0.17834666666666665,0.18321333333333334,0.18321333333333334,0.18089333333333332,0.18089333333333332,0.1784,0.17044,0.18468,0.17110666666666666,0.17189333333333334,0.17698666666666665,0.17830666666666667,0.15702666666666668,0.17893333333333333,0.18252,0.17901333333333333,0.2096,0.20861333333333335,0.19373333333333334,0.15381333333333333,0.16930666666666666
Random Serial Dictator,0.24689399999999995,0.24678666666666665,0.2994,0.2779066666666667,0.25428,0.22429333333333334,0.23649333333333333,0.22490666666666667,0.22490666666666667,0.22490666666666667,0.22490666666666667,0.22429333333333334,0.22490666666666667,0.22429333333333334,0.27714666666666665,0.22429333333333334,0.22490666666666667,0.0,0.27588,0.25125333333333333,0.26509333333333335,0.23512,0.24593333333333334,0.24476,0.23013333333333333,0.24749333333333334,0.24649333333333334,0.24650666666666668,0.24661333333333332,0.2554133333333333,0.24644,0.246,0.248,0.24688,0.24853333333333333,0.2466,0.24665333333333334,0.24669333333333332,0.24669333333333332,0.24688,0.24672,0.24650666666666668,0.24685333333333334,0.24668,0.24636,0.24650666666666668,0.24646666666666667,0.24781333333333333,0.24781333333333333,0.24712,0.24712,0.2466,0.24510666666666667,0.24850666666666665,0.24448,0.24456,0.24598666666666666,0.24650666666666668,0.24317333333333332,0.24664,0.24762666666666666,0.24665333333333334,0.2542,0.2537066666666667,0.2503066666666667,0.23932,0.24468
Anti-Plurality,0.2125713333333333,0.21270666666666666,0.32378666666666667,0.2769066666666667,0.18766666666666668,0.26956,0.23514666666666667,0.27436,0.27436,0.27436,0.27436,0.26956,0.27436,0.26956,0.32610666666666666,0.26956,0.27436,0.27588,0.0,0.21,0.18456,0.22977333333333333,0.20274666666666666,0.20634666666666668,0.2398,0.20098666666666667,0.20070666666666667,0.20066666666666666,0.20118666666666668,0.19456,0.20057333333333333,0.20134666666666667,0.2014,0.19846666666666668,0.20397333333333334,0.20053333333333334,0.19984,0.19898666666666667,0.19985333333333333,0.19845333333333334,0.19786666666666666,0.20005333333333333,0.19773333333333334,0.19986666666666666,0.20474666666666666,0.20045333333333334,0.20045333333333334,0.20116,0.20116,0.2052,0.2052,0.20065333333333332,0.20518666666666666,0.20022666666666666,0.20712,0.20617333333333332,0.20149333333333333,0.20044,0.21268,0.20128,0.20292,0.19948,0.1966,0.17217333333333334,0.19877333333333333,0.21892,0.20836
Two-Approval,0.10452333333333332,0.10454666666666666,0.3304666666666667,0.27616,0.11461333333333333,0.19416,0.13816,0.19533333333333333,0.19533333333333333,0.19533333333333333,0.19533333333333333,0.19416,0.19533333333333333,0.19416,0.28284,0.19416,0.19533333333333333,0.25125333333333333,0.21,0.0,0.15797333333333333,0.1404,0.10276,0.10394666666666667,0.15366666666666667,0.10756,0.10297333333333333,0.10276,0.10266666666666667,0.16316,0.10296,0.10306666666666667,0.10421333333333334,0.10332,0.112,0.10284,0.10290666666666666,0.10329333333333333,0.10290666666666666,0.10332,0.10330666666666667,0.10288,0.10382666666666666,0.10294666666666667,0.10350666666666666,0.10270666666666667,0.10288,0.11034666666666666,0.11034666666666666,0.10261333333333333,0.10261333333333333,0.10293333333333334,0.10364,0.10526666666666666,0.10416,0.10364,0.10309333333333333,0.10270666666666667,0.10616,0.10264,0.10350666666666666,0.10298666666666667,0.07512,0.09105333333333333,0.10094666666666667,0.1132,0.10397333333333333
Three-Approval,0.10815733333333333,0.10845333333333333,0.33126666666666665,0.2768933333333333,0.07124,0.24217333333333332,0.17206666666666667,0.24204,0.24204,0.24204,0.24204,0.24217333333333332,0.24204,0.24217333333333332,0.28001333333333334,0.24217333333333332,0.24204,0.26509333333333335,0.18456,0.15797333333333333,0.0,0.17574666666666666,0.10896,0.11221333333333333,0.19537333333333334,0.10417333333333334,0.10678666666666667,0.10646666666666667,0.10598666666666667,0.17293333333333333,0.10694666666666666,0.10834666666666666,0.09797333333333333,0.10644,0.11576,0.1056,0.10637333333333333,0.10713333333333333,0.10649333333333333,0.10642666666666667,0.107,0.10661333333333334,0.10753333333333333,0.10649333333333333,0.10725333333333334,0.10629333333333334,0.10629333333333334,0.1142,0.1142,0.10224,0.10224,0.1066,0.11162666666666667,0.09614666666666667,0.11290666666666667,0.11245333333333334,0.10838666666666667,0.10629333333333334,0.11854666666666666,0.10564,0.09944,0.10545333333333333,0.08554666666666666,0.1568,0.08201333333333333,0.14061333333333334,0.11370666666666666
Instant Runoff,0.10802866666666663,0.10789333333333333,0.33109333333333335,0.27774666666666664,0.13214666666666666,0.13176,0.035186666666666665,0.13285333333333332,0.13285333333333332,0.13285333333333332,0.13285333333333332,0.13176,0.13285333333333332,0.13176,0.28117333333333333,0.13176,0.13285333333333332,0.23512,0.22977333333333333,0.1404,0.17574666666666666,0.0,0.09485333333333333,0.0858,0.06610666666666666,0.11005333333333334,0.09853333333333333,0.09869333333333333,0.09969333333333333,0.15764,0.09857333333333333,0.09454666666666667,0.10598666666666667,0.09972,0.11090666666666667,0.09993333333333333,0.09902666666666667,0.09909333333333334,0.09901333333333333,0.09972,0.09972,0.09892,0.10028,0.09908,0.10344,0.09888,0.09884,0.10893333333333333,0.10893333333333333,0.10546666666666667,0.10546666666666667,0.09877333333333334,0.09886666666666667,0.10705333333333333,0.08230666666666667,0.08504,0.09414666666666667,0.09888,0.09922666666666667,0.09998666666666667,0.10516,0.09909333333333334,0.14361333333333334,0.153,0.12586666666666665,0.07626666666666666,0.09684
Bottom-Two-Runoff Instant Runoff,0.027355333333333332,0.027453333333333333,0.33314666666666665,0.276,0.05706666666666667,0.17477333333333334,0.10041333333333333,0.17542666666666668,0.17542666666666668,0.17542666666666668,0.17542666666666668,0.17477333333333334,0.17542666666666668,0.17477333333333334,0.28169333333333335,0.17477333333333334,0.17542666666666668,0.24593333333333334,0.20274666666666666,0.10276,0.10896,0.09485333333333333,0.0,0.01092,0.11162666666666667,0.024786666666666665,0.008106666666666667,0.008253333333333333,0.009226666666666666,0.10788,0.00836,0.008546666666666666,0.018306666666666666,0.011093333333333334,0.027026666666666668,0.010053333333333333,0.008826666666666667,0.009733333333333333,0.0088,0.011093333333333334,0.011173333333333334,0.008533333333333334,0.01284,0.008893333333333333,0.018,0.008546666666666666,0.00848,0.02468,0.02468,0.017733333333333334,0.017733333333333334,0.008413333333333333,0.01268,0.020213333333333333,0.012546666666666666,0.011986666666666666,0.008706666666666666,0.008533333333333334,0.021146666666666668,0.009853333333333334,0.017333333333333333,0.008746666666666666,0.07461333333333334,0.11342666666666666,0.05668,0.046746666666666666,0.017133333333333334
Benham,0.024185333333333333,0.024213333333333333,0.33308,0.27648,0.060693333333333335,0.17192,0.09413333333333333,0.17246666666666666,0.17246666666666666,0.17246666666666666,0.17246666666666666,0.17192,0.17246666666666666,0.17192,0.2799333333333333,0.17192,0.17246666666666666,0.24476,0.20634666666666668,0.10394666666666667,0.11221333333333333,0.0858,0.01092,0.0,0.10709333333333333,0.030026666666666667,0.014666666666666666,0.014813333333333333,0.01576,0.1114,0.014666666666666666,0.01092,0.02252,0.016133333333333333,0.028653333333333333,0.01592,0.01512,0.01556,0.01512,0.016133333333333333,0.016306666666666667,0.014986666666666667,0.017093333333333332,0.015173333333333334,0.019706666666666667,0.015146666666666666,0.01508,0.026653333333333334,0.026653333333333334,0.02184,0.02184,0.01476,0.0164,0.02384,0.0034933333333333335,0.005186666666666667,0.01112,0.015146666666666666,0.018293333333333335,0.016013333333333334,0.021426666666666667,0.015346666666666666,0.07725333333333333,0.1164,0.05914666666666667,0.041293333333333335,0.011546666666666667
PluralityWRunoff PUT,0.12300266666666668,0.12285333333333333,0.33012,0.2773466666666667,0.15165333333333333,0.10738666666666667,0.08266666666666667,0.11056,0.11056,0.11056,0.11056,0.10738666666666667,0.11056,0.10738666666666667,0.28498666666666667,0.10738666666666667,0.11056,0.23013333333333333,0.2398,0.15366666666666667,0.19537333333333334,0.06610666666666666,0.11162666666666667,0.10709333333333333,0.0,0.12488,0.11408,0.11425333333333333,0.11524,0.16237333333333334,0.1142,0.11225333333333333,0.12318666666666667,0.11508,0.1254,0.11553333333333334,0.11450666666666667,0.11430666666666667,0.11452,0.11508,0.11478666666666666,0.11445333333333334,0.11530666666666667,0.11453333333333333,0.11818666666666666,0.11442666666666666,0.11433333333333333,0.12342666666666667,0.12342666666666667,0.12102666666666667,0.12102666666666667,0.11434666666666667,0.11338666666666666,0.12428,0.10613333333333333,0.10670666666666667,0.11204,0.11441333333333334,0.11098666666666666,0.11570666666666667,0.12196,0.11494666666666667,0.16124,0.16484,0.14462666666666665,0.09054666666666666,0.10994666666666666
Coombs,0.03712000000000001,0.03732,0.3330266666666667,0.27637333333333336,0.05721333333333333,0.18472,0.11092,0.18544,0.18544,0.18544,0.18544,0.18472,0.18544,0.18472,0.28116,0.18472,0.18544,0.24749333333333334,0.20098666666666667,0.10756,0.10417333333333334,0.11005333333333334,0.024786666666666665,0.030026666666666667,0.12488,0.0,0.020453333333333334,0.020013333333333334,0.01964,0.11452,0.020573333333333332,0.024853333333333335,0.02636,0.021853333333333332,0.03749333333333333,0.01996,0.020266666666666665,0.021666666666666667,0.020386666666666668,0.021853333333333332,0.02232,0.020226666666666667,0.023866666666666668,0.020533333333333334,0.029266666666666667,0.01992,0.019893333333333332,0.035346666666666665,0.035346666666666665,0.02584,0.02584,0.020186666666666665,0.0298,0.027626666666666667,0.031106666666666668,0.030466666666666666,0.025186666666666666,0.01992,0.03677333333333333,0.019506666666666665,0.02584,0.020186666666666665,0.07338666666666667,0.11521333333333333,0.0576,0.061546666666666666,0.03152
Baldwin,0.028464,0.02856,0.33326666666666666,0.2758933333333333,0.055986666666666664,0.17736,0.10350666666666666,0.17822666666666667,0.17822666666666667,0.17822666666666667,0.17822666666666667,0.17736,0.17822666666666667,0.17736,0.28226666666666667,0.17736,0.17822666666666667,0.24649333333333334,0.20070666666666667,0.10297333333333333,0.10678666666666667,0.09853333333333333,0.008106666666666667,0.014666666666666666,0.11408,0.020453333333333334,0.0,0.0011733333333333333,0.00408,0.10569333333333333,0.00108,0.0078,0.016386666666666667,0.007173333333333334,0.026186666666666667,0.0058,0.00336,0.005986666666666667,0.003426666666666667,0.007173333333333334,0.007693333333333333,0.0029733333333333335,0.010186666666666667,0.0035733333333333333,0.016746666666666667,0.002213333333333333,0.0019333333333333333,0.023733333333333332,0.023733333333333332,0.01476,0.01476,0.0016666666666666668,0.013933333333333334,0.019133333333333332,0.016226666666666667,0.01532,0.008093333333333333,0.0022,0.023733333333333332,0.00548,0.0152,0.00288,0.07277333333333333,0.11156,0.05528,0.04817333333333333,0.0182
Strict Nanson,0.027784666666666662,0.02788,0.33328,0.27596,0.05552,0.17738666666666666,0.10313333333333333,0.17822666666666667,0.17822666666666667,0.17822666666666667,0.17822666666666667,0.17738666666666666,0.17822666666666667,0.17738666666666666,0.28198666666666666,0.17738666666666666,0.17822666666666667,0.24650666666666668,0.20066666666666666,0.10276,0.10646666666666667,0.09869333333333333,0.008253333333333333,0.014813333333333333,0.11425333333333333,0.020013333333333334,0.0011733333333333333,0.0,0.00304,0.10606666666666667,0.0020933333333333333,0.00804,0.015906666666666666,0.007,0.026386666666666666,0.005066666666666666,0.0026266666666666665,0.00664,0.0028,0.007,0.00816,0.0021466666666666665,0.010626666666666666,0.00296,0.01676,0.00132,0.00108,0.024,0.024,0.013786666666666666,0.013786666666666666,0.0013733333333333334,0.013973333333333334,0.018666666666666668,0.016386666666666667,0.015493333333333333,0.008346666666666667,0.0013066666666666667,0.02376,0.004546666666666667,0.014386666666666667,0.0023866666666666667,0.07232,0.11158666666666667,0.05461333333333333,0.048106666666666666,0.017946666666666666
Weak Nanson,0.026202,0.026386666666666666,0.33325333333333335,0.27613333333333334,0.05469333333333333,0.17778666666666668,0.10288,0.17864,0.17864,0.17864,0.17864,0.17778666666666668,0.17864,0.17778666666666668,0.28142666666666666,0.17778666666666668,0.17864,0.24661333333333332,0.20118666666666668,0.10266666666666667,0.10598666666666667,0.09969333333333333,0.009226666666666666,0.01576,0.11524,0.01964,0.00408,0.00304,0.0,0.10704,0.004973333333333333,0.009146666666666668,0.014906666666666667,0.008733333333333333,0.027,0.003533333333333333,0.004266666666666667,0.008426666666666667,0.004413333333333333,0.008733333333333333,0.009893333333333334,0.00404,0.011706666666666667,0.004546666666666667,0.016946666666666665,0.0029333333333333334,0.00284,0.02472,0.02472,0.012066666666666667,0.012066666666666667,0.004,0.014653333333333334,0.01784,0.01738666666666667,0.0166,0.009373333333333332,0.00292,0.02416,0.002106666666666667,0.01232,0.00396,0.07146666666666666,0.11189333333333333,0.05378666666666667,0.04850666666666666,0.017333333333333333
Iterated Removal Condorcet Loser,0.126242,0.12632,0.3028266666666667,0.27712,0.13997333333333334,0.20412,0.16849333333333333,0.20970666666666668,0.20970666666666668,0.20970666666666668,0.20970666666666668,0.20412,0.20970666666666668,0.20412,0.30337333333333333,0.20412,0.20970666666666668,0.2554133333333333,0.19456,0.16316,0.17293333333333333,0.15764,0.10788,0.1114,0.16237333333333334,0.11452,0.10569333333333333,0.10606666666666667,0.10704,0.0,0.10525333333333334,0.10564,0.11497333333333333,0.10129333333333333,0.10793333333333334,0.10588,0.10442666666666667,0.10166666666666667,0.10413333333333333,0.10128,0.09906666666666666,0.10452,0.09593333333333333,0.10382666666666666,0.11225333333333333,0.10576,0.10564,0.10562666666666666,0.10562666666666666,0.11594666666666667,0.11594666666666667,0.10598666666666667,0.10832,0.11525333333333333,0.11192,0.11030666666666666,0.10566666666666667,0.10574666666666667,0.11692,0.10752,0.11510666666666666,0.10528,0.14974666666666667,0.14788,0.13965333333333332,0.13174666666666668,0.11513333333333334
Raynaud,0.02915933333333333,0.029253333333333333,0.3332133333333333,0.2759466666666667,0.05648,0.17742666666666668,0.10398666666666667,0.17833333333333334,0.17833333333333334,0.17833333333333334,0.17833333333333334,0.17742666666666668,0.17833333333333334,0.17742666666666668,0.28257333333333334,0.17742666666666668,0.17833333333333334,0.24644,0.20057333333333333,0.10296,0.10694666666666666,0.09857333333333333,0.00836,0.014666666666666666,0.1142,0.020573333333333332,0.00108,0.0020933333333333333,0.004973333333333333,0.10525333333333334,0.0,0.0077733333333333335,0.016893333333333333,0.007173333333333334,0.02588,0.006546666666666667,0.004053333333333333,0.005226666666666667,0.004066666666666666,0.007173333333333334,0.007226666666666667,0.0036133333333333334,0.009733333333333333,0.004226666666666667,0.016573333333333332,0.003106666666666667,0.00284,0.0234,0.0234,0.015786666666666668,0.015786666666666668,0.0021333333333333334,0.014066666666666667,0.019626666666666667,0.016266666666666665,0.01532,0.008053333333333332,0.0030933333333333334,0.0238,0.006346666666666666,0.01608,0.0035066666666666666,0.073,0.11145333333333333,0.05582666666666666,0.04850666666666666,0.01868
Tideman Alternative Top Cycle,0.030961333333333337,0.030986666666666666,0.3330666666666667,0.27610666666666667,0.057813333333333335,0.17630666666666667,0.10162666666666667,0.1772,0.1772,0.1772,0.1772,0.17630666666666667,0.1772,0.17630666666666667,0.28254666666666667,0.17630666666666667,0.1772,0.246,0.20134666666666667,0.10306666666666667,0.10834666666666666,0.09454666666666667,0.008546666666666666,0.01092,0.11225333333333333,0.024853333333333335,0.0078,0.00804,0.009146666666666668,0.10564,0.0077733333333333335,0.0,0.0194,0.009546666666666667,0.026266666666666667,0.00968,0.008573333333333334,0.008253333333333333,0.00852,0.009546666666666667,0.009346666666666666,0.008346666666666667,0.010133333333333333,0.008613333333333334,0.0192,0.008453333333333334,0.008426666666666667,0.023866666666666668,0.023866666666666668,0.019586666666666665,0.019586666666666665,0.008106666666666667,0.012373333333333333,0.02096,0.01224,0.011293333333333334,0.0005066666666666667,0.008453333333333334,0.02268,0.009613333333333333,0.018906666666666665,0.00828,0.07432,0.11226666666666667,0.05718666666666666,0.04816,0.01806666666666667
Knockout Voting,0.01818933333333333,0.01848,0.33322666666666667,0.27597333333333335,0.0404,0.18385333333333334,0.10153333333333334,0.18389333333333333,0.18389333333333333,0.18389333333333333,0.18389333333333333,0.18385333333333334,0.18389333333333333,0.18385333333333334,0.27826666666666666,0.18385333333333334,0.18389333333333333,0.248,0.2014,0.10421333333333334,0.09797333333333333,0.10598666666666667,0.018306666666666666,0.02252,0.12318666666666667,0.02636,0.016386666666666667,0.015906666666666666,0.014906666666666667,0.11497333333333333,0.016893333333333333,0.0194,0.0,0.019293333333333332,0.030506666666666668,0.015266666666666666,0.01632,0.01884,0.016453333333333334,0.019293333333333332,0.01996,0.016213333333333333,0.021213333333333334,0.016586666666666666,0.018466666666666666,0.015826666666666666,0.0158,0.028933333333333332,0.028933333333333332,0.01076,0.01076,0.016253333333333335,0.022586666666666668,0.0035466666666666667,0.02368,0.023413333333333335,0.01964,0.015826666666666666,0.030226666666666666,0.014546666666666666,0.004173333333333334,0.014333333333333333,0.0678,0.11686666666666666,0.047426666666666666,0.05528,0.024626666666666668
Banks,0.03281733333333333,0.03290666666666667,0.3329066666666667,0.27625333333333335,0.05685333333333333,0.17790666666666666,0.10472,0.17925333333333332,0.17925333333333332,0.17925333333333332,0.17925333333333332,0.17790666666666666,0.17925333333333332,0.17790666666666666,0.28414666666666666,0.17790666666666666,0.17925333333333332,0.24688,0.19846666666666668,0.10332,0.10644,0.09972,0.011093333333333334,0.016133333333333333,0.11508,0.021853333333333332,0.007173333333333334,0.007,0.008733333333333333,0.10129333333333333,0.007173333333333334,0.009546666666666667,0.019293333333333332,0.0,0.02348,0.007733333333333333,0.005293333333333333,0.005653333333333333,0.004893333333333334,1.3333333333333333e-05,0.0026,0.00516,0.005653333333333333,0.005,0.01736,0.0067733333333333335,0.006493333333333334,0.0204,0.0204,0.019733333333333332,0.019733333333333332,0.006893333333333333,0.015346666666666666,0.02,0.017413333333333333,0.01616,0.009706666666666667,0.00676,0.02428,0.00968,0.018866666666666667,0.00732,0.07261333333333334,0.10861333333333334,0.05608,0.05022666666666667,0.01872
Condorcet,0.035535333333333335,0.035666666666666666,0.3245733333333333,0.2766,0.06729333333333333,0.18346666666666667,0.11097333333333333,0.18461333333333332,0.18461333333333332,0.18461333333333332,0.18461333333333332,0.18346666666666667,0.18461333333333332,0.18346666666666667,0.28414666666666666,0.18346666666666667,0.18461333333333332,0.24853333333333333,0.20397333333333334,0.112,0.11576,0.11090666666666667,0.027026666666666668,0.028653333333333333,0.1254,0.03749333333333333,0.026186666666666667,0.026386666666666666,0.027,0.10793333333333334,0.02588,0.026266666666666667,0.030506666666666668,0.02348,0.0,0.02644,0.025453333333333335,0.023746666666666666,0.025253333333333332,0.023466666666666667,0.02216,0.02556,0.019946666666666668,0.024986666666666667,0.028693333333333335,0.026213333333333335,0.026133333333333335,0.006813333333333334,0.006813333333333334,0.030946666666666667,0.030946666666666667,0.026346666666666668,0.028,0.03044,0.0286,0.02764,0.026293333333333332,0.026213333333333335,0.02984,0.027333333333333334,0.030533333333333332,0.02592,0.08234666666666667,0.11893333333333334,0.0664,0.05974666666666666,0.030426666666666668
Copeland,0.025944000000000005,0.02608,0.33324,0.27608,0.054773333333333334,0.17809333333333333,0.10254666666666666,0.179,0.179,0.179,0.179,0.17809333333333333,0.179,0.17809333333333333,0.2816266666666667,0.17809333333333333,0.179,0.2466,0.20053333333333334,0.10284,0.1056,0.09993333333333333,0.010053333333333333,0.01592,0.11553333333333334,0.01996,0.0058,0.005066666666666666,0.003533333333333333,0.10588,0.006546666666666667,0.00968,0.015266666666666666,0.007733333333333333,0.02644,0.0,0.0029066666666666668,0.007733333333333333,0.0032933333333333334,0.007733333333333333,0.009066666666666667,0.003586666666666667,0.010506666666666666,0.003426666666666667,0.01524,0.004306666666666667,0.00448,0.024146666666666667,0.024146666666666667,0.012506666666666666,0.012506666666666666,0.00476,0.015466666666666667,0.01792,0.017626666666666665,0.016786666666666665,0.00988,0.004293333333333333,0.024466666666666668,0.00224,0.01144,0.0054533333333333335,0.07108,0.11125333333333333,0.05401333333333333,0.04869333333333333,0.016373333333333333
