,NN,Min Violations Committee,Max Violations Committee,Random Choice,Borda ranking,Plurality ranking,STV,Approval Voting (AV),Proportional Approval Voting (PAV),Approval Chamberlin-Courant (CC),Lexicographic Chamberlin-Courant (lex-CC),Sequential Approval Chamberlin-Courant (seq-CC),Monroe's Approval Rule (Monroe),Greedy Monroe,Minimax Approval Voting (MAV),Method of Equal Shares (aka Rule X) with Phragmén phase,E Pluribus Hugo (EPH),Random Serial Dictator,Anti-Plurality,Two-Approval,Three-Approval,Instant Runoff,Bottom-Two-Runoff Instant Runoff,Benham,PluralityWRunoff PUT,Coombs,Baldwin,Strict Nanson,Weak Nanson,Iterated Removal Condorcet Loser,Raynaud,Tideman Alternative Top Cycle,Knockout Voting,Banks,Condorcet,Copeland,Llull,Uncovered Set,Uncovered Set - Fishburn,Uncovered Set - Bordes,Uncovered Set - McKelvey,Slater,Top Cycle,GOCHA,Bipartisan Set,Minimax,Split Cycle,Ranked Pairs ZT,Ranked Pairs TB,Simple Stable Voting,Stable Voting,Loss-Trimmer Voting,Daunou,Blacks,Condorcet IRV,Condorcet IRV PUT,Smith IRV,Smith-Minimax,Condorcet Plurality,Copeland-Local-Borda,Copeland-Global-Borda,Borda-Minimax Faceoff,Bucklin,Simplified Bucklin,Weighted Bucklin,Bracket Voting,Superior Voting
Min Violations Committee,8.800000000000001e-05,0.0,0.2857142857142857,0.24456,0.05116571428571429,0.21889142857142857,0.19208,0.21771428571428572,0.21771428571428572,0.21771428571428572,0.21771428571428572,0.21889142857142857,0.21771428571428572,0.21889142857142857,0.23941714285714286,0.21889142857142857,0.21771428571428572,0.24011428571428572,0.23661714285714286,0.25410285714285713,0.1982742857142857,0.1924,0.027771428571428572,0.021394285714285713,0.16857142857142857,0.038034285714285715,0.03881142857142857,0.03881142857142857,0.03849142857142857,0.14195428571428573,0.03881142857142857,0.03838857142857143,0.020914285714285715,0.03881142857142857,0.03881142857142857,0.03798857142857143,0.03881142857142857,0.03881142857142857,0.03881142857142857,0.03881142857142857,0.03881142857142857,0.03881142857142857,0.03881142857142857,0.03881142857142857,0.019485714285714287,0.03881142857142857,0.03881142857142857,0.03881142857142857,0.03881142857142857,0.01949714285714286,0.01949714285714286,0.03881142857142857,0.03742857142857143,0.021097142857142856,0.028605714285714286,0.03008,0.0384,0.03881142857142857,0.03315428571428571,0.03798857142857143,0.020948571428571428,0.03881142857142857,0.2048457142857143,0.23340571428571427,0.08854857142857143,0.08613714285714286,0.021302857142857144
Max Violations Committee,0.28571428571428575,0.2857142857142857,0.0,0.24461714285714287,0.2851657142857143,0.26597714285714286,0.2826742857142857,0.2682742857142857,0.2682742857142857,0.2682742857142857,0.2682742857142857,0.26597714285714286,0.2682742857142857,0.26597714285714286,0.24979428571428572,0.26597714285714286,0.2682742857142857,0.2488342857142857,0.2678514285714286,0.28005714285714284,0.2807428571428571,0.2810057142857143,0.28563428571428573,0.28565714285714283,0.2807314285714286,0.2857142857142857,0.2857142857142857,0.2857142857142857,0.2857142857142857,0.25846857142857144,0.2857142857142857,0.28568,0.2857142857142857,0.2857142857142857,0.2775885714285714,0.2857142857142857,0.2857142857142857,0.2857142857142857,0.2857142857142857,0.2857142857142857,0.2857142857142857,0.2857142857142857,0.28568,0.2857142857142857,0.2857142857142857,0.2857142857142857,0.2857142857142857,0.2822857142857143,0.2822857142857143,0.2857142857142857,0.2857142857142857,0.2857142857142857,0.28517714285714285,0.2857142857142857,0.2852914285714286,0.28524571428571427,0.28568,0.2857142857142857,0.28341714285714287,0.2857142857142857,0.2857142857142857,0.2857142857142857,0.2807428571428571,0.27658285714285713,0.28452571428571427,0.2839542857142857,0.2857142857142857
Random Choice,0.24456457142857135,0.24456,0.24461714285714287,0.0,0.24412571428571428,0.24470857142857144,0.24450285714285713,0.24416,0.24416,0.24416,0.24416,0.24470857142857144,0.24416,0.24470857142857144,0.24421714285714285,0.24470857142857144,0.24416,0.24347428571428573,0.24446857142857142,0.24420571428571428,0.24536,0.24462857142857142,0.24417142857142857,0.24437714285714285,0.2447542857142857,0.24411428571428573,0.24412571428571428,0.24412571428571428,0.24416,0.24429714285714285,0.24412571428571428,0.24411428571428573,0.24443428571428572,0.24412571428571428,0.24425142857142856,0.24413714285714286,0.24412571428571428,0.24412571428571428,0.24412571428571428,0.24412571428571428,0.24412571428571428,0.24412571428571428,0.24416,0.24412571428571428,0.24424,0.24412571428571428,0.24412571428571428,0.24432,0.24432,0.24438857142857143,0.24438857142857143,0.24412571428571428,0.2440342857142857,0.24442285714285714,0.24442285714285714,0.24432,0.24411428571428573,0.24412571428571428,0.24453714285714287,0.24413714285714286,0.24446857142857142,0.24412571428571428,0.24544,0.2446057142857143,0.24389714285714287,0.24433142857142856,0.2444
Borda ranking,0.051162857142857135,0.05116571428571429,0.2851657142857143,0.24412571428571428,0.0,0.2132342857142857,0.18257142857142858,0.21329142857142858,0.21329142857142858,0.21329142857142858,0.21329142857142858,0.2132342857142857,0.21329142857142858,0.2132342857142857,0.24665142857142858,0.2132342857142857,0.21329142857142858,0.23841142857142858,0.22657142857142856,0.2495542857142857,0.19889142857142858,0.18190857142857142,0.05008,0.048754285714285715,0.16062857142857143,0.04797714285714286,0.04819428571428572,0.04819428571428572,0.04816,0.14037714285714287,0.04819428571428572,0.04858285714285714,0.030434285714285716,0.04819428571428572,0.06288,0.048,0.04819428571428572,0.04819428571428572,0.04819428571428572,0.04819428571428572,0.04819428571428572,0.04819428571428572,0.04838857142857143,0.04819428571428572,0.049485714285714286,0.04819428571428572,0.04819428571428572,0.06172571428571429,0.06172571428571429,0.04570285714285714,0.04570285714285714,0.04819428571428572,0.05682285714285714,0.030068571428571427,0.05579428571428571,0.05552,0.04860571428571429,0.04819428571428572,0.061565714285714286,0.048,0.031062857142857142,0.048125714285714286,0.20555428571428572,0.2274742857142857,0.09048,0.08954285714285715,0.047074285714285714
Plurality ranking,0.21891028571428567,0.21889142857142857,0.26597714285714286,0.24470857142857144,0.2132342857142857,0.0,0.16589714285714285,0.05825142857142857,0.05825142857142857,0.05825142857142857,0.05825142857142857,0.0,0.05825142857142857,0.0,0.25296,0.0,0.05825142857142857,0.22341714285714287,0.23537142857142856,0.19281142857142858,0.2266057142857143,0.15952,0.21558857142857143,0.21248,0.1292,0.21786285714285714,0.21772571428571427,0.21772571428571427,0.21779428571428572,0.22049142857142856,0.21772571428571427,0.2174742857142857,0.21738285714285716,0.21772571428571427,0.21779428571428572,0.21787428571428571,0.21772571428571427,0.21772571428571427,0.21772571428571427,0.21772571428571427,0.21772571428571427,0.21772571428571427,0.21761142857142857,0.21772571428571427,0.21853714285714285,0.21772571428571427,0.21772571428571427,0.21643428571428572,0.21643428571428572,0.22264,0.22264,0.21772571428571427,0.21346285714285715,0.2172342857142857,0.20788571428571428,0.20841142857142858,0.21745142857142857,0.21772571428571427,0.18573714285714285,0.21787428571428571,0.21755428571428573,0.21769142857142856,0.2239657142857143,0.2239657142857143,0.22138285714285713,0.1906742857142857,0.21225142857142856
STV,0.19208628571428576,0.19208,0.2826742857142857,0.24450285714285713,0.18257142857142858,0.16589714285714285,0.0,0.16123428571428572,0.16123428571428572,0.16123428571428572,0.16123428571428572,0.16589714285714285,0.16123428571428572,0.16589714285714285,0.23608,0.16589714285714285,0.16123428571428572,0.23124571428571428,0.23894857142857143,0.19533714285714285,0.19875428571428572,0.061508571428571426,0.18930285714285713,0.1830057142857143,0.1317142857142857,0.19461714285714285,0.19451428571428572,0.19451428571428572,0.1946057142857143,0.21573714285714285,0.19451428571428572,0.1942057142857143,0.19096,0.19451428571428572,0.1995542857142857,0.1946057142857143,0.19451428571428572,0.19451428571428572,0.19451428571428572,0.19451428571428572,0.19451428571428572,0.19451428571428572,0.19428571428571428,0.19451428571428572,0.19316571428571427,0.19451428571428572,0.19451428571428572,0.19856,0.19856,0.19829714285714287,0.19829714285714287,0.19451428571428572,0.19462857142857143,0.1908,0.17350857142857143,0.17491428571428572,0.1942057142857143,0.19451428571428572,0.18793142857142858,0.1946057142857143,0.19115428571428572,0.19446857142857144,0.1962742857142857,0.20568,0.20122285714285715,0.14761142857142856,0.1860342857142857
Approval Voting (AV),0.21773199999999998,0.21771428571428572,0.2682742857142857,0.24416,0.21329142857142858,0.05825142857142857,0.16123428571428572,0.0,0.0,0.0,0.0,0.05825142857142857,0.0,0.05825142857142857,0.23432,0.05825142857142857,0.0,0.22369142857142857,0.2517942857142857,0.19478857142857142,0.22718857142857143,0.16146285714285713,0.21606857142857142,0.2126057142857143,0.13850285714285715,0.21873142857142858,0.21861714285714287,0.21861714285714287,0.2186857142857143,0.2304342857142857,0.21861714285714287,0.2184457142857143,0.21721142857142858,0.21861714285714287,0.21968,0.21873142857142858,0.21861714285714287,0.21861714285714287,0.21861714285714287,0.21861714285714287,0.21861714285714287,0.21861714285714287,0.2185257142857143,0.21861714285714287,0.2184,0.21861714285714287,0.21861714285714287,0.21869714285714287,0.21869714285714287,0.22245714285714285,0.22245714285714285,0.21861714285714287,0.21456,0.21707428571428572,0.20806857142857144,0.20914285714285713,0.21842285714285714,0.21861714285714287,0.19266285714285714,0.21873142857142858,0.2173942857142857,0.21858285714285713,0.22472,0.23403428571428572,0.22129142857142858,0.1901142857142857,0.2125257142857143
Proportional Approval Voting (PAV),0.21773199999999998,0.21771428571428572,0.2682742857142857,0.24416,0.21329142857142858,0.05825142857142857,0.16123428571428572,0.0,0.0,0.0,0.0,0.05825142857142857,0.0,0.05825142857142857,0.23432,0.05825142857142857,0.0,0.22369142857142857,0.2517942857142857,0.19478857142857142,0.22718857142857143,0.16146285714285713,0.21606857142857142,0.2126057142857143,0.13850285714285715,0.21873142857142858,0.21861714285714287,0.21861714285714287,0.2186857142857143,0.2304342857142857,0.21861714285714287,0.2184457142857143,0.21721142857142858,0.21861714285714287,0.21968,0.21873142857142858,0.21861714285714287,0.21861714285714287,0.21861714285714287,0.21861714285714287,0.21861714285714287,0.21861714285714287,0.2185257142857143,0.21861714285714287,0.2184,0.21861714285714287,0.21861714285714287,0.21869714285714287,0.21869714285714287,0.22245714285714285,0.22245714285714285,0.21861714285714287,0.21456,0.21707428571428572,0.20806857142857144,0.20914285714285713,0.21842285714285714,0.21861714285714287,0.19266285714285714,0.21873142857142858,0.2173942857142857,0.21858285714285713,0.22472,0.23403428571428572,0.22129142857142858,0.1901142857142857,0.2125257142857143
Approval Chamberlin-Courant (CC),0.21773199999999998,0.21771428571428572,0.2682742857142857,0.24416,0.21329142857142858,0.05825142857142857,0.16123428571428572,0.0,0.0,0.0,0.0,0.05825142857142857,0.0,0.05825142857142857,0.23432,0.05825142857142857,0.0,0.22369142857142857,0.2517942857142857,0.19478857142857142,0.22718857142857143,0.16146285714285713,0.21606857142857142,0.2126057142857143,0.13850285714285715,0.21873142857142858,0.21861714285714287,0.21861714285714287,0.2186857142857143,0.2304342857142857,0.21861714285714287,0.2184457142857143,0.21721142857142858,0.21861714285714287,0.21968,0.21873142857142858,0.21861714285714287,0.21861714285714287,0.21861714285714287,0.21861714285714287,0.21861714285714287,0.21861714285714287,0.2185257142857143,0.21861714285714287,0.2184,0.21861714285714287,0.21861714285714287,0.21869714285714287,0.21869714285714287,0.22245714285714285,0.22245714285714285,0.21861714285714287,0.21456,0.21707428571428572,0.20806857142857144,0.20914285714285713,0.21842285714285714,0.21861714285714287,0.19266285714285714,0.21873142857142858,0.2173942857142857,0.21858285714285713,0.22472,0.23403428571428572,0.22129142857142858,0.1901142857142857,0.2125257142857143
Lexicographic Chamberlin-Courant (lex-CC),0.21773199999999998,0.21771428571428572,0.2682742857142857,0.24416,0.21329142857142858,0.05825142857142857,0.16123428571428572,0.0,0.0,0.0,0.0,0.05825142857142857,0.0,0.05825142857142857,0.23432,0.05825142857142857,0.0,0.22369142857142857,0.2517942857142857,0.19478857142857142,0.22718857142857143,0.16146285714285713,0.21606857142857142,0.2126057142857143,0.13850285714285715,0.21873142857142858,0.21861714285714287,0.21861714285714287,0.2186857142857143,0.2304342857142857,0.21861714285714287,0.2184457142857143,0.21721142857142858,0.21861714285714287,0.21968,0.21873142857142858,0.21861714285714287,0.21861714285714287,0.21861714285714287,0.21861714285714287,0.21861714285714287,0.21861714285714287,0.2185257142857143,0.21861714285714287,0.2184,0.21861714285714287,0.21861714285714287,0.21869714285714287,0.21869714285714287,0.22245714285714285,0.22245714285714285,0.21861714285714287,0.21456,0.21707428571428572,0.20806857142857144,0.20914285714285713,0.21842285714285714,0.21861714285714287,0.19266285714285714,0.21873142857142858,0.2173942857142857,0.21858285714285713,0.22472,0.23403428571428572,0.22129142857142858,0.1901142857142857,0.2125257142857143
Sequential Approval Chamberlin-Courant (seq-CC),0.21891028571428567,0.21889142857142857,0.26597714285714286,0.24470857142857144,0.2132342857142857,0.0,0.16589714285714285,0.05825142857142857,0.05825142857142857,0.05825142857142857,0.05825142857142857,0.0,0.05825142857142857,0.0,0.25296,0.0,0.05825142857142857,0.22341714285714287,0.23537142857142856,0.19281142857142858,0.2266057142857143,0.15952,0.21558857142857143,0.21248,0.1292,0.21786285714285714,0.21772571428571427,0.21772571428571427,0.21779428571428572,0.22049142857142856,0.21772571428571427,0.2174742857142857,0.21738285714285716,0.21772571428571427,0.21779428571428572,0.21787428571428571,0.21772571428571427,0.21772571428571427,0.21772571428571427,0.21772571428571427,0.21772571428571427,0.21772571428571427,0.21761142857142857,0.21772571428571427,0.21853714285714285,0.21772571428571427,0.21772571428571427,0.21643428571428572,0.21643428571428572,0.22264,0.22264,0.21772571428571427,0.21346285714285715,0.2172342857142857,0.20788571428571428,0.20841142857142858,0.21745142857142857,0.21772571428571427,0.18573714285714285,0.21787428571428571,0.21755428571428573,0.21769142857142856,0.2239657142857143,0.2239657142857143,0.22138285714285713,0.1906742857142857,0.21225142857142856
Monroe's Approval Rule (Monroe),0.21773199999999998,0.21771428571428572,0.2682742857142857,0.24416,0.21329142857142858,0.05825142857142857,0.16123428571428572,0.0,0.0,0.0,0.0,0.05825142857142857,0.0,0.05825142857142857,0.23432,0.05825142857142857,0.0,0.22369142857142857,0.2517942857142857,0.19478857142857142,0.22718857142857143,0.16146285714285713,0.21606857142857142,0.2126057142857143,0.13850285714285715,0.21873142857142858,0.21861714285714287,0.21861714285714287,0.2186857142857143,0.2304342857142857,0.21861714285714287,0.2184457142857143,0.21721142857142858,0.21861714285714287,0.21968,0.21873142857142858,0.21861714285714287,0.21861714285714287,0.21861714285714287,0.21861714285714287,0.21861714285714287,0.21861714285714287,0.2185257142857143,0.21861714285714287,0.2184,0.21861714285714287,0.21861714285714287,0.21869714285714287,0.21869714285714287,0.22245714285714285,0.22245714285714285,0.21861714285714287,0.21456,0.21707428571428572,0.20806857142857144,0.20914285714285713,0.21842285714285714,0.21861714285714287,0.19266285714285714,0.21873142857142858,0.2173942857142857,0.21858285714285713,0.22472,0.23403428571428572,0.22129142857142858,0.1901142857142857,0.2125257142857143
Greedy Monroe,0.21891028571428567,0.21889142857142857,0.26597714285714286,0.24470857142857144,0.2132342857142857,0.0,0.16589714285714285,0.05825142857142857,0.05825142857142857,0.05825142857142857,0.05825142857142857,0.0,0.05825142857142857,0.0,0.25296,0.0,0.05825142857142857,0.22341714285714287,0.23537142857142856,0.19281142857142858,0.2266057142857143,0.15952,0.21558857142857143,0.21248,0.1292,0.21786285714285714,0.21772571428571427,0.21772571428571427,0.21779428571428572,0.22049142857142856,0.21772571428571427,0.2174742857142857,0.21738285714285716,0.21772571428571427,0.21779428571428572,0.21787428571428571,0.21772571428571427,0.21772571428571427,0.21772571428571427,0.21772571428571427,0.21772571428571427,0.21772571428571427,0.21761142857142857,0.21772571428571427,0.21853714285714285,0.21772571428571427,0.21772571428571427,0.21643428571428572,0.21643428571428572,0.22264,0.22264,0.21772571428571427,0.21346285714285715,0.2172342857142857,0.20788571428571428,0.20841142857142858,0.21745142857142857,0.21772571428571427,0.18573714285714285,0.21787428571428571,0.21755428571428573,0.21769142857142856,0.2239657142857143,0.2239657142857143,0.22138285714285713,0.1906742857142857,0.21225142857142856
Minimax Approval Voting (MAV),0.23941714285714286,0.23941714285714286,0.24979428571428572,0.24421714285714285,0.24665142857142858,0.25296,0.23608,0.23432,0.23432,0.23432,0.23432,0.25296,0.23432,0.25296,0.0,0.25296,0.23432,0.24483428571428573,0.2857142857142857,0.24941714285714287,0.24761142857142857,0.24650285714285713,0.24674285714285715,0.2452,0.2537942857142857,0.25050285714285714,0.25070857142857145,0.25070857142857145,0.2505942857142857,0.2690742857142857,0.25070857142857145,0.25070857142857145,0.24568,0.25070857142857145,0.25070857142857145,0.2504914285714286,0.25070857142857145,0.25070857142857145,0.25070857142857145,0.25070857142857145,0.25070857142857145,0.25070857142857145,0.25070857142857145,0.25070857142857145,0.24502857142857143,0.25070857142857145,0.25070857142857145,0.25070857142857145,0.25070857142857145,0.24526857142857142,0.24526857142857142,0.25070857142857145,0.2486057142857143,0.24568,0.2456,0.24688,0.25070857142857145,0.25070857142857145,0.24619428571428573,0.2504914285714286,0.24570285714285714,0.25070857142857145,0.24738285714285715,0.27936,0.24446857142857142,0.24490285714285714,0.24562285714285714
Method of Equal Shares (aka Rule X) with Phragmén phase,0.21891028571428567,0.21889142857142857,0.26597714285714286,0.24470857142857144,0.2132342857142857,0.0,0.16589714285714285,0.05825142857142857,0.05825142857142857,0.05825142857142857,0.05825142857142857,0.0,0.05825142857142857,0.0,0.25296,0.0,0.05825142857142857,0.22341714285714287,0.23537142857142856,0.19281142857142858,0.2266057142857143,0.15952,0.21558857142857143,0.21248,0.1292,0.21786285714285714,0.21772571428571427,0.21772571428571427,0.21779428571428572,0.22049142857142856,0.21772571428571427,0.2174742857142857,0.21738285714285716,0.21772571428571427,0.21779428571428572,0.21787428571428571,0.21772571428571427,0.21772571428571427,0.21772571428571427,0.21772571428571427,0.21772571428571427,0.21772571428571427,0.21761142857142857,0.21772571428571427,0.21853714285714285,0.21772571428571427,0.21772571428571427,0.21643428571428572,0.21643428571428572,0.22264,0.22264,0.21772571428571427,0.21346285714285715,0.2172342857142857,0.20788571428571428,0.20841142857142858,0.21745142857142857,0.21772571428571427,0.18573714285714285,0.21787428571428571,0.21755428571428573,0.21769142857142856,0.2239657142857143,0.2239657142857143,0.22138285714285713,0.1906742857142857,0.21225142857142856
E Pluribus Hugo (EPH),0.21773199999999998,0.21771428571428572,0.2682742857142857,0.24416,0.21329142857142858,0.05825142857142857,0.16123428571428572,0.0,0.0,0.0,0.0,0.05825142857142857,0.0,0.05825142857142857,0.23432,0.05825142857142857,0.0,0.22369142857142857,0.2517942857142857,0.19478857142857142,0.22718857142857143,0.16146285714285713,0.21606857142857142,0.2126057142857143,0.13850285714285715,0.21873142857142858,0.21861714285714287,0.21861714285714287,0.2186857142857143,0.2304342857142857,0.21861714285714287,0.2184457142857143,0.21721142857142858,0.21861714285714287,0.21968,0.21873142857142858,0.21861714285714287,0.21861714285714287,0.21861714285714287,0.21861714285714287,0.21861714285714287,0.21861714285714287,0.2185257142857143,0.21861714285714287,0.2184,0.21861714285714287,0.21861714285714287,0.21869714285714287,0.21869714285714287,0.22245714285714285,0.22245714285714285,0.21861714285714287,0.21456,0.21707428571428572,0.20806857142857144,0.20914285714285713,0.21842285714285714,0.21861714285714287,0.19266285714285714,0.21873142857142858,0.2173942857142857,0.21858285714285713,0.22472,0.23403428571428572,0.22129142857142858,0.1901142857142857,0.2125257142857143
Random Serial Dictator,0.2401234285714286,0.24011428571428572,0.2488342857142857,0.24347428571428573,0.23841142857142858,0.22341714285714287,0.23124571428571428,0.22369142857142857,0.22369142857142857,0.22369142857142857,0.22369142857142857,0.22341714285714287,0.22369142857142857,0.22341714285714287,0.24483428571428573,0.22341714285714287,0.22369142857142857,0.0,0.24514285714285713,0.23773714285714287,0.24210285714285715,0.23094857142857142,0.23961142857142856,0.23902857142857142,0.22836571428571428,0.2402857142857143,0.24029714285714285,0.24029714285714285,0.24032,0.24170285714285714,0.24029714285714285,0.24016,0.23997714285714286,0.24029714285714285,0.24017142857142856,0.2402857142857143,0.24029714285714285,0.24029714285714285,0.24029714285714285,0.24029714285714285,0.24029714285714285,0.24029714285714285,0.24025142857142856,0.24029714285714285,0.24005714285714286,0.24029714285714285,0.24029714285714285,0.23994285714285715,0.23994285714285715,0.24113142857142858,0.24113142857142858,0.24029714285714285,0.23988571428571429,0.23994285714285715,0.2383542857142857,0.23845714285714287,0.24013714285714285,0.24029714285714285,0.23704,0.2402857142857143,0.24,0.2402857142857143,0.24190857142857142,0.2418857142857143,0.24141714285714286,0.23390857142857144,0.23925714285714286
Anti-Plurality,0.23656342857142862,0.23661714285714286,0.2678514285714286,0.24446857142857142,0.22657142857142856,0.23537142857142856,0.23894857142857143,0.2517942857142857,0.2517942857142857,0.2517942857142857,0.2517942857142857,0.23537142857142856,0.2517942857142857,0.23537142857142856,0.2857142857142857,0.23537142857142856,0.2517942857142857,0.24514285714285713,0.0,0.22062857142857142,0.22401142857142858,0.22617142857142858,0.22622857142857142,0.22832,0.21810285714285715,0.22126857142857143,0.22093714285714286,0.22093714285714286,0.22106285714285714,0.13722285714285715,0.22093714285714286,0.22102857142857144,0.2282057142857143,0.22093714285714286,0.20942857142857144,0.22128,0.22093714285714286,0.22093714285714286,0.22093714285714286,0.22093714285714286,0.22093714285714286,0.22093714285714286,0.22054857142857143,0.22093714285714286,0.22873142857142856,0.22093714285714286,0.22093714285714286,0.2037257142857143,0.2037257142857143,0.22906285714285715,0.22906285714285715,0.22093714285714286,0.2249142857142857,0.22813714285714284,0.22803428571428572,0.22590857142857143,0.22100571428571428,0.22093714285714286,0.23013714285714285,0.22128,0.22824,0.22090285714285715,0.22381714285714285,0.17229714285714287,0.22897142857142858,0.22969142857142857,0.22801142857142856
Two-Approval,0.25410285714285713,0.25410285714285713,0.28005714285714284,0.24420571428571428,0.2495542857142857,0.19281142857142858,0.19533714285714285,0.19478857142857142,0.19478857142857142,0.19478857142857142,0.19478857142857142,0.19281142857142858,0.19478857142857142,0.19281142857142858,0.24941714285714287,0.19281142857142858,0.19478857142857142,0.23773714285714287,0.22062857142857142,0.0,0.2591085714285714,0.19778285714285715,0.2514742857142857,0.25145142857142855,0.19913142857142857,0.25316571428571427,0.2531542857142857,0.2531542857142857,0.25316571428571427,0.23876571428571428,0.2531542857142857,0.2529142857142857,0.25283428571428573,0.2531542857142857,0.25018285714285715,0.25316571428571427,0.2531542857142857,0.2531542857142857,0.2531542857142857,0.2531542857142857,0.2531542857142857,0.2531542857142857,0.2529828571428571,0.2531542857142857,0.25357714285714283,0.2531542857142857,0.2531542857142857,0.24897142857142857,0.24897142857142857,0.25429714285714283,0.25429714285714283,0.2531542857142857,0.24929142857142858,0.2528114285714286,0.2445942857142857,0.24414857142857144,0.25289142857142854,0.2531542857142857,0.2431657142857143,0.25316571428571427,0.2528457142857143,0.2531542857142857,0.2514742857142857,0.22731428571428572,0.24925714285714284,0.2382857142857143,0.25248
Three-Approval,0.19830514285714287,0.1982742857142857,0.2807428571428571,0.24536,0.19889142857142858,0.2266057142857143,0.19875428571428572,0.22718857142857143,0.22718857142857143,0.22718857142857143,0.22718857142857143,0.2266057142857143,0.22718857142857143,0.2266057142857143,0.24761142857142857,0.2266057142857143,0.22718857142857143,0.24210285714285715,0.22401142857142858,0.2591085714285714,0.0,0.19997714285714285,0.19746285714285713,0.19392,0.19870857142857143,0.19788571428571428,0.19754285714285713,0.19754285714285713,0.19769142857142857,0.20557714285714285,0.19754285714285713,0.1975542857142857,0.2008457142857143,0.19754285714285713,0.21068571428571428,0.19789714285714285,0.19754285714285713,0.19754285714285713,0.19754285714285713,0.19754285714285713,0.19754285714285713,0.19754285714285713,0.1977142857142857,0.19754285714285713,0.19774857142857144,0.19754285714285713,0.19754285714285713,0.20941714285714286,0.20941714285714286,0.20413714285714285,0.20413714285714285,0.19754285714285713,0.20454857142857144,0.20082285714285714,0.20297142857142858,0.2030742857142857,0.19757714285714287,0.19754285714285713,0.20645714285714287,0.19789714285714285,0.20098285714285713,0.19753142857142858,0.007645714285714286,0.1258057142857143,0.16874285714285714,0.17225142857142858,0.18989714285714285
Instant Runoff,0.19243828571428578,0.1924,0.2810057142857143,0.24462857142857142,0.18190857142857142,0.15952,0.061508571428571426,0.16146285714285713,0.16146285714285713,0.16146285714285713,0.16146285714285713,0.15952,0.16146285714285713,0.15952,0.24650285714285713,0.15952,0.16146285714285713,0.23094857142857142,0.22617142857142858,0.19778285714285715,0.19997714285714285,0.0,0.18674285714285715,0.17841142857142858,0.11835428571428572,0.19194285714285714,0.19176,0.19176,0.19187428571428572,0.20318857142857144,0.19176,0.19123428571428572,0.18969142857142857,0.19176,0.19656,0.19193142857142856,0.19176,0.19176,0.19176,0.19176,0.19176,0.19176,0.19141714285714287,0.19176,0.19208,0.19176,0.19176,0.19518857142857143,0.19518857142857143,0.1972,0.1972,0.19176,0.19206857142857142,0.18952,0.16379428571428573,0.1696457142857143,0.19122285714285714,0.19176,0.18594285714285713,0.19193142857142856,0.18990857142857143,0.19172571428571428,0.19788571428571428,0.20064,0.20054857142857144,0.14620571428571427,0.18428571428571427
Bottom-Two-Runoff Instant Runoff,0.027783428571428577,0.027771428571428572,0.28563428571428573,0.24417142857142857,0.05008,0.21558857142857143,0.18930285714285713,0.21606857142857142,0.21606857142857142,0.21606857142857142,0.21606857142857142,0.21558857142857143,0.21606857142857142,0.21558857142857143,0.24674285714285715,0.21558857142857143,0.21606857142857142,0.23961142857142856,0.22622857142857142,0.2514742857142857,0.19746285714285713,0.18674285714285715,0.0,0.010914285714285715,0.1616,0.015805714285714284,0.01537142857142857,0.01537142857142857,0.015645714285714287,0.12438857142857143,0.01537142857142857,0.015462857142857143,0.019908571428571428,0.01537142857142857,0.031142857142857142,0.015828571428571428,0.01537142857142857,0.01537142857142857,0.01537142857142857,0.01537142857142857,0.01537142857142857,0.01537142857142857,0.015497142857142857,0.01537142857142857,0.021657142857142857,0.01537142857142857,0.01537142857142857,0.029657142857142858,0.029657142857142858,0.025782857142857142,0.025782857142857142,0.01537142857142857,0.02446857142857143,0.020011428571428572,0.02294857142857143,0.022765714285714285,0.015497142857142857,0.01537142857142857,0.02985142857142857,0.015828571428571428,0.020045714285714285,0.015337142857142856,0.20408,0.22700571428571428,0.09405714285714285,0.08099428571428571,0.014342857142857143
Benham,0.021449714285714287,0.021394285714285713,0.28565714285714283,0.24437714285714285,0.048754285714285715,0.21248,0.1830057142857143,0.2126057142857143,0.2126057142857143,0.2126057142857143,0.2126057142857143,0.21248,0.2126057142857143,0.21248,0.2452,0.21248,0.2126057142857143,0.23902857142857142,0.22832,0.25145142857142855,0.19392,0.17841142857142858,0.010914285714285715,0.0,0.15693714285714286,0.021005714285714287,0.020742857142857143,0.020742857142857143,0.020948571428571428,0.12828571428571428,0.020742857142857143,0.02018285714285714,0.018685714285714285,0.020742857142857143,0.03283428571428571,0.021005714285714287,0.020742857142857143,0.020742857142857143,0.020742857142857143,0.020742857142857143,0.020742857142857143,0.020742857142857143,0.02046857142857143,0.020742857142857143,0.021154285714285716,0.020742857142857143,0.020742857142857143,0.031645714285714284,0.031645714285714284,0.03024,0.03024,0.020742857142857143,0.026811428571428573,0.018685714285714285,0.014617142857142856,0.0172,0.020217142857142857,0.020742857142857143,0.02674285714285714,0.021005714285714287,0.018937142857142857,0.02069714285714286,0.2001942857142857,0.22549714285714287,0.09392,0.07323428571428571,0.007074285714285714
PluralityWRunoff PUT,0.16861999999999996,0.16857142857142857,0.2807314285714286,0.2447542857142857,0.16062857142857143,0.1292,0.1317142857142857,0.13850285714285715,0.13850285714285715,0.13850285714285715,0.13850285714285715,0.1292,0.13850285714285715,0.1292,0.2537942857142857,0.1292,0.13850285714285715,0.22836571428571428,0.21810285714285715,0.19913142857142857,0.19870857142857143,0.11835428571428572,0.1616,0.15693714285714286,0.0,0.16416,0.16380571428571428,0.16380571428571428,0.16395428571428572,0.18416,0.16380571428571428,0.16337142857142858,0.16430857142857141,0.16380571428571428,0.17003428571428572,0.16417142857142858,0.16380571428571428,0.16380571428571428,0.16380571428571428,0.16380571428571428,0.16380571428571428,0.16380571428571428,0.1636,0.16380571428571428,0.16642285714285715,0.16380571428571428,0.16380571428571428,0.16870857142857143,0.16870857142857143,0.17259428571428573,0.17259428571428573,0.16380571428571428,0.16464,0.1641257142857143,0.15410285714285715,0.15430857142857143,0.16333714285714285,0.16380571428571428,0.15657142857142858,0.16417142857142858,0.16464,0.16374857142857144,0.19660571428571427,0.19795428571428572,0.18787428571428572,0.12001142857142857,0.1568342857142857
Coombs,0.03794685714285714,0.038034285714285715,0.2857142857142857,0.24411428571428573,0.04797714285714286,0.21786285714285714,0.19461714285714285,0.21873142857142858,0.21873142857142858,0.21873142857142858,0.21873142857142858,0.21786285714285714,0.21873142857142858,0.21786285714285714,0.25050285714285714,0.21786285714285714,0.21873142857142858,0.2402857142857143,0.22126857142857143,0.25316571428571427,0.19788571428571428,0.19194285714285714,0.015805714285714284,0.021005714285714287,0.16416,0.0,0.0007885714285714285,0.0007885714285714285,0.0005142857142857143,0.11490285714285714,0.0007885714285714285,0.00176,0.017645714285714285,0.0007885714285714285,0.028022857142857144,5.714285714285714e-05,0.0007885714285714285,0.0007885714285714285,0.0007885714285714285,0.0007885714285714285,0.0007885714285714285,0.0007885714285714285,0.001177142857142857,0.0007885714285714285,0.019325714285714286,0.0007885714285714285,0.0007885714285714285,0.025702857142857142,0.025702857142857142,0.018548571428571428,0.018548571428571428,0.0007885714285714285,0.01801142857142857,0.01790857142857143,0.02814857142857143,0.026514285714285716,0.0017828571428571429,0.0007885714285714285,0.032125714285714285,5.714285714285714e-05,0.017085714285714287,0.0008228571428571429,0.20454857142857144,0.22618285714285713,0.08849142857142857,0.08674285714285715,0.01705142857142857
Baldwin,0.038724,0.03881142857142857,0.2857142857142857,0.24412571428571428,0.04819428571428572,0.21772571428571427,0.19451428571428572,0.21861714285714287,0.21861714285714287,0.21861714285714287,0.21861714285714287,0.21772571428571427,0.21861714285714287,0.21772571428571427,0.25070857142857145,0.21772571428571427,0.21861714285714287,0.24029714285714285,0.22093714285714286,0.2531542857142857,0.19754285714285713,0.19176,0.01537142857142857,0.020742857142857143,0.16380571428571428,0.0007885714285714285,0.0,0.0,0.00032,0.11446857142857143,0.0,0.0012457142857142858,0.017942857142857142,0.0,0.027782857142857144,0.0008228571428571429,0.0,0.0,0.0,0.0,0.0,0.0,0.0006514285714285715,0.0,0.01933714285714286,0.0,0.0,0.02544,0.02544,0.019314285714285714,0.019314285714285714,0.0,0.017554285714285713,0.018125714285714287,0.027965714285714285,0.026342857142857144,0.0012685714285714286,0.0,0.03198857142857143,0.0008228571428571429,0.017862857142857142,6.857142857142857e-05,0.2042057142857143,0.22573714285714286,0.08907428571428572,0.08634285714285714,0.01750857142857143
Strict Nanson,0.038724,0.03881142857142857,0.2857142857142857,0.24412571428571428,0.04819428571428572,0.21772571428571427,0.19451428571428572,0.21861714285714287,0.21861714285714287,0.21861714285714287,0.21861714285714287,0.21772571428571427,0.21861714285714287,0.21772571428571427,0.25070857142857145,0.21772571428571427,0.21861714285714287,0.24029714285714285,0.22093714285714286,0.2531542857142857,0.19754285714285713,0.19176,0.01537142857142857,0.020742857142857143,0.16380571428571428,0.0007885714285714285,0.0,0.0,0.00032,0.11446857142857143,0.0,0.0012457142857142858,0.017942857142857142,0.0,0.027782857142857144,0.0008228571428571429,0.0,0.0,0.0,0.0,0.0,0.0,0.0006514285714285715,0.0,0.01933714285714286,0.0,0.0,0.02544,0.02544,0.019314285714285714,0.019314285714285714,0.0,0.017554285714285713,0.018125714285714287,0.027965714285714285,0.026342857142857144,0.0012685714285714286,0.0,0.03198857142857143,0.0008228571428571429,0.017862857142857142,6.857142857142857e-05,0.2042057142857143,0.22573714285714286,0.08907428571428572,0.08634285714285714,0.01750857142857143
Weak Nanson,0.038403999999999994,0.03849142857142857,0.2857142857142857,0.24416,0.04816,0.21779428571428572,0.1946057142857143,0.2186857142857143,0.2186857142857143,0.2186857142857143,0.2186857142857143,0.21779428571428572,0.2186857142857143,0.21779428571428572,0.2505942857142857,0.21779428571428572,0.2186857142857143,0.24032,0.22106285714285714,0.25316571428571427,0.19769142857142857,0.19187428571428572,0.015645714285714287,0.020948571428571428,0.16395428571428572,0.0005142857142857143,0.00032,0.00032,0.0,0.11464,0.00032,0.00144,0.017862857142857142,0.00032,0.027874285714285713,0.0005028571428571429,0.00032,0.00032,0.00032,0.00032,0.00032,0.00032,0.0008571428571428571,0.00032,0.01933714285714286,0.00032,0.00032,0.02554285714285714,0.02554285714285714,0.018994285714285714,0.018994285714285714,0.00032,0.017714285714285714,0.01809142857142857,0.02808,0.02648,0.001462857142857143,0.00032,0.03205714285714286,0.0005028571428571429,0.01754285714285714,0.00037714285714285714,0.2043542857142857,0.22594285714285714,0.0888,0.08656,0.01744
Iterated Removal Condorcet Loser,0.1419051428571429,0.14195428571428573,0.25846857142857144,0.24429714285714285,0.14037714285714287,0.22049142857142856,0.21573714285714285,0.2304342857142857,0.2304342857142857,0.2304342857142857,0.2304342857142857,0.22049142857142856,0.2304342857142857,0.22049142857142856,0.2690742857142857,0.22049142857142856,0.2304342857142857,0.24170285714285714,0.13722285714285715,0.23876571428571428,0.20557714285714285,0.20318857142857144,0.12438857142857143,0.12828571428571428,0.18416,0.11490285714285714,0.11446857142857143,0.11446857142857143,0.11464,0.0,0.11446857142857143,0.11450285714285714,0.12707428571428572,0.11446857142857143,0.12210285714285714,0.11491428571428572,0.11446857142857143,0.11446857142857143,0.11446857142857143,0.11446857142857143,0.11446857142857143,0.11446857142857143,0.11395428571428572,0.11446857142857143,0.12825142857142857,0.11446857142857143,0.11446857142857143,0.11978285714285715,0.11978285714285715,0.12842285714285714,0.12842285714285714,0.11446857142857143,0.11810285714285715,0.12710857142857143,0.13153142857142858,0.1294857142857143,0.11446857142857143,0.11446857142857143,0.1348,0.11491428571428572,0.12708571428571427,0.11443428571428571,0.21062857142857142,0.20238857142857142,0.1650742857142857,0.15514285714285714,0.12670857142857142
Raynaud,0.038724,0.03881142857142857,0.2857142857142857,0.24412571428571428,0.04819428571428572,0.21772571428571427,0.19451428571428572,0.21861714285714287,0.21861714285714287,0.21861714285714287,0.21861714285714287,0.21772571428571427,0.21861714285714287,0.21772571428571427,0.25070857142857145,0.21772571428571427,0.21861714285714287,0.24029714285714285,0.22093714285714286,0.2531542857142857,0.19754285714285713,0.19176,0.01537142857142857,0.020742857142857143,0.16380571428571428,0.0007885714285714285,0.0,0.0,0.00032,0.11446857142857143,0.0,0.0012457142857142858,0.017942857142857142,0.0,0.027782857142857144,0.0008228571428571429,0.0,0.0,0.0,0.0,0.0,0.0,0.0006514285714285715,0.0,0.01933714285714286,0.0,0.0,0.02544,0.02544,0.019314285714285714,0.019314285714285714,0.0,0.017554285714285713,0.018125714285714287,0.027965714285714285,0.026342857142857144,0.0012685714285714286,0.0,0.03198857142857143,0.0008228571428571429,0.017862857142857142,6.857142857142857e-05,0.2042057142857143,0.22573714285714286,0.08907428571428572,0.08634285714285714,0.01750857142857143
Tideman Alternative Top Cycle,0.03845542857142857,0.03838857142857143,0.28568,0.24411428571428573,0.04858285714285714,0.2174742857142857,0.1942057142857143,0.2184457142857143,0.2184457142857143,0.2184457142857143,0.2184457142857143,0.2174742857142857,0.2184457142857143,0.2174742857142857,0.25070857142857145,0.2174742857142857,0.2184457142857143,0.24016,0.22102857142857144,0.2529142857142857,0.1975542857142857,0.19123428571428572,0.015462857142857143,0.02018285714285714,0.16337142857142858,0.00176,0.0012457142857142858,0.0012457142857142858,0.00144,0.11450285714285714,0.0012457142857142858,0.0,0.018457142857142856,0.0012457142857142858,0.027794285714285716,0.0017371428571428572,0.0012457142857142858,0.0012457142857142858,0.0012457142857142858,0.0012457142857142858,0.0012457142857142858,0.0012457142857142858,0.0006857142857142857,0.0012457142857142858,0.019737142857142856,0.0012457142857142858,0.0012457142857142858,0.025531428571428573,0.025531428571428573,0.020217142857142857,0.020217142857142857,0.0012457142857142858,0.017325714285714285,0.018514285714285716,0.02744,0.025714285714285714,3.4285714285714284e-05,0.0012457142857142858,0.03173714285714286,0.0017371428571428572,0.018754285714285713,0.001177142857142857,0.20421714285714285,0.22517714285714285,0.08979428571428572,0.08595428571428572,0.018274285714285715
