,NN,Min Violations Committee,Max Violations Committee,Random Choice,Borda ranking,Plurality ranking,STV,Approval Voting (AV),Proportional Approval Voting (PAV),Approval Chamberlin-Courant (CC),Lexicographic Chamberlin-Courant (lex-CC),Sequential Approval Chamberlin-Courant (seq-CC),Monroe's Approval Rule (Monroe),Greedy Monroe,Minimax Approval Voting (MAV),Method of Equal Shares (aka Rule X) with Phragmén phase,E Pluribus Hugo (EPH),Random Serial Dictator,Anti-Plurality,Two-Approval,Three-Approval,Instant Runoff,Bottom-Two-Runoff Instant Runoff,Benham,PluralityWRunoff PUT,Coombs,Baldwin,Strict Nanson,Weak Nanson,Iterated Removal Condorcet Loser,Raynaud,Tideman Alternative Top Cycle,Knockout Voting,Banks,Condorcet,Copeland,Llull,Uncovered Set,Uncovered Set - Fishburn,Uncovered Set - Bordes,Uncovered Set - McKelvey,Slater,Top Cycle,GOCHA,Bipartisan Set,Minimax,Split Cycle,Ranked Pairs ZT,Ranked Pairs TB,Simple Stable Voting,Stable Voting,Loss-Trimmer Voting,Daunou,Blacks,Condorcet IRV,Condorcet IRV PUT,Smith IRV,Smith-Minimax,Condorcet Plurality,Copeland-Local-Borda,Copeland-Global-Borda,Borda-Minimax Faceoff,Bucklin,Simplified Bucklin,Weighted Bucklin,Bracket Voting,Superior Voting
Min Violations Committee,2.6666666666666667e-05,0.0,0.3333333333333333,0.27768,0.10565333333333334,0.18370666666666666,0.10044,0.17525333333333334,0.17525333333333334,0.17525333333333334,0.17525333333333334,0.18370666666666666,0.17525333333333334,0.18370666666666666,0.22913333333333333,0.18370666666666666,0.17525333333333334,0.2648933333333333,0.21077333333333334,0.15381333333333333,0.15284,0.12690666666666667,0.09784,0.10298666666666667,0.15128,0.12466666666666666,0.09552,0.09348,0.08673333333333333,0.26321333333333335,0.10114666666666666,0.10745333333333333,0.07582666666666667,0.13792,0.15346666666666667,0.08482666666666666,0.09277333333333333,0.13044,0.09369333333333334,0.13805333333333333,0.14401333333333333,0.09702666666666666,0.15096,0.09392,0.09470666666666666,0.08857333333333334,0.09696,0.15021333333333334,0.15021333333333334,0.06829333333333333,0.06829333333333333,0.08564,0.11512,0.09121333333333333,0.10588,0.11369333333333333,0.10806666666666667,0.08852,0.11697333333333333,0.07668,0.07274666666666667,0.09185333333333333,0.15188,0.22801333333333335,0.11134666666666666,0.09478666666666667,0.08706666666666667
Max Violations Committee,0.33332799999999996,0.3333333333333333,0.0,0.2760533333333333,0.3224533333333333,0.3085466666666667,0.3254,0.31772,0.31772,0.31772,0.31772,0.3085466666666667,0.31772,0.3085466666666667,0.30344,0.3085466666666667,0.31772,0.28576,0.3058,0.31550666666666666,0.3160133333333333,0.32116,0.32470666666666664,0.32393333333333335,0.31333333333333335,0.322,0.3238666666666667,0.3246266666666667,0.32641333333333333,0.19376,0.32264,0.32384,0.32613333333333333,0.3006933333333333,0.24606666666666666,0.3235733333333333,0.3208,0.30601333333333336,0.3144266666666667,0.30033333333333334,0.29430666666666666,0.32081333333333334,0.26669333333333334,0.30546666666666666,0.31325333333333333,0.3237466666666667,0.3214,0.27357333333333334,0.27357333333333334,0.3268666666666667,0.3268666666666667,0.32524,0.31952,0.32398666666666665,0.3237466666666667,0.3195733333333333,0.32398666666666665,0.32377333333333336,0.31793333333333335,0.32710666666666666,0.32654666666666665,0.32421333333333335,0.3161333333333333,0.2861066666666667,0.3221466666666667,0.32484,0.32470666666666664
Random Choice,0.2776786666666667,0.27768,0.2760533333333333,0.0,0.27756,0.27773333333333333,0.27753333333333335,0.27754666666666666,0.27754666666666666,0.27754666666666666,0.27754666666666666,0.27773333333333333,0.27754666666666666,0.27773333333333333,0.27856,0.27773333333333333,0.27754666666666666,0.27882666666666667,0.27729333333333334,0.27672,0.2782,0.27708,0.27725333333333335,0.2768933333333333,0.27770666666666666,0.27764,0.27774666666666664,0.2776266666666667,0.27730666666666665,0.2766266666666667,0.27808,0.27729333333333334,0.2775066666666667,0.2778,0.27682666666666667,0.2769066666666667,0.27712,0.27801333333333333,0.27769333333333335,0.27784,0.27781333333333336,0.27744,0.2772133333333333,0.27738666666666667,0.27772,0.2773466666666667,0.27730666666666665,0.27709333333333336,0.27709333333333336,0.27769333333333335,0.27769333333333335,0.27802666666666664,0.27808,0.27732,0.27696,0.27713333333333334,0.27713333333333334,0.27732,0.27788,0.27737333333333336,0.27698666666666666,0.27696,0.27824,0.27741333333333335,0.27685333333333334,0.2772,0.27737333333333336
Borda ranking,0.10566666666666669,0.10565333333333334,0.3224533333333333,0.27756,0.0,0.17090666666666668,0.12446666666666667,0.1716,0.1716,0.1716,0.1716,0.17090666666666668,0.1716,0.17090666666666668,0.28288,0.17090666666666668,0.1716,0.26242666666666664,0.18628,0.12312,0.11158666666666667,0.12621333333333334,0.09996,0.10821333333333333,0.13693333333333332,0.11557333333333333,0.09690666666666667,0.09233333333333334,0.08549333333333334,0.24185333333333334,0.10336,0.10821333333333333,0.04577333333333333,0.11590666666666667,0.14797333333333335,0.07317333333333334,0.08545333333333334,0.11554666666666667,0.09284,0.11597333333333333,0.12188,0.09296,0.13724,0.09686666666666667,0.10562666666666666,0.08277333333333334,0.08582666666666666,0.14029333333333333,0.14029333333333333,0.06482666666666667,0.06482666666666667,0.09401333333333334,0.1152,0.01444,0.10990666666666667,0.10994666666666666,0.10936,0.08270666666666666,0.11802666666666667,0.07366666666666667,0.048133333333333334,0.06817333333333334,0.1106,0.19201333333333334,0.03552,0.10494666666666666,0.07906666666666666
Plurality ranking,0.18370599999999998,0.18370666666666666,0.3085466666666667,0.27773333333333333,0.17090666666666668,0.0,0.15928,0.057973333333333335,0.057973333333333335,0.057973333333333335,0.057973333333333335,0.0,0.057973333333333335,0.0,0.28613333333333335,0.0,0.057973333333333335,0.25433333333333336,0.25361333333333336,0.17968,0.21761333333333333,0.14814666666666668,0.15357333333333334,0.15753333333333333,0.11546666666666666,0.20872,0.17388,0.17328,0.17229333333333333,0.24588,0.17604,0.16166666666666665,0.16965333333333332,0.17962666666666666,0.19870666666666667,0.17112,0.17284,0.18033333333333335,0.17462666666666668,0.17969333333333334,0.18096,0.17313333333333333,0.19084,0.17658666666666667,0.17826666666666666,0.17192,0.17149333333333333,0.19269333333333333,0.19269333333333333,0.16910666666666666,0.16910666666666666,0.17390666666666665,0.09452,0.17032,0.15550666666666665,0.15970666666666666,0.15882666666666667,0.17192,0.06673333333333334,0.17152,0.17028,0.17124,0.21698666666666666,0.22724,0.17302666666666666,0.13842666666666667,0.1566
STV,0.100448,0.10044,0.3254,0.27753333333333335,0.12446666666666667,0.15928,0.0,0.15205333333333335,0.15205333333333335,0.15205333333333335,0.15205333333333335,0.15928,0.15205333333333335,0.15928,0.2633066666666667,0.15928,0.15205333333333335,0.26010666666666665,0.22941333333333333,0.14989333333333332,0.17102666666666666,0.06936,0.09865333333333333,0.07852,0.12344,0.15770666666666666,0.11649333333333334,0.11542666666666666,0.1106,0.26044,0.12198666666666666,0.08724,0.10374666666666667,0.14496,0.16404,0.11088,0.11794666666666667,0.14692,0.12092,0.14512,0.15061333333333332,0.11929333333333333,0.15924,0.12456,0.12272,0.11453333333333333,0.11933333333333333,0.16025333333333333,0.16025333333333333,0.10013333333333334,0.10013333333333334,0.11048,0.11070666666666666,0.11378666666666666,0.0752,0.08782666666666666,0.08117333333333333,0.11453333333333333,0.11290666666666667,0.10784,0.10488,0.11588,0.17013333333333333,0.22808,0.12597333333333333,0.089,0.09586666666666667
Approval Voting (AV),0.17525133333333334,0.17525333333333334,0.31772,0.27754666666666666,0.1716,0.057973333333333335,0.15205333333333335,0.0,0.0,0.0,0.0,0.057973333333333335,0.0,0.057973333333333335,0.26588,0.057973333333333335,0.0,0.25376,0.2564533333333333,0.18170666666666666,0.21886666666666665,0.14933333333333335,0.15656,0.15869333333333333,0.12842666666666666,0.20982666666666666,0.17822666666666667,0.1764,0.17418666666666666,0.267,0.18118666666666666,0.16374666666666668,0.16912,0.19350666666666666,0.21078666666666668,0.17532,0.17952,0.19264,0.18213333333333334,0.19364,0.19566666666666666,0.17942666666666668,0.20405333333333334,0.18401333333333333,0.18504,0.17657333333333333,0.17782666666666666,0.20650666666666667,0.20650666666666667,0.16869333333333333,0.16869333333333333,0.17774666666666666,0.11304,0.17052,0.15701333333333334,0.16585333333333332,0.16097333333333333,0.17657333333333333,0.09888,0.1734,0.1698,0.17632,0.21797333333333332,0.24554666666666666,0.17361333333333334,0.13850666666666667,0.15837333333333334
Proportional Approval Voting (PAV),0.17525133333333334,0.17525333333333334,0.31772,0.27754666666666666,0.1716,0.057973333333333335,0.15205333333333335,0.0,0.0,0.0,0.0,0.057973333333333335,0.0,0.057973333333333335,0.26588,0.057973333333333335,0.0,0.25376,0.2564533333333333,0.18170666666666666,0.21886666666666665,0.14933333333333335,0.15656,0.15869333333333333,0.12842666666666666,0.20982666666666666,0.17822666666666667,0.1764,0.17418666666666666,0.267,0.18118666666666666,0.16374666666666668,0.16912,0.19350666666666666,0.21078666666666668,0.17532,0.17952,0.19264,0.18213333333333334,0.19364,0.19566666666666666,0.17942666666666668,0.20405333333333334,0.18401333333333333,0.18504,0.17657333333333333,0.17782666666666666,0.20650666666666667,0.20650666666666667,0.16869333333333333,0.16869333333333333,0.17774666666666666,0.11304,0.17052,0.15701333333333334,0.16585333333333332,0.16097333333333333,0.17657333333333333,0.09888,0.1734,0.1698,0.17632,0.21797333333333332,0.24554666666666666,0.17361333333333334,0.13850666666666667,0.15837333333333334
Approval Chamberlin-Courant (CC),0.17525133333333334,0.17525333333333334,0.31772,0.27754666666666666,0.1716,0.057973333333333335,0.15205333333333335,0.0,0.0,0.0,0.0,0.057973333333333335,0.0,0.057973333333333335,0.26588,0.057973333333333335,0.0,0.25376,0.2564533333333333,0.18170666666666666,0.21886666666666665,0.14933333333333335,0.15656,0.15869333333333333,0.12842666666666666,0.20982666666666666,0.17822666666666667,0.1764,0.17418666666666666,0.267,0.18118666666666666,0.16374666666666668,0.16912,0.19350666666666666,0.21078666666666668,0.17532,0.17952,0.19264,0.18213333333333334,0.19364,0.19566666666666666,0.17942666666666668,0.20405333333333334,0.18401333333333333,0.18504,0.17657333333333333,0.17782666666666666,0.20650666666666667,0.20650666666666667,0.16869333333333333,0.16869333333333333,0.17774666666666666,0.11304,0.17052,0.15701333333333334,0.16585333333333332,0.16097333333333333,0.17657333333333333,0.09888,0.1734,0.1698,0.17632,0.21797333333333332,0.24554666666666666,0.17361333333333334,0.13850666666666667,0.15837333333333334
Lexicographic Chamberlin-Courant (lex-CC),0.17525133333333334,0.17525333333333334,0.31772,0.27754666666666666,0.1716,0.057973333333333335,0.15205333333333335,0.0,0.0,0.0,0.0,0.057973333333333335,0.0,0.057973333333333335,0.26588,0.057973333333333335,0.0,0.25376,0.2564533333333333,0.18170666666666666,0.21886666666666665,0.14933333333333335,0.15656,0.15869333333333333,0.12842666666666666,0.20982666666666666,0.17822666666666667,0.1764,0.17418666666666666,0.267,0.18118666666666666,0.16374666666666668,0.16912,0.19350666666666666,0.21078666666666668,0.17532,0.17952,0.19264,0.18213333333333334,0.19364,0.19566666666666666,0.17942666666666668,0.20405333333333334,0.18401333333333333,0.18504,0.17657333333333333,0.17782666666666666,0.20650666666666667,0.20650666666666667,0.16869333333333333,0.16869333333333333,0.17774666666666666,0.11304,0.17052,0.15701333333333334,0.16585333333333332,0.16097333333333333,0.17657333333333333,0.09888,0.1734,0.1698,0.17632,0.21797333333333332,0.24554666666666666,0.17361333333333334,0.13850666666666667,0.15837333333333334
Sequential Approval Chamberlin-Courant (seq-CC),0.18370599999999998,0.18370666666666666,0.3085466666666667,0.27773333333333333,0.17090666666666668,0.0,0.15928,0.057973333333333335,0.057973333333333335,0.057973333333333335,0.057973333333333335,0.0,0.057973333333333335,0.0,0.28613333333333335,0.0,0.057973333333333335,0.25433333333333336,0.25361333333333336,0.17968,0.21761333333333333,0.14814666666666668,0.15357333333333334,0.15753333333333333,0.11546666666666666,0.20872,0.17388,0.17328,0.17229333333333333,0.24588,0.17604,0.16166666666666665,0.16965333333333332,0.17962666666666666,0.19870666666666667,0.17112,0.17284,0.18033333333333335,0.17462666666666668,0.17969333333333334,0.18096,0.17313333333333333,0.19084,0.17658666666666667,0.17826666666666666,0.17192,0.17149333333333333,0.19269333333333333,0.19269333333333333,0.16910666666666666,0.16910666666666666,0.17390666666666665,0.09452,0.17032,0.15550666666666665,0.15970666666666666,0.15882666666666667,0.17192,0.06673333333333334,0.17152,0.17028,0.17124,0.21698666666666666,0.22724,0.17302666666666666,0.13842666666666667,0.1566
Monroe's Approval Rule (Monroe),0.17525133333333334,0.17525333333333334,0.31772,0.27754666666666666,0.1716,0.057973333333333335,0.15205333333333335,0.0,0.0,0.0,0.0,0.057973333333333335,0.0,0.057973333333333335,0.26588,0.057973333333333335,0.0,0.25376,0.2564533333333333,0.18170666666666666,0.21886666666666665,0.14933333333333335,0.15656,0.15869333333333333,0.12842666666666666,0.20982666666666666,0.17822666666666667,0.1764,0.17418666666666666,0.267,0.18118666666666666,0.16374666666666668,0.16912,0.19350666666666666,0.21078666666666668,0.17532,0.17952,0.19264,0.18213333333333334,0.19364,0.19566666666666666,0.17942666666666668,0.20405333333333334,0.18401333333333333,0.18504,0.17657333333333333,0.17782666666666666,0.20650666666666667,0.20650666666666667,0.16869333333333333,0.16869333333333333,0.17774666666666666,0.11304,0.17052,0.15701333333333334,0.16585333333333332,0.16097333333333333,0.17657333333333333,0.09888,0.1734,0.1698,0.17632,0.21797333333333332,0.24554666666666666,0.17361333333333334,0.13850666666666667,0.15837333333333334
Greedy Monroe,0.18370599999999998,0.18370666666666666,0.3085466666666667,0.27773333333333333,0.17090666666666668,0.0,0.15928,0.057973333333333335,0.057973333333333335,0.057973333333333335,0.057973333333333335,0.0,0.057973333333333335,0.0,0.28613333333333335,0.0,0.057973333333333335,0.25433333333333336,0.25361333333333336,0.17968,0.21761333333333333,0.14814666666666668,0.15357333333333334,0.15753333333333333,0.11546666666666666,0.20872,0.17388,0.17328,0.17229333333333333,0.24588,0.17604,0.16166666666666665,0.16965333333333332,0.17962666666666666,0.19870666666666667,0.17112,0.17284,0.18033333333333335,0.17462666666666668,0.17969333333333334,0.18096,0.17313333333333333,0.19084,0.17658666666666667,0.17826666666666666,0.17192,0.17149333333333333,0.19269333333333333,0.19269333333333333,0.16910666666666666,0.16910666666666666,0.17390666666666665,0.09452,0.17032,0.15550666666666665,0.15970666666666666,0.15882666666666667,0.17192,0.06673333333333334,0.17152,0.17028,0.17124,0.21698666666666666,0.22724,0.17302666666666666,0.13842666666666667,0.1566
Minimax Approval Voting (MAV),0.22912133333333337,0.22913333333333333,0.30344,0.27856,0.28288,0.28613333333333335,0.2633066666666667,0.26588,0.26588,0.26588,0.26588,0.28613333333333335,0.26588,0.28613333333333335,0.0,0.28613333333333335,0.26588,0.2787866666666667,0.2914,0.28857333333333335,0.2884,0.2856,0.28662666666666664,0.28612,0.29306666666666664,0.28629333333333334,0.29092,0.2900933333333333,0.28729333333333334,0.32892,0.2933866666666667,0.28842666666666666,0.2830933333333333,0.3072,0.3072,0.2895333333333333,0.29464,0.3072,0.2955333333333333,0.3072,0.3072,0.29362666666666665,0.3072,0.2955333333333333,0.29589333333333334,0.29086666666666666,0.29392,0.30717333333333335,0.30717333333333335,0.28132,0.28132,0.2879333333333333,0.28468,0.28328,0.28573333333333334,0.2932666666666667,0.2872266666666667,0.2908133333333333,0.2840666666666667,0.28354666666666667,0.28210666666666667,0.29213333333333336,0.2882,0.32910666666666666,0.28286666666666666,0.2796266666666667,0.28214666666666666
Method of Equal Shares (aka Rule X) with Phragmén phase,0.18370599999999998,0.18370666666666666,0.3085466666666667,0.27773333333333333,0.17090666666666668,0.0,0.15928,0.057973333333333335,0.057973333333333335,0.057973333333333335,0.057973333333333335,0.0,0.057973333333333335,0.0,0.28613333333333335,0.0,0.057973333333333335,0.25433333333333336,0.25361333333333336,0.17968,0.21761333333333333,0.14814666666666668,0.15357333333333334,0.15753333333333333,0.11546666666666666,0.20872,0.17388,0.17328,0.17229333333333333,0.24588,0.17604,0.16166666666666665,0.16965333333333332,0.17962666666666666,0.19870666666666667,0.17112,0.17284,0.18033333333333335,0.17462666666666668,0.17969333333333334,0.18096,0.17313333333333333,0.19084,0.17658666666666667,0.17826666666666666,0.17192,0.17149333333333333,0.19269333333333333,0.19269333333333333,0.16910666666666666,0.16910666666666666,0.17390666666666665,0.09452,0.17032,0.15550666666666665,0.15970666666666666,0.15882666666666667,0.17192,0.06673333333333334,0.17152,0.17028,0.17124,0.21698666666666666,0.22724,0.17302666666666666,0.13842666666666667,0.1566
E Pluribus Hugo (EPH),0.17525133333333334,0.17525333333333334,0.31772,0.27754666666666666,0.1716,0.057973333333333335,0.15205333333333335,0.0,0.0,0.0,0.0,0.057973333333333335,0.0,0.057973333333333335,0.26588,0.057973333333333335,0.0,0.25376,0.2564533333333333,0.18170666666666666,0.21886666666666665,0.14933333333333335,0.15656,0.15869333333333333,0.12842666666666666,0.20982666666666666,0.17822666666666667,0.1764,0.17418666666666666,0.267,0.18118666666666666,0.16374666666666668,0.16912,0.19350666666666666,0.21078666666666668,0.17532,0.17952,0.19264,0.18213333333333334,0.19364,0.19566666666666666,0.17942666666666668,0.20405333333333334,0.18401333333333333,0.18504,0.17657333333333333,0.17782666666666666,0.20650666666666667,0.20650666666666667,0.16869333333333333,0.16869333333333333,0.17774666666666666,0.11304,0.17052,0.15701333333333334,0.16585333333333332,0.16097333333333333,0.17657333333333333,0.09888,0.1734,0.1698,0.17632,0.21797333333333332,0.24554666666666666,0.17361333333333334,0.13850666666666667,0.15837333333333334
Random Serial Dictator,0.2648906666666666,0.2648933333333333,0.28576,0.27882666666666667,0.26242666666666664,0.25433333333333336,0.26010666666666665,0.25376,0.25376,0.25376,0.25376,0.25433333333333336,0.25376,0.25433333333333336,0.2787866666666667,0.25433333333333336,0.25376,0.0,0.27065333333333336,0.26378666666666667,0.26921333333333336,0.25650666666666666,0.25981333333333334,0.25750666666666666,0.25638666666666665,0.2664,0.2611733333333333,0.26037333333333335,0.26152,0.27070666666666665,0.26122666666666666,0.25754666666666665,0.2618666666666667,0.26254666666666665,0.26696,0.26112,0.26065333333333335,0.26216,0.2606266666666667,0.26272,0.26226666666666665,0.2602933333333333,0.26397333333333334,0.26024,0.26134666666666667,0.26068,0.26065333333333335,0.26496,0.26496,0.26116,0.26116,0.26070666666666664,0.25644,0.26242666666666664,0.25748,0.25798666666666664,0.25777333333333335,0.26069333333333333,0.25594666666666666,0.2601866666666667,0.2620133333333333,0.2604,0.2690666666666667,0.27132,0.2622933333333333,0.25882666666666665,0.2595866666666667
Anti-Plurality,0.21078466666666668,0.21077333333333334,0.3058,0.27729333333333334,0.18628,0.25361333333333336,0.22941333333333333,0.2564533333333333,0.2564533333333333,0.2564533333333333,0.2564533333333333,0.25361333333333336,0.2564533333333333,0.25361333333333336,0.2914,0.25361333333333336,0.2564533333333333,0.27065333333333336,0.0,0.24,0.21870666666666666,0.22845333333333334,0.21297333333333332,0.21662666666666666,0.23148,0.18405333333333335,0.20304,0.20230666666666666,0.20161333333333334,0.24644,0.20361333333333334,0.21470666666666666,0.19478666666666666,0.20330666666666666,0.21872,0.19597333333333333,0.1976,0.20334666666666668,0.19898666666666667,0.20325333333333334,0.20409333333333332,0.20057333333333333,0.20922666666666667,0.19985333333333333,0.20324,0.19882666666666668,0.19928,0.21277333333333334,0.21277333333333334,0.19848,0.19848,0.20222666666666667,0.2252,0.18981333333333333,0.21885333333333334,0.21626666666666666,0.21717333333333333,0.19888,0.22714666666666666,0.19828,0.19414666666666666,0.19785333333333333,0.21876,0.23130666666666666,0.20393333333333333,0.217,0.20361333333333334
Two-Approval,0.1538146666666667,0.15381333333333333,0.31550666666666666,0.27672,0.12312,0.17968,0.14989333333333332,0.18170666666666666,0.18170666666666666,0.18170666666666666,0.18170666666666666,0.17968,0.18170666666666666,0.17968,0.28857333333333335,0.17968,0.18170666666666666,0.26378666666666667,0.24,0.0,0.16424,0.14502666666666666,0.13854666666666668,0.14230666666666666,0.16136,0.173,0.14161333333333334,0.1392,0.1374,0.24212,0.14396,0.14305333333333334,0.12964,0.15010666666666667,0.17488,0.13528,0.13786666666666667,0.15058666666666667,0.14030666666666666,0.15005333333333334,0.15342666666666666,0.13938666666666666,0.16364,0.14262666666666668,0.14966666666666667,0.13573333333333334,0.13584,0.16809333333333334,0.16809333333333334,0.13146666666666668,0.13146666666666668,0.1406,0.14449333333333333,0.12517333333333333,0.14146666666666666,0.14198666666666668,0.14116,0.13573333333333334,0.15065333333333333,0.13473333333333334,0.12916,0.13334666666666667,0.16285333333333332,0.19749333333333333,0.12509333333333333,0.14522666666666667,0.13772
Three-Approval,0.15284133333333333,0.15284,0.3160133333333333,0.2782,0.11158666666666667,0.21761333333333333,0.17102666666666666,0.21886666666666665,0.21886666666666665,0.21886666666666665,0.21886666666666665,0.21761333333333333,0.21886666666666665,0.21761333333333333,0.2884,0.21761333333333333,0.21886666666666665,0.26921333333333336,0.21870666666666666,0.16424,0.0,0.17010666666666666,0.15106666666666665,0.15624,0.18533333333333332,0.15244,0.14138666666666666,0.13953333333333334,0.13726666666666668,0.24388,0.14545333333333332,0.15396,0.12332,0.14784,0.17614666666666667,0.13086666666666666,0.13521333333333332,0.14832,0.13830666666666666,0.14784,0.15265333333333334,0.13886666666666667,0.16522666666666666,0.14089333333333334,0.14682666666666666,0.13450666666666666,0.13494666666666666,0.16854666666666668,0.16854666666666668,0.12877333333333332,0.12877333333333332,0.14198666666666668,0.16882666666666668,0.11498666666666667,0.15710666666666667,0.1556,0.15525333333333333,0.13449333333333333,0.17241333333333334,0.13216,0.12336,0.13041333333333333,0.0013866666666666667,0.17212,0.10654666666666666,0.15869333333333333,0.14186666666666667
Instant Runoff,0.1269193333333333,0.12690666666666667,0.32116,0.27708,0.12621333333333334,0.14814666666666668,0.06936,0.14933333333333335,0.14933333333333335,0.14933333333333335,0.14933333333333335,0.14814666666666668,0.14933333333333335,0.14814666666666668,0.2856,0.14814666666666668,0.14933333333333335,0.25650666666666666,0.22845333333333334,0.14502666666666666,0.17010666666666666,0.0,0.06709333333333334,0.027933333333333334,0.08761333333333333,0.15144,0.09436,0.09524,0.09712,0.23832,0.09656,0.04476,0.10710666666666667,0.12094666666666666,0.15278666666666665,0.10274666666666667,0.10274666666666667,0.11262666666666667,0.10473333333333333,0.12116,0.12262666666666666,0.10037333333333333,0.13848,0.10846666666666667,0.11528,0.09933333333333333,0.09884,0.14493333333333333,0.14493333333333333,0.10432,0.10432,0.09741333333333334,0.10454666666666666,0.11649333333333334,0.021026666666666666,0.04668,0.034493333333333334,0.09933333333333333,0.1098,0.10102666666666667,0.10885333333333333,0.09868,0.16921333333333333,0.20641333333333334,0.12741333333333332,0.08912,0.09648
Bottom-Two-Runoff Instant Runoff,0.09785199999999995,0.09784,0.32470666666666664,0.27725333333333335,0.09996,0.15357333333333334,0.09865333333333333,0.15656,0.15656,0.15656,0.15656,0.15357333333333334,0.15656,0.15357333333333334,0.28662666666666664,0.15357333333333334,0.15656,0.25981333333333334,0.21297333333333332,0.13854666666666668,0.15106666666666665,0.06709333333333334,0.0,0.0434,0.09769333333333333,0.11945333333333333,0.05884,0.05692,0.05744,0.23297333333333334,0.06493333333333333,0.04316,0.07006666666666667,0.09258666666666666,0.1296,0.06741333333333334,0.06465333333333333,0.08374666666666666,0.06868,0.09292,0.09650666666666667,0.0586,0.1148,0.07261333333333334,0.08572,0.06258666666666667,0.06125333333333333,0.12228,0.12228,0.06926666666666667,0.06926666666666667,0.06110666666666666,0.07905333333333334,0.08552,0.046066666666666665,0.05430666666666667,0.046226666666666666,0.06258666666666667,0.08684,0.06168,0.07425333333333334,0.061586666666666665,0.14993333333333334,0.19562666666666667,0.10345333333333333,0.07392,0.07086666666666666
Benham,0.10299933333333336,0.10298666666666667,0.32393333333333335,0.2768933333333333,0.10821333333333333,0.15753333333333333,0.07852,0.15869333333333333,0.15869333333333333,0.15869333333333333,0.15869333333333333,0.15753333333333333,0.15869333333333333,0.15753333333333333,0.28612,0.15753333333333333,0.15869333333333333,0.25750666666666666,0.21662666666666666,0.14230666666666666,0.15624,0.027933333333333334,0.0434,0.0,0.09446666666666667,0.12962666666666667,0.06922666666666667,0.06993333333333333,0.07210666666666667,0.23393333333333333,0.07153333333333334,0.01788,0.08246666666666666,0.09796,0.13096,0.07734666666666666,0.07744,0.08952,0.07996,0.09818666666666667,0.10008,0.07522666666666666,0.11628,0.08390666666666667,0.09122666666666666,0.07441333333333333,0.07418666666666666,0.12333333333333334,0.12333333333333334,0.07958666666666667,0.07958666666666667,0.07205333333333333,0.08517333333333334,0.09377333333333333,0.006906666666666667,0.028613333333333334,0.01744,0.07441333333333333,0.0908,0.07536,0.08388,0.07381333333333333,0.15521333333333334,0.20064,0.11126666666666667,0.07156,0.07064
PluralityWRunoff PUT,0.1512913333333333,0.15128,0.31333333333333335,0.27770666666666666,0.13693333333333332,0.11546666666666666,0.12344,0.12842666666666666,0.12842666666666666,0.12842666666666666,0.12842666666666666,0.11546666666666666,0.12842666666666666,0.11546666666666666,0.29306666666666664,0.11546666666666666,0.12842666666666666,0.25638666666666665,0.23148,0.16136,0.18533333333333332,0.08761333333333333,0.09769333333333333,0.09446666666666667,0.0,0.16724,0.11645333333333334,0.11650666666666666,0.11806666666666667,0.22722666666666666,0.11653333333333334,0.09866666666666667,0.12614666666666666,0.12773333333333334,0.15758666666666668,0.12164,0.11952,0.12056,0.12106666666666667,0.12782666666666667,0.12681333333333333,0.11641333333333333,0.14198666666666668,0.12410666666666667,0.12948,0.1192,0.11706666666666667,0.14901333333333333,0.14901333333333333,0.12549333333333335,0.12549333333333335,0.11904,0.10598666666666667,0.13082666666666667,0.09336,0.09394666666666666,0.09824,0.1192,0.1038,0.12309333333333333,0.12733333333333333,0.11754666666666666,0.18457333333333334,0.20121333333333333,0.14061333333333334,0.10388,0.10885333333333333
Coombs,0.12468066666666662,0.12466666666666666,0.322,0.27764,0.11557333333333333,0.20872,0.15770666666666666,0.20982666666666666,0.20982666666666666,0.20982666666666666,0.20982666666666666,0.20872,0.20982666666666666,0.20872,0.28629333333333334,0.20872,0.20982666666666666,0.2664,0.18405333333333335,0.173,0.15244,0.15144,0.11945333333333333,0.12962666666666667,0.16724,0.0,0.09378666666666667,0.09086666666666667,0.09156,0.23862666666666665,0.09698666666666667,0.12624,0.09865333333333333,0.11894666666666667,0.15274666666666667,0.096,0.09689333333333333,0.11321333333333333,0.10158666666666667,0.11926666666666667,0.12294666666666666,0.09437333333333334,0.13806666666666667,0.10466666666666667,0.11489333333333333,0.09573333333333334,0.09448,0.14406666666666668,0.14406666666666668,0.0976,0.0976,0.09624,0.14614666666666667,0.1074,0.13208,0.12884,0.129,0.09565333333333334,0.14890666666666666,0.09165333333333334,0.09878666666666666,0.09237333333333334,0.15173333333333333,0.19713333333333333,0.12349333333333333,0.13237333333333334,0.11393333333333333
Baldwin,0.09553400000000001,0.09552,0.3238666666666667,0.27774666666666664,0.09690666666666667,0.17388,0.11649333333333334,0.17822666666666667,0.17822666666666667,0.17822666666666667,0.17822666666666667,0.17388,0.17822666666666667,0.17388,0.29092,0.17388,0.17822666666666667,0.2611733333333333,0.20304,0.14161333333333334,0.14138666666666666,0.09436,0.05884,0.06922666666666667,0.11645333333333334,0.09378666666666667,0.0,0.013093333333333334,0.032426666666666666,0.22598666666666667,0.01692,0.06294666666666666,0.058293333333333336,0.07998666666666666,0.12473333333333333,0.05650666666666666,0.04429333333333333,0.06541333333333334,0.04848,0.08012,0.08506666666666667,0.03425333333333333,0.10714666666666667,0.053226666666666665,0.07357333333333334,0.03412,0.029613333333333332,0.11436,0.11436,0.05038666666666667,0.05038666666666667,0.023853333333333334,0.10196,0.08246666666666666,0.07333333333333333,0.06768,0.06848,0.03406666666666667,0.10714666666666667,0.04938666666666667,0.06689333333333333,0.03402666666666666,0.14053333333333334,0.18233333333333332,0.10264,0.08458666666666667,0.07525333333333334
Strict Nanson,0.0934953333333333,0.09348,0.3246266666666667,0.2776266666666667,0.09233333333333334,0.17328,0.11542666666666666,0.1764,0.1764,0.1764,0.1764,0.17328,0.1764,0.17328,0.2900933333333333,0.17328,0.1764,0.26037333333333335,0.20230666666666666,0.1392,0.13953333333333334,0.09524,0.05692,0.06993333333333333,0.11650666666666666,0.09086666666666667,0.013093333333333334,0.0,0.023,0.22752,0.025013333333333332,0.06456,0.051706666666666665,0.07924,0.12592,0.053,0.04137333333333333,0.06765333333333333,0.04688,0.07933333333333334,0.08657333333333334,0.0272,0.10878666666666667,0.0516,0.07257333333333334,0.031013333333333334,0.024226666666666667,0.11594666666666667,0.11594666666666667,0.045706666666666666,0.045706666666666666,0.025146666666666668,0.10094666666666667,0.07789333333333333,0.07421333333333334,0.06865333333333333,0.06968,0.03096,0.10654666666666666,0.044386666666666665,0.06273333333333334,0.029586666666666667,0.13849333333333333,0.18334666666666666,0.09805333333333334,0.08244,0.07229333333333333
Weak Nanson,0.08674533333333335,0.08673333333333333,0.32641333333333333,0.27730666666666665,0.08549333333333334,0.17229333333333333,0.1106,0.17418666666666666,0.17418666666666666,0.17418666666666666,0.17418666666666666,0.17229333333333333,0.17418666666666666,0.17229333333333333,0.28729333333333334,0.17229333333333333,0.17418666666666666,0.26152,0.20161333333333334,0.1374,0.13726666666666668,0.09712,0.05744,0.07210666666666667,0.11806666666666667,0.09156,0.032426666666666666,0.023,0.0,0.23210666666666666,0.04208,0.06718666666666667,0.04372,0.08713333333333333,0.12970666666666666,0.045573333333333334,0.04596,0.07656,0.05245333333333333,0.08732,0.09432,0.034653333333333335,0.11388,0.05689333333333333,0.07408,0.036533333333333334,0.03165333333333333,0.12001333333333333,0.12001333333333333,0.0376,0.0376,0.03862666666666666,0.09902666666666667,0.07105333333333333,0.07609333333333333,0.07314666666666667,0.07204,0.03645333333333333,0.10556,0.03470666666666666,0.05297333333333333,0.034293333333333335,0.13625333333333334,0.18838666666666667,0.09176,0.07913333333333333,0.06461333333333333
Iterated Removal Condorcet Loser,0.26321333333333324,0.26321333333333335,0.19376,0.2766266666666667,0.24185333333333334,0.24588,0.26044,0.267,0.267,0.267,0.267,0.24588,0.267,0.24588,0.32892,0.24588,0.267,0.27070666666666665,0.24644,0.24212,0.24388,0.23832,0.23297333333333334,0.23393333333333333,0.22722666666666666,0.23862666666666665,0.22598666666666667,0.22752,0.23210666666666666,0.0,0.22229333333333334,0.23097333333333334,0.23925333333333335,0.18110666666666667,0.13524,0.22709333333333334,0.21813333333333335,0.18921333333333334,0.20730666666666667,0.18058666666666667,0.16681333333333334,0.21852,0.12104,0.19332,0.21332,0.22590666666666667,0.22145333333333334,0.14612,0.14612,0.24090666666666666,0.24090666666666666,0.22808,0.23534666666666668,0.23846666666666666,0.23490666666666668,0.22328,0.23257333333333333,0.22588,0.23876,0.23629333333333333,0.24072,0.22593333333333335,0.24346666666666666,0.1642,0.24325333333333332,0.24532,0.23877333333333334
Raynaud,0.10116066666666665,0.10114666666666666,0.32264,0.27808,0.10336,0.17604,0.12198666666666666,0.18118666666666666,0.18118666666666666,0.18118666666666666,0.18118666666666666,0.17604,0.18118666666666666,0.17604,0.2933866666666667,0.17604,0.18118666666666666,0.26122666666666666,0.20361333333333334,0.14396,0.14545333333333332,0.09656,0.06493333333333333,0.07153333333333334,0.11653333333333334,0.09698666666666667,0.01692,0.025013333333333332,0.04208,0.22229333333333334,0.0,0.0652,0.06569333333333334,0.07964,0.12158666666666666,0.06250666666666667,0.049933333333333337,0.05948,0.05284,0.07969333333333334,0.08052,0.04208,0.10333333333333333,0.05673333333333333,0.07288,0.04153333333333333,0.037853333333333336,0.11002666666666666,0.11002666666666666,0.0608,0.0608,0.027106666666666668,0.10470666666666667,0.08892,0.07553333333333333,0.06744,0.07072,0.041453333333333335,0.10930666666666666,0.05768,0.07372,0.04149333333333333,0.14446666666666666,0.18004,0.10852,0.08944,0.08038666666666666
Tideman Alternative Top Cycle,0.10746599999999998,0.10745333333333333,0.32384,0.27729333333333334,0.10821333333333333,0.16166666666666665,0.08724,0.16374666666666668,0.16374666666666668,0.16374666666666668,0.16374666666666668,0.16166666666666665,0.16374666666666668,0.16166666666666665,0.28842666666666666,0.16166666666666665,0.16374666666666668,0.25754666666666665,0.21470666666666666,0.14305333333333334,0.15396,0.04476,0.04316,0.01788,0.09866666666666667,0.12624,0.06294666666666666,0.06456,0.06718666666666667,0.23097333333333334,0.0652,0.0,0.08178666666666666,0.09217333333333333,0.12912,0.07473333333333333,0.07293333333333334,0.08245333333333334,0.07544,0.0924,0.09445333333333333,0.06878666666666666,0.11210666666666666,0.07976,0.08937333333333333,0.07010666666666666,0.06905333333333333,0.12085333333333333,0.12085333333333333,0.07938666666666666,0.07938666666666666,0.06706666666666666,0.0864,0.09377333333333333,0.023733333333333332,0.03326666666666667,0.011386666666666666,0.07010666666666666,0.09493333333333333,0.07244,0.08368,0.06908,0.15293333333333334,0.19670666666666667,0.11128,0.07730666666666666,0.07488
Knockout Voting,0.07584133333333333,0.07582666666666667,0.32613333333333333,0.2775066666666667,0.04577333333333333,0.16965333333333332,0.10374666666666667,0.16912,0.16912,0.16912,0.16912,0.16965333333333332,0.16912,0.16965333333333332,0.2830933333333333,0.16965333333333332,0.16912,0.2618666666666667,0.19478666666666666,0.12964,0.12332,0.10710666666666667,0.07006666666666667,0.08246666666666666,0.12614666666666666,0.09865333333333333,0.058293333333333336,0.051706666666666665,0.04372,0.23925333333333335,0.06569333333333334,0.08178666666666666,0.0,0.10050666666666666,0.13393333333333332,0.047746666666666666,0.05574666666666667,0.09337333333333334,0.06338666666666666,0.10070666666666667,0.10734666666666667,0.05277333333333333,0.12370666666666667,0.06752,0.0784,0.05312,0.054946666666666664,0.126,0.126,0.03392,0.03392,0.05502666666666667,0.10009333333333334,0.03133333333333333,0.08608,0.08574666666666667,0.08454666666666667,0.053053333333333334,0.10292,0.03809333333333333,0.030773333333333333,0.040626666666666665,0.12217333333333333,0.19581333333333334,0.06394666666666667,0.0782,0.05816
Banks,0.13791933333333334,0.13792,0.3006933333333333,0.2778,0.11590666666666667,0.17962666666666666,0.14496,0.19350666666666666,0.19350666666666666,0.19350666666666666,0.19350666666666666,0.17962666666666666,0.19350666666666666,0.17962666666666666,0.3072,0.17962666666666666,0.19350666666666666,0.26254666666666665,0.20330666666666666,0.15010666666666667,0.14784,0.12094666666666666,0.09258666666666666,0.09796,0.12773333333333334,0.11894666666666667,0.07998666666666666,0.07924,0.08713333333333333,0.18110666666666667,0.07964,0.09217333333333333,0.10050666666666666,0.0,0.08598666666666667,0.07945333333333333,0.06568,0.048786666666666666,0.05266666666666667,0.00068,0.01897333333333333,0.06410666666666667,0.061173333333333337,0.059373333333333334,0.06892,0.08012,0.07348,0.07482666666666667,0.07482666666666667,0.10246666666666666,0.10246666666666666,0.08021333333333333,0.10889333333333333,0.10146666666666666,0.09992,0.08722666666666666,0.09524,0.08009333333333334,0.11289333333333333,0.09441333333333334,0.1012,0.07886666666666667,0.14690666666666666,0.15153333333333333,0.12078666666666667,0.11529333333333333,0.09861333333333333
Condorcet,0.1534666666666667,0.15346666666666667,0.24606666666666666,0.27682666666666667,0.14797333333333335,0.19870666666666667,0.16404,0.21078666666666668,0.21078666666666668,0.21078666666666668,0.21078666666666668,0.19870666666666667,0.21078666666666668,0.19870666666666667,0.3072,0.19870666666666667,0.21078666666666668,0.26696,0.21872,0.17488,0.17614666666666667,0.15278666666666665,0.1296,0.13096,0.15758666666666668,0.15274666666666667,0.12473333333333333,0.12592,0.12970666666666666,0.13524,0.12158666666666666,0.12912,0.13393333333333332,0.08598666666666667,0.0,0.12570666666666666,0.11852,0.09317333333333333,0.10854666666666667,0.08550666666666666,0.07418666666666666,0.11837333333333333,0.032,0.09533333333333334,0.11262666666666667,0.12486666666666667,0.12081333333333333,0.03436,0.03436,0.13557333333333332,0.13557333333333332,0.12669333333333332,0.13248,0.13353333333333334,0.13176,0.12177333333333333,0.13046666666666668,0.12493333333333333,0.13197333333333333,0.13274666666666668,0.13532,0.12477333333333333,0.17525333333333334,0.1752,0.15236,0.14425333333333334,0.13382666666666668
Copeland,0.08483933333333332,0.08482666666666666,0.3235733333333333,0.2769066666666667,0.07317333333333334,0.17112,0.11088,0.17532,0.17532,0.17532,0.17532,0.17112,0.17532,0.17112,0.2895333333333333,0.17112,0.17532,0.26112,0.19597333333333333,0.13528,0.13086666666666666,0.10274666666666667,0.06741333333333334,0.07734666666666666,0.12164,0.096,0.05650666666666666,0.053,0.045573333333333334,0.22709333333333334,0.06250666666666667,0.07473333333333333,0.047746666666666666,0.07945333333333333,0.12570666666666666,0.0,0.027666666666666666,0.07478666666666667,0.04070666666666667,0.07977333333333333,0.08837333333333333,0.04389333333333333,0.1086,0.047773333333333334,0.06761333333333333,0.04444,0.0506,0.11673333333333333,0.11673333333333333,0.03986666666666667,0.03986666666666667,0.048626666666666665,0.09756,0.05873333333333333,0.08172,0.07989333333333333,0.07829333333333334,0.04442666666666667,0.10438666666666667,0.019346666666666668,0.026426666666666668,0.042173333333333334,0.12993333333333335,0.18225333333333332,0.0812,0.08241333333333334,0.0406
Llull,0.092788,0.09277333333333333,0.3208,0.27712,0.08545333333333334,0.17284,0.11794666666666667,0.17952,0.17952,0.17952,0.17952,0.17284,0.17952,0.17284,0.29464,0.17284,0.17952,0.26065333333333335,0.1976,0.13786666666666667,0.13521333333333332,0.10274666666666667,0.06465333333333333,0.07744,0.11952,0.09689333333333333,0.04429333333333333,0.04137333333333333,0.04596,0.21813333333333335,0.049933333333333337,0.07293333333333334,0.05574666666666667,0.06568,0.11852,0.027666666666666666,0.0,0.05498666666666667,0.01632,0.06601333333333333,0.0726,0.02825333333333333,0.09909333333333334,0.02688,0.056266666666666666,0.029,0.035693333333333334,0.10756,0.10756,0.05125333333333333,0.05125333333333333,0.033253333333333336,0.09998666666666667,0.07101333333333333,0.08172,0.07586666666666667,0.0774,0.028986666666666668,0.10610666666666667,0.03990666666666667,0.05072,0.03089333333333333,0.13425333333333334,0.17276,0.09256,0.08564,0.06545333333333334
