Unnamed: 0,Min Violations Committee,Max Violations Committee,Random Choice,Borda ranking,Plurality ranking,STV,Approval Voting (AV),Proportional Approval Voting (PAV),Approval Chamberlin-Courant (CC),Lexicographic Chamberlin-Courant (lex-CC),Sequential Approval Chamberlin-Courant (seq-CC),Monroe's Approval Rule (Monroe),Greedy Monroe,Minimax Approval Voting (MAV),Method of Equal Shares (aka Rule X) with Phragmén phase,E Pluribus Hugo (EPH),Random Serial Dictator,Anti-Plurality,Two-Approval,Three-Approval,Instant Runoff,Bottom-Two-Runoff Instant Runoff,Benham,PluralityWRunoff PUT,Coombs,Baldwin,Strict Nanson,Weak Nanson,Iterated Removal Condorcet Loser,Raynaud,Tideman Alternative Top Cycle,Knockout Voting,Banks,Condorcet,Copeland,Llull,Uncovered Set,Uncovered Set - Fishburn,Uncovered Set - Bordes,Uncovered Set - McKelvey,Slater,Top Cycle,GOCHA,Bipartisan Set,Minimax,Split Cycle,Ranked Pairs ZT,Ranked Pairs TB,Simple Stable Voting,Stable Voting,Loss-Trimmer Voting,Daunou,Blacks,Condorcet IRV,Condorcet IRV PUT,Smith IRV,Smith-Minimax,Condorcet Plurality,Copeland-Local-Borda,Copeland-Global-Borda,Borda-Minimax Faceoff,Bucklin,Simplified Bucklin,Weighted Bucklin,Bracket Voting,Superior Voting
Min Violations Committee,0.0,0.2857142857142857,0.2442285714285714,0.0451314285714285,0.0769714285714285,0.0236457142857142,0.0700571428571428,0.0700571428571428,0.0700571428571428,0.0700571428571428,0.0769714285714285,0.0700571428571428,0.0769714285714285,0.2352457142857142,0.0769714285714285,0.0700571428571428,0.1732342857142857,0.2077485714285714,0.0883314285714285,0.2077485714285714,0.05424,0.0463542857142857,0.0479428571428571,0.0554857142857142,0.0548457142857142,0.0477828571428571,0.0459085714285714,0.0409257142857142,0.1800571428571428,0.0502857142857142,0.0502971428571428,0.0303085714285714,0.0605142857142857,0.0681371428571428,0.0446171428571428,0.0497485714285714,0.0609257142857142,0.0497485714285714,0.0605142857142857,0.0643085714285714,0.0497485714285714,0.0643085714285714,0.0497485714285714,0.0370971428571428,0.0475771428571428,0.0475771428571428,0.0643085714285714,0.0643085714285714,0.0314285714285714,0.0314285714285714,0.0467085714285714,0.0448571428571428,0.0353257142857142,0.0479428571428571,0.0506285714285714,0.0502971428571428,0.0475771428571428,0.0402628571428571,0.0413257142857142,0.0303085714285714,0.0475771428571428,0.08784,0.2035085714285714,0.0675771428571428,0.0316342857142857,0.0336114285714285
Max Violations Committee,0.2857142857142857,0.0,0.2448342857142857,0.2857142857142857,0.2857142857142857,0.2857142857142857,0.2857142857142857,0.2857142857142857,0.2857142857142857,0.2857142857142857,0.2857142857142857,0.2857142857142857,0.2857142857142857,0.2589257142857142,0.2857142857142857,0.2857142857142857,0.2857142857142857,0.2857142857142857,0.2857142857142857,0.2857142857142857,0.2857142857142857,0.2857142857142857,0.2857142857142857,0.2857142857142857,0.2857142857142857,0.2857142857142857,0.2857142857142857,0.2857142857142857,0.22784,0.2857142857142857,0.2857142857142857,0.2857142857142857,0.2857142857142857,0.2647657142857142,0.2857142857142857,0.2857142857142857,0.2857142857142857,0.2857142857142857,0.2857142857142857,0.2857142857142857,0.2857142857142857,0.2857142857142857,0.2857142857142857,0.2857142857142857,0.2857142857142857,0.2857142857142857,0.2857142857142857,0.2857142857142857,0.2857142857142857,0.2857142857142857,0.2857142857142857,0.2857142857142857,0.2857142857142857,0.2857142857142857,0.2857142857142857,0.2857142857142857,0.2857142857142857,0.2857142857142857,0.2857142857142857,0.2857142857142857,0.2857142857142857,0.2857142857142857,0.2857142857142857,0.2857142857142857,0.2857142857142857,0.2857142857142857
Random Choice,0.2442285714285714,0.2448342857142857,0.0,0.2441485714285714,0.2442857142857142,0.2438057142857143,0.24424,0.24424,0.24424,0.24424,0.2442857142857142,0.24424,0.2442857142857142,0.2456342857142857,0.2442857142857142,0.24424,0.2462971428571428,0.2446514285714285,0.2444914285714285,0.2446514285714285,0.2440685714285714,0.2444228571428571,0.2440457142857142,0.24392,0.2445028571428571,0.2443314285714285,0.2443314285714285,0.2441028571428571,0.2446285714285714,0.2443314285714285,0.2440571428571428,0.2441142857142857,0.2446628571428571,0.24432,0.2442171428571428,0.2444,0.2443428571428571,0.2444,0.2446628571428571,0.2445028571428571,0.2444,0.24456,0.2444,0.24464,0.2443085714285714,0.2443085714285714,0.2442057142857142,0.2442057142857142,0.2441485714285714,0.2441485714285714,0.2444342857142857,0.2441942857142857,0.2442171428571428,0.2440457142857142,0.2439085714285714,0.2440571428571428,0.2443085714285714,0.2442742857142857,0.2440914285714285,0.2441142857142857,0.2443085714285714,0.2445028571428571,0.2445257142857143,0.2443771428571428,0.244,0.2438171428571428
Borda ranking,0.0451314285714285,0.2857142857142857,0.2441485714285714,0.0,0.0662514285714285,0.05208,0.06736,0.06736,0.06736,0.06736,0.0662514285714285,0.06736,0.0662514285714285,0.2464914285714285,0.0662514285714285,0.06736,0.1720228571428571,0.1856571428571428,0.0722285714285714,0.1856571428571428,0.0488914285714285,0.0380342857142857,0.04344,0.0485371428571428,0.0472571428571428,0.0401714285714285,0.0372342857142857,0.0271314285714285,0.1672342857142857,0.0438742857142857,0.04336,0.0148228571428571,0.0426057142857142,0.0694628571428571,0.0331314285714285,0.0382628571428571,0.04664,0.0382628571428571,0.0426057142857142,0.0468,0.0382628571428571,0.0484457142857142,0.0382628571428571,0.0450057142857142,0.0346742857142857,0.0346742857142857,0.0538628571428571,0.0538628571428571,0.0185257142857142,0.0185257142857142,0.0406285714285714,0.04008,0.0098057142857142,0.04344,0.04448,0.04336,0.0346742857142857,0.0401028571428571,0.02584,0.0148228571428571,0.0346742857142857,0.0717371428571428,0.1812114285714285,0.0493028571428571,0.0391885714285714,0.0368685714285714
Plurality ranking,0.0769714285714285,0.2857142857142857,0.2442857142857142,0.0662514285714285,0.0,0.06944,0.0318857142857142,0.0318857142857142,0.0318857142857142,0.0318857142857142,0.0,0.0318857142857142,0.0,0.2490628571428571,0.0,0.0318857142857142,0.1700457142857142,0.1798628571428571,0.1333828571428571,0.1798628571428571,0.0579542857142857,0.05984,0.0630742857142857,0.0641942857142857,0.0890628571428571,0.0711428571428571,0.06984,0.0683428571428571,0.1750285714285714,0.0726971428571428,0.0650742857142857,0.06744,0.0728228571428571,0.0959085714285714,0.0700342857142857,0.0706057142857142,0.0748228571428571,0.0706057142857142,0.0728228571428571,0.0749485714285714,0.0706057142857142,0.0758857142857142,0.0706057142857142,0.0743885714285714,0.0691885714285714,0.0691885714285714,0.0803542857142857,0.0803542857142857,0.0676457142857142,0.0676457142857142,0.07096,0.0416685714285714,0.0670057142857142,0.0630742857142857,0.0674514285714285,0.0650742857142857,0.0691885714285714,0.0367085714285714,0.0684114285714285,0.06744,0.0691885714285714,0.1328914285714285,0.1754628571428571,0.11248,0.0476914285714285,0.0558285714285714
STV,0.0236457142857142,0.2857142857142857,0.2438057142857143,0.05208,0.06944,0.0,0.06288,0.06288,0.06288,0.06288,0.06944,0.06288,0.06944,0.23752,0.06944,0.06288,0.1726971428571428,0.2052914285714285,0.1015085714285714,0.2052914285714285,0.0411314285714285,0.0503885714285714,0.04368,0.0446742857142857,0.0652685714285714,0.0529028571428571,0.0514742857142857,0.0487428571428571,0.1795085714285714,0.0552,0.0460342857142857,0.0395428571428571,0.0612571428571428,0.0715085714285714,0.0498628571428571,0.0539428571428571,0.0638628571428571,0.0539428571428571,0.0612571428571428,0.0648457142857142,0.0539428571428571,0.0654742857142857,0.0539428571428571,0.0447428571428571,0.0524228571428571,0.0524228571428571,0.0660914285714285,0.0660914285714285,0.0384914285714285,0.0384914285714285,0.0513942857142857,0.04528,0.04296,0.04368,0.0468,0.0460342857142857,0.0524228571428571,0.0408114285714285,0.0493942857142857,0.0395428571428571,0.0524228571428571,0.1010171428571428,0.2010628571428571,0.0810742857142857,0.03216,0.0293485714285714
Approval Voting (AV),0.0700571428571428,0.2857142857142857,0.24424,0.06736,0.0318857142857142,0.06288,0.0,0.0,0.0,0.0,0.0318857142857142,0.0,0.0318857142857142,0.2398628571428571,0.0318857142857142,0.0,0.1700342857142857,0.2013828571428571,0.1343542857142857,0.2013828571428571,0.0648571428571428,0.0636571428571428,0.0696114285714285,0.0710971428571428,0.0917714285714285,0.0762742857142857,0.0744571428571428,0.0714285714285714,0.1852228571428571,0.0785942857142857,0.07176,0.0676228571428571,0.0811885714285714,0.0994057142857142,0.0748,0.0767542857142857,0.0830742857142857,0.0767542857142857,0.0811885714285714,0.0839085714285714,0.0767542857142857,0.0852342857142857,0.0767542857142857,0.0772571428571428,0.0743428571428571,0.0743428571428571,0.0889828571428571,0.0889828571428571,0.06848,0.06848,0.0759085714285714,0.05432,0.0672457142857142,0.0696114285714285,0.0739885714285714,0.07176,0.0743428571428571,0.0495771428571428,0.0715314285714285,0.0676228571428571,0.0743428571428571,0.1338628571428571,0.1971428571428571,0.1132457142857142,0.0473485714285714,0.0593828571428571
Proportional Approval Voting (PAV),0.0700571428571428,0.2857142857142857,0.24424,0.06736,0.0318857142857142,0.06288,0.0,0.0,0.0,0.0,0.0318857142857142,0.0,0.0318857142857142,0.2398628571428571,0.0318857142857142,0.0,0.1700342857142857,0.2013828571428571,0.1343542857142857,0.2013828571428571,0.0648571428571428,0.0636571428571428,0.0696114285714285,0.0710971428571428,0.0917714285714285,0.0762742857142857,0.0744571428571428,0.0714285714285714,0.1852228571428571,0.0785942857142857,0.07176,0.0676228571428571,0.0811885714285714,0.0994057142857142,0.0748,0.0767542857142857,0.0830742857142857,0.0767542857142857,0.0811885714285714,0.0839085714285714,0.0767542857142857,0.0852342857142857,0.0767542857142857,0.0772571428571428,0.0743428571428571,0.0743428571428571,0.0889828571428571,0.0889828571428571,0.06848,0.06848,0.0759085714285714,0.05432,0.0672457142857142,0.0696114285714285,0.0739885714285714,0.07176,0.0743428571428571,0.0495771428571428,0.0715314285714285,0.0676228571428571,0.0743428571428571,0.1338628571428571,0.1971428571428571,0.1132457142857142,0.0473485714285714,0.0593828571428571
Approval Chamberlin-Courant (CC),0.0700571428571428,0.2857142857142857,0.24424,0.06736,0.0318857142857142,0.06288,0.0,0.0,0.0,0.0,0.0318857142857142,0.0,0.0318857142857142,0.2398628571428571,0.0318857142857142,0.0,0.1700342857142857,0.2013828571428571,0.1343542857142857,0.2013828571428571,0.0648571428571428,0.0636571428571428,0.0696114285714285,0.0710971428571428,0.0917714285714285,0.0762742857142857,0.0744571428571428,0.0714285714285714,0.1852228571428571,0.0785942857142857,0.07176,0.0676228571428571,0.0811885714285714,0.0994057142857142,0.0748,0.0767542857142857,0.0830742857142857,0.0767542857142857,0.0811885714285714,0.0839085714285714,0.0767542857142857,0.0852342857142857,0.0767542857142857,0.0772571428571428,0.0743428571428571,0.0743428571428571,0.0889828571428571,0.0889828571428571,0.06848,0.06848,0.0759085714285714,0.05432,0.0672457142857142,0.0696114285714285,0.0739885714285714,0.07176,0.0743428571428571,0.0495771428571428,0.0715314285714285,0.0676228571428571,0.0743428571428571,0.1338628571428571,0.1971428571428571,0.1132457142857142,0.0473485714285714,0.0593828571428571
Lexicographic Chamberlin-Courant (lex-CC),0.0700571428571428,0.2857142857142857,0.24424,0.06736,0.0318857142857142,0.06288,0.0,0.0,0.0,0.0,0.0318857142857142,0.0,0.0318857142857142,0.2398628571428571,0.0318857142857142,0.0,0.1700342857142857,0.2013828571428571,0.1343542857142857,0.2013828571428571,0.0648571428571428,0.0636571428571428,0.0696114285714285,0.0710971428571428,0.0917714285714285,0.0762742857142857,0.0744571428571428,0.0714285714285714,0.1852228571428571,0.0785942857142857,0.07176,0.0676228571428571,0.0811885714285714,0.0994057142857142,0.0748,0.0767542857142857,0.0830742857142857,0.0767542857142857,0.0811885714285714,0.0839085714285714,0.0767542857142857,0.0852342857142857,0.0767542857142857,0.0772571428571428,0.0743428571428571,0.0743428571428571,0.0889828571428571,0.0889828571428571,0.06848,0.06848,0.0759085714285714,0.05432,0.0672457142857142,0.0696114285714285,0.0739885714285714,0.07176,0.0743428571428571,0.0495771428571428,0.0715314285714285,0.0676228571428571,0.0743428571428571,0.1338628571428571,0.1971428571428571,0.1132457142857142,0.0473485714285714,0.0593828571428571
Sequential Approval Chamberlin-Courant (seq-CC),0.0769714285714285,0.2857142857142857,0.2442857142857142,0.0662514285714285,0.0,0.06944,0.0318857142857142,0.0318857142857142,0.0318857142857142,0.0318857142857142,0.0,0.0318857142857142,0.0,0.2490628571428571,0.0,0.0318857142857142,0.1700457142857142,0.1798628571428571,0.1333828571428571,0.1798628571428571,0.0579542857142857,0.05984,0.0630742857142857,0.0641942857142857,0.0890628571428571,0.0711428571428571,0.06984,0.0683428571428571,0.1750285714285714,0.0726971428571428,0.0650742857142857,0.06744,0.0728228571428571,0.0959085714285714,0.0700342857142857,0.0706057142857142,0.0748228571428571,0.0706057142857142,0.0728228571428571,0.0749485714285714,0.0706057142857142,0.0758857142857142,0.0706057142857142,0.0743885714285714,0.0691885714285714,0.0691885714285714,0.0803542857142857,0.0803542857142857,0.0676457142857142,0.0676457142857142,0.07096,0.0416685714285714,0.0670057142857142,0.0630742857142857,0.0674514285714285,0.0650742857142857,0.0691885714285714,0.0367085714285714,0.0684114285714285,0.06744,0.0691885714285714,0.1328914285714285,0.1754628571428571,0.11248,0.0476914285714285,0.0558285714285714
Monroe's Approval Rule (Monroe),0.0700571428571428,0.2857142857142857,0.24424,0.06736,0.0318857142857142,0.06288,0.0,0.0,0.0,0.0,0.0318857142857142,0.0,0.0318857142857142,0.2398628571428571,0.0318857142857142,0.0,0.1700342857142857,0.2013828571428571,0.1343542857142857,0.2013828571428571,0.0648571428571428,0.0636571428571428,0.0696114285714285,0.0710971428571428,0.0917714285714285,0.0762742857142857,0.0744571428571428,0.0714285714285714,0.1852228571428571,0.0785942857142857,0.07176,0.0676228571428571,0.0811885714285714,0.0994057142857142,0.0748,0.0767542857142857,0.0830742857142857,0.0767542857142857,0.0811885714285714,0.0839085714285714,0.0767542857142857,0.0852342857142857,0.0767542857142857,0.0772571428571428,0.0743428571428571,0.0743428571428571,0.0889828571428571,0.0889828571428571,0.06848,0.06848,0.0759085714285714,0.05432,0.0672457142857142,0.0696114285714285,0.0739885714285714,0.07176,0.0743428571428571,0.0495771428571428,0.0715314285714285,0.0676228571428571,0.0743428571428571,0.1338628571428571,0.1971428571428571,0.1132457142857142,0.0473485714285714,0.0593828571428571
Greedy Monroe,0.0769714285714285,0.2857142857142857,0.2442857142857142,0.0662514285714285,0.0,0.06944,0.0318857142857142,0.0318857142857142,0.0318857142857142,0.0318857142857142,0.0,0.0318857142857142,0.0,0.2490628571428571,0.0,0.0318857142857142,0.1700457142857142,0.1798628571428571,0.1333828571428571,0.1798628571428571,0.0579542857142857,0.05984,0.0630742857142857,0.0641942857142857,0.0890628571428571,0.0711428571428571,0.06984,0.0683428571428571,0.1750285714285714,0.0726971428571428,0.0650742857142857,0.06744,0.0728228571428571,0.0959085714285714,0.0700342857142857,0.0706057142857142,0.0748228571428571,0.0706057142857142,0.0728228571428571,0.0749485714285714,0.0706057142857142,0.0758857142857142,0.0706057142857142,0.0743885714285714,0.0691885714285714,0.0691885714285714,0.0803542857142857,0.0803542857142857,0.0676457142857142,0.0676457142857142,0.07096,0.0416685714285714,0.0670057142857142,0.0630742857142857,0.0674514285714285,0.0650742857142857,0.0691885714285714,0.0367085714285714,0.0684114285714285,0.06744,0.0691885714285714,0.1328914285714285,0.1754628571428571,0.11248,0.0476914285714285,0.0558285714285714
Minimax Approval Voting (MAV),0.2352457142857142,0.2589257142857142,0.2456342857142857,0.2464914285714285,0.2490628571428571,0.23752,0.2398628571428571,0.2398628571428571,0.2398628571428571,0.2398628571428571,0.2490628571428571,0.2398628571428571,0.2490628571428571,0.0,0.2490628571428571,0.2398628571428571,0.2455657142857142,0.2857142857142857,0.2478057142857143,0.2857142857142857,0.2491542857142857,0.2486742857142857,0.2491085714285714,0.2508228571428571,0.2488342857142857,0.2500457142857142,0.2494514285714285,0.2482171428571428,0.2743085714285714,0.2508571428571428,0.2497714285714285,0.2452685714285714,0.2544457142857143,0.2544457142857143,0.2497028571428571,0.2510285714285714,0.2544457142857143,0.2510285714285714,0.2544457142857143,0.2544457142857143,0.2510285714285714,0.2544457142857143,0.2510285714285714,0.2472228571428571,0.2501257142857143,0.2501257142857143,0.2544457142857143,0.2544457142857143,0.2456685714285714,0.2456685714285714,0.2497828571428571,0.2473714285714285,0.2455771428571428,0.2491085714285714,0.2504342857142857,0.2497714285714285,0.2501257142857143,0.2460571428571428,0.2484,0.2452685714285714,0.2501257142857143,0.2477485714285714,0.2849828571428571,0.2446171428571428,0.2440571428571428,0.24552
Method of Equal Shares (aka Rule X) with Phragmén phase,0.0769714285714285,0.2857142857142857,0.2442857142857142,0.0662514285714285,0.0,0.06944,0.0318857142857142,0.0318857142857142,0.0318857142857142,0.0318857142857142,0.0,0.0318857142857142,0.0,0.2490628571428571,0.0,0.0318857142857142,0.1700457142857142,0.1798628571428571,0.1333828571428571,0.1798628571428571,0.0579542857142857,0.05984,0.0630742857142857,0.0641942857142857,0.0890628571428571,0.0711428571428571,0.06984,0.0683428571428571,0.1750285714285714,0.0726971428571428,0.0650742857142857,0.06744,0.0728228571428571,0.0959085714285714,0.0700342857142857,0.0706057142857142,0.0748228571428571,0.0706057142857142,0.0728228571428571,0.0749485714285714,0.0706057142857142,0.0758857142857142,0.0706057142857142,0.0743885714285714,0.0691885714285714,0.0691885714285714,0.0803542857142857,0.0803542857142857,0.0676457142857142,0.0676457142857142,0.07096,0.0416685714285714,0.0670057142857142,0.0630742857142857,0.0674514285714285,0.0650742857142857,0.0691885714285714,0.0367085714285714,0.0684114285714285,0.06744,0.0691885714285714,0.1328914285714285,0.1754628571428571,0.11248,0.0476914285714285,0.0558285714285714
E Pluribus Hugo (EPH),0.0700571428571428,0.2857142857142857,0.24424,0.06736,0.0318857142857142,0.06288,0.0,0.0,0.0,0.0,0.0318857142857142,0.0,0.0318857142857142,0.2398628571428571,0.0318857142857142,0.0,0.1700342857142857,0.2013828571428571,0.1343542857142857,0.2013828571428571,0.0648571428571428,0.0636571428571428,0.0696114285714285,0.0710971428571428,0.0917714285714285,0.0762742857142857,0.0744571428571428,0.0714285714285714,0.1852228571428571,0.0785942857142857,0.07176,0.0676228571428571,0.0811885714285714,0.0994057142857142,0.0748,0.0767542857142857,0.0830742857142857,0.0767542857142857,0.0811885714285714,0.0839085714285714,0.0767542857142857,0.0852342857142857,0.0767542857142857,0.0772571428571428,0.0743428571428571,0.0743428571428571,0.0889828571428571,0.0889828571428571,0.06848,0.06848,0.0759085714285714,0.05432,0.0672457142857142,0.0696114285714285,0.0739885714285714,0.07176,0.0743428571428571,0.0495771428571428,0.0715314285714285,0.0676228571428571,0.0743428571428571,0.1338628571428571,0.1971428571428571,0.1132457142857142,0.0473485714285714,0.0593828571428571
Random Serial Dictator,0.1732342857142857,0.2857142857142857,0.2462971428571428,0.1720228571428571,0.1700457142857142,0.1726971428571428,0.1700342857142857,0.1700342857142857,0.1700342857142857,0.1700342857142857,0.1700457142857142,0.1700342857142857,0.1700457142857142,0.2455657142857142,0.1700457142857142,0.1700342857142857,0.0,0.1907314285714285,0.1810171428571428,0.1907314285714285,0.17152,0.1715314285714285,0.1721142857142857,0.1717714285714285,0.1746057142857142,0.1727657142857142,0.1725028571428571,0.1722857142857143,0.2135542857142857,0.1730514285714285,0.1723657142857143,0.172,0.1729714285714285,0.1874742857142857,0.1721714285714285,0.1723314285714285,0.1728,0.1723314285714285,0.1729714285714285,0.1730285714285714,0.1723314285714285,0.1730628571428571,0.1723314285714285,0.1729485714285714,0.1723428571428571,0.1723428571428571,0.1740342857142857,0.1740342857142857,0.1720114285714285,0.1720114285714285,0.1725942857142857,0.1708114285714285,0.1717257142857143,0.1721142857142857,0.1722857142857143,0.1723657142857143,0.1723428571428571,0.1710285714285714,0.1721714285714285,0.172,0.1723428571428571,0.1809485714285714,0.1894971428571428,0.1778171428571428,0.1710285714285714,0.17184
Anti-Plurality,0.2077485714285714,0.2857142857142857,0.2446514285714285,0.1856571428571428,0.1798628571428571,0.2052914285714285,0.2013828571428571,0.2013828571428571,0.2013828571428571,0.2013828571428571,0.1798628571428571,0.2013828571428571,0.1798628571428571,0.2857142857142857,0.1798628571428571,0.2013828571428571,0.1907314285714285,0.0,0.18184,0.0,0.1794171428571428,0.1802742857142857,0.1797371428571428,0.1752,0.1801257142857142,0.1767771428571428,0.1780114285714285,0.1815542857142857,0.1450171428571428,0.1751657142857142,0.17808,0.1885028571428571,0.16352,0.1837828571428571,0.1739771428571428,0.1704914285714285,0.1629028571428571,0.1704914285714285,0.16352,0.1559314285714285,0.1704914285714285,0.15264,0.1704914285714285,0.1791885714285714,0.1763085714285714,0.1763085714285714,0.14344,0.14344,0.1870285714285714,0.1870285714285714,0.1773371428571428,0.1840685714285714,0.1874971428571428,0.1797371428571428,0.1766285714285714,0.17808,0.1763085714285714,0.1870857142857142,0.1812685714285714,0.1885028571428571,0.1763085714285714,0.1819885714285714,0.0058285714285714,0.18952,0.1913028571428571,0.18904
Two-Approval,0.0883314285714285,0.2857142857142857,0.2444914285714285,0.0722285714285714,0.1333828571428571,0.1015085714285714,0.1343542857142857,0.1343542857142857,0.1343542857142857,0.1343542857142857,0.1333828571428571,0.1343542857142857,0.1333828571428571,0.2478057142857143,0.1333828571428571,0.1343542857142857,0.1810171428571428,0.18184,0.0,0.18184,0.1006971428571428,0.0906857142857142,0.0945371428571428,0.0977142857142857,0.0674628571428571,0.0850285714285714,0.0831085714285714,0.0801142857142857,0.1802628571428571,0.0865257142857142,0.0923771428571428,0.0770514285714285,0.0837714285714285,0.10704,0.0813485714285714,0.0826285714285714,0.0865942857142857,0.0826285714285714,0.0837714285714285,0.0858628571428571,0.0826285714285714,0.0867542857142857,0.0826285714285714,0.0870057142857142,0.0818857142857142,0.0818857142857142,0.0912685714285714,0.0912685714285714,0.0778171428571428,0.0778171428571428,0.0843542857142857,0.0985828571428571,0.0754628571428571,0.0945371428571428,0.0930171428571428,0.0923771428571428,0.0818857142857142,0.10184,0.07984,0.0770514285714285,0.0818857142857142,0.0004914285714285,0.1779085714285714,0.0239657142857142,0.0996,0.0949257142857142
Three-Approval,0.2077485714285714,0.2857142857142857,0.2446514285714285,0.1856571428571428,0.1798628571428571,0.2052914285714285,0.2013828571428571,0.2013828571428571,0.2013828571428571,0.2013828571428571,0.1798628571428571,0.2013828571428571,0.1798628571428571,0.2857142857142857,0.1798628571428571,0.2013828571428571,0.1907314285714285,0.0,0.18184,0.0,0.1794171428571428,0.1802742857142857,0.1797371428571428,0.1752,0.1801257142857142,0.1767771428571428,0.1780114285714285,0.1815542857142857,0.1450171428571428,0.1751657142857142,0.17808,0.1885028571428571,0.16352,0.1837828571428571,0.1739771428571428,0.1704914285714285,0.1629028571428571,0.1704914285714285,0.16352,0.1559314285714285,0.1704914285714285,0.15264,0.1704914285714285,0.1791885714285714,0.1763085714285714,0.1763085714285714,0.14344,0.14344,0.1870285714285714,0.1870285714285714,0.1773371428571428,0.1840685714285714,0.1874971428571428,0.1797371428571428,0.1766285714285714,0.17808,0.1763085714285714,0.1870857142857142,0.1812685714285714,0.1885028571428571,0.1763085714285714,0.1819885714285714,0.0058285714285714,0.18952,0.1913028571428571,0.18904
Instant Runoff,0.05424,0.2857142857142857,0.2440685714285714,0.0488914285714285,0.0579542857142857,0.0411314285714285,0.0648571428571428,0.0648571428571428,0.0648571428571428,0.0648571428571428,0.0579542857142857,0.0648571428571428,0.0579542857142857,0.2491542857142857,0.0579542857142857,0.0648571428571428,0.17152,0.1794171428571428,0.1006971428571428,0.1794171428571428,0.0,0.0201942857142857,0.0062971428571428,0.00624,0.0470742857142857,0.0237371428571428,0.0245485714285714,0.0274857142857142,0.1590285714285714,0.02408,0.0087657142857142,0.0367085714285714,0.0322857142857142,0.06216,0.02848,0.0266971428571428,0.0292571428571428,0.0266971428571428,0.0322857142857142,0.0324457142857142,0.0266971428571428,0.0342057142857142,0.0266971428571428,0.0415657142857142,0.0252685714285714,0.0252685714285714,0.0425942857142857,0.0425942857142857,0.03568,0.03568,0.0246057142857142,0.0294514285714285,0.0399314285714285,0.0062971428571428,0.0106742857142857,0.0087657142857142,0.0252685714285714,0.0326628571428571,0.02808,0.0367085714285714,0.0252685714285714,0.1002057142857142,0.17488,0.0823428571428571,0.0310742857142857,0.0261485714285714
Bottom-Two-Runoff Instant Runoff,0.0463542857142857,0.2857142857142857,0.2444228571428571,0.0380342857142857,0.05984,0.0503885714285714,0.0636571428571428,0.0636571428571428,0.0636571428571428,0.0636571428571428,0.05984,0.0636571428571428,0.05984,0.2486742857142857,0.05984,0.0636571428571428,0.1715314285714285,0.1802742857142857,0.0906857142857142,0.1802742857142857,0.0201942857142857,0.0,0.0138971428571428,0.0209257142857142,0.0345371428571428,0.0151657142857142,0.0132342857142857,0.0139428571428571,0.1576457142857142,0.0175885714285714,0.0128228571428571,0.0245142857142857,0.0230285714285714,0.0563657142857142,0.0167085714285714,0.01472,0.0225485714285714,0.01472,0.0230285714285714,0.02552,0.01472,0.0279085714285714,0.01472,0.03464,0.0128,0.0128,0.0368342857142857,0.0368342857142857,0.0252914285714285,0.0252914285714285,0.0145942857142857,0.01848,0.0282285714285714,0.0138971428571428,0.0160685714285714,0.0128228571428571,0.0128,0.0231314285714285,0.0140114285714285,0.0245142857142857,0.0128,0.0901942857142857,0.1756914285714285,0.0721142857142857,0.0203771428571428,0.0268914285714285
Benham,0.0479428571428571,0.2857142857142857,0.2440457142857142,0.04344,0.0630742857142857,0.04368,0.0696114285714285,0.0696114285714285,0.0696114285714285,0.0696114285714285,0.0630742857142857,0.0696114285714285,0.0630742857142857,0.2491085714285714,0.0630742857142857,0.0696114285714285,0.1721142857142857,0.1797371428571428,0.0945371428571428,0.1797371428571428,0.0062971428571428,0.0138971428571428,0.0,0.0092342857142857,0.0407771428571428,0.01744,0.0182514285714285,0.0211885714285714,0.1573142857142857,0.0177828571428571,0.0024685714285714,0.0304114285714285,0.0259885714285714,0.0558628571428571,0.0221828571428571,0.0204,0.02296,0.0204,0.0259885714285714,0.0261485714285714,0.0204,0.0279085714285714,0.0204,0.0352685714285714,0.0189714285714285,0.0189714285714285,0.0362971428571428,0.0362971428571428,0.0293828571428571,0.0293828571428571,0.0183085714285714,0.0231542857142857,0.0336342857142857,0.0,0.0043771428571428,0.0024685714285714,0.0189714285714285,0.0263657142857142,0.0217828571428571,0.0304114285714285,0.0189714285714285,0.0940457142857142,0.1751657142857142,0.0762057142857142,0.0247771428571428,0.0198514285714285
PluralityWRunoff PUT,0.0554857142857142,0.2857142857142857,0.24392,0.0485371428571428,0.0641942857142857,0.0446742857142857,0.0710971428571428,0.0710971428571428,0.0710971428571428,0.0710971428571428,0.0641942857142857,0.0710971428571428,0.0641942857142857,0.2508228571428571,0.0641942857142857,0.0710971428571428,0.1717714285714285,0.1752,0.0977142857142857,0.1752,0.00624,0.0209257142857142,0.0092342857142857,0.0,0.0438742857142857,0.0208228571428571,0.0221257142857142,0.0261257142857142,0.1560571428571428,0.0206171428571428,0.0098742857142857,0.0363085714285714,0.0283314285714285,0.0594057142857142,0.0262857142857142,0.0236228571428571,0.0241828571428571,0.0236228571428571,0.0283314285714285,0.02752,0.0236228571428571,0.0293142857142857,0.0236228571428571,0.0389714285714285,0.0226742857142857,0.0226742857142857,0.0380457142857142,0.0380457142857142,0.03496,0.03496,0.0219314285714285,0.0317257142857142,0.0395314285714285,0.0092342857142857,0.0048571428571428,0.0098742857142857,0.0226742857142857,0.0356,0.0266857142857142,0.0363085714285714,0.0226742857142857,0.0972228571428571,0.17064,0.0800571428571428,0.0333942857142857,0.0253371428571428
Coombs,0.0548457142857142,0.2857142857142857,0.2445028571428571,0.0472571428571428,0.0890628571428571,0.0652685714285714,0.0917714285714285,0.0917714285714285,0.0917714285714285,0.0917714285714285,0.0890628571428571,0.0917714285714285,0.0890628571428571,0.2488342857142857,0.0890628571428571,0.0917714285714285,0.1746057142857142,0.1801257142857142,0.0674628571428571,0.1801257142857142,0.0470742857142857,0.0345371428571428,0.0407771428571428,0.0438742857142857,0.0,0.0255657142857142,0.0253942857142857,0.0274285714285714,0.1605257142857143,0.0264685714285714,0.0383085714285714,0.0363885714285714,0.0329714285714285,0.0640914285714285,0.0284914285714285,0.0272914285714285,0.0314742857142857,0.0272914285714285,0.0329714285714285,0.0339657142857142,0.0272914285714285,0.0358857142857142,0.0272914285714285,0.0431085714285714,0.0257257142857142,0.0257257142857142,0.0443085714285714,0.0443085714285714,0.0354628571428571,0.0354628571428571,0.0259542857142857,0.0477828571428571,0.0388,0.0407771428571428,0.0390171428571428,0.0383085714285714,0.0257257142857142,0.0525371428571428,0.0278514285714285,0.0363885714285714,0.0257257142857142,0.0669714285714285,0.1755314285714285,0.0562285714285714,0.0502057142857142,0.04688
Baldwin,0.0477828571428571,0.2857142857142857,0.2443314285714285,0.0401714285714285,0.0711428571428571,0.0529028571428571,0.0762742857142857,0.0762742857142857,0.0762742857142857,0.0762742857142857,0.0711428571428571,0.0762742857142857,0.0711428571428571,0.2500457142857142,0.0711428571428571,0.0762742857142857,0.1727657142857142,0.1767771428571428,0.0850285714285714,0.1767771428571428,0.0237371428571428,0.0151657142857142,0.01744,0.0208228571428571,0.0255657142857142,0.0,0.0029371428571428,0.01304,0.1550285714285714,0.0037028571428571,0.0149714285714285,0.0253485714285714,0.0189714285714285,0.0546971428571428,0.0146857142857142,0.0095542857142857,0.0167542857142857,0.0095542857142857,0.0189714285714285,0.0208457142857142,0.0095542857142857,0.0241371428571428,0.0095542857142857,0.0320457142857142,0.0054971428571428,0.0054971428571428,0.0333371428571428,0.0333371428571428,0.0216457142857142,0.0216457142857142,0.0044342857142857,0.0294742857142857,0.0303657142857142,0.01744,0.0159657142857142,0.0149714285714285,0.0054971428571428,0.0344342857142857,0.0143314285714285,0.0253485714285714,0.0054971428571428,0.0845371428571428,0.1721828571428571,0.0680685714285714,0.0320342857142857,0.0291657142857142
Strict Nanson,0.0459085714285714,0.2857142857142857,0.2443314285714285,0.0372342857142857,0.06984,0.0514742857142857,0.0744571428571428,0.0744571428571428,0.0744571428571428,0.0744571428571428,0.06984,0.0744571428571428,0.06984,0.2494514285714285,0.06984,0.0744571428571428,0.1725028571428571,0.1780114285714285,0.0831085714285714,0.1780114285714285,0.0245485714285714,0.0132342857142857,0.0182514285714285,0.0221257142857142,0.0253942857142857,0.0029371428571428,0.0,0.0101028571428571,0.1558857142857143,0.00664,0.0157828571428571,0.0224114285714285,0.0182857142857142,0.0552571428571428,0.0126514285714285,0.00752,0.0186971428571428,0.00752,0.0182857142857142,0.02208,0.00752,0.0253714285714285,0.00752,0.0319542857142857,0.00256,0.00256,0.0345714285714285,0.0345714285714285,0.0187085714285714,0.0187085714285714,0.0033942857142857,0.0281714285714285,0.0274285714285714,0.0182514285714285,0.0172685714285714,0.0157828571428571,0.00256,0.0331314285714285,0.0113942857142857,0.0224114285714285,0.00256,0.0826171428571428,0.1734171428571428,0.0657142857142857,0.0303542857142857,0.0279542857142857
Weak Nanson,0.0409257142857142,0.2857142857142857,0.2441028571428571,0.0271314285714285,0.0683428571428571,0.0487428571428571,0.0714285714285714,0.0714285714285714,0.0714285714285714,0.0714285714285714,0.0683428571428571,0.0714285714285714,0.0683428571428571,0.2482171428571428,0.0683428571428571,0.0714285714285714,0.1722857142857143,0.1815542857142857,0.0801142857142857,0.1815542857142857,0.0274857142857142,0.0139428571428571,0.0211885714285714,0.0261257142857142,0.0274285714285714,0.01304,0.0101028571428571,0.0,0.15832,0.0167428571428571,0.01872,0.0123085714285714,0.0234742857142857,0.0568571428571428,0.0075771428571428,0.0127085714285714,0.0238857142857142,0.0127085714285714,0.0234742857142857,0.0272685714285714,0.0127085714285714,0.0289142857142857,0.0127085714285714,0.0320457142857142,0.0075428571428571,0.0075428571428571,0.0381142857142857,0.0381142857142857,0.0134285714285714,0.0134285714285714,0.0134971428571428,0.0266742857142857,0.0173257142857142,0.0211885714285714,0.0212685714285714,0.01872,0.0075428571428571,0.0316342857142857,0.0012914285714285,0.0123085714285714,0.0075428571428571,0.0796228571428571,0.17696,0.0613028571428571,0.0278971428571428,0.02416
Iterated Removal Condorcet Loser,0.1800571428571428,0.22784,0.2446285714285714,0.1672342857142857,0.1750285714285714,0.1795085714285714,0.1852228571428571,0.1852228571428571,0.1852228571428571,0.1852228571428571,0.1750285714285714,0.1852228571428571,0.1750285714285714,0.2743085714285714,0.1750285714285714,0.1852228571428571,0.2135542857142857,0.1450171428571428,0.1802628571428571,0.1450171428571428,0.1590285714285714,0.1576457142857142,0.1573142857142857,0.1560571428571428,0.1605257142857143,0.1550285714285714,0.1558857142857143,0.15832,0.0,0.1538628571428571,0.1558857142857143,0.16472,0.1460228571428571,0.1346514285714285,0.1531771428571428,0.1509028571428571,0.1458057142857143,0.1509028571428571,0.1460228571428571,0.1409257142857143,0.1509028571428571,0.1387657142857143,0.1509028571428571,0.15896,0.1547314285714285,0.1547314285714285,0.1397714285714285,0.1397714285714285,0.1635428571428571,0.1635428571428571,0.1554742857142857,0.1591771428571428,0.1639542857142857,0.1573142857142857,0.1551657142857143,0.1558857142857143,0.1547314285714285,0.1641371428571428,0.1581828571428571,0.16472,0.1547314285714285,0.18008,0.1450742857142857,0.1776571428571428,0.1669257142857143,0.1650628571428571
Raynaud,0.0502857142857142,0.2857142857142857,0.2443314285714285,0.0438742857142857,0.0726971428571428,0.0552,0.0785942857142857,0.0785942857142857,0.0785942857142857,0.0785942857142857,0.0726971428571428,0.0785942857142857,0.0726971428571428,0.2508571428571428,0.0726971428571428,0.0785942857142857,0.1730514285714285,0.1751657142857142,0.0865257142857142,0.1751657142857142,0.02408,0.0175885714285714,0.0177828571428571,0.0206171428571428,0.0264685714285714,0.0037028571428571,0.00664,0.0167428571428571,0.1538628571428571,0.0,0.0153142857142857,0.0290514285714285,0.0197257142857142,0.054,0.0170514285714285,0.01192,0.0143428571428571,0.01192,0.0197257142857142,0.0192342857142857,0.01192,0.0225257142857142,0.01192,0.0318285714285714,0.0092,0.0092,0.0317257142857142,0.0317257142857142,0.0253485714285714,0.0253485714285714,0.0055085714285714,0.0310285714285714,0.0340685714285714,0.0177828571428571,0.01576,0.0153142857142857,0.0092,0.0359885714285714,0.0180342857142857,0.0290514285714285,0.0092,0.0860342857142857,0.1705714285714285,0.0702742857142857,0.03416,0.0311542857142857
Tideman Alternative Top Cycle,0.0502971428571428,0.2857142857142857,0.2440571428571428,0.04336,0.0650742857142857,0.0460342857142857,0.07176,0.07176,0.07176,0.07176,0.0650742857142857,0.07176,0.0650742857142857,0.2497714285714285,0.0650742857142857,0.07176,0.1723657142857143,0.17808,0.0923771428571428,0.17808,0.0087657142857142,0.0128228571428571,0.0024685714285714,0.0098742857142857,0.0383085714285714,0.0149714285714285,0.0157828571428571,0.01872,0.1558857142857143,0.0153142857142857,0.0,0.0303314285714285,0.02352,0.0551885714285714,0.0197142857142857,0.0179314285714285,0.0204914285714285,0.0179314285714285,0.02352,0.02368,0.0179314285714285,0.02544,0.0179314285714285,0.0353257142857142,0.0165028571428571,0.0165028571428571,0.03464,0.03464,0.0293028571428571,0.0293028571428571,0.01584,0.0234057142857142,0.0335542857142857,0.0024685714285714,0.0050171428571428,0.0,0.0165028571428571,0.0283657142857142,0.0193142857142857,0.0303314285714285,0.0165028571428571,0.0918857142857142,0.1734857142857143,0.0744571428571428,0.0270742857142857,0.0220914285714285
Knockout Voting,0.0303085714285714,0.2857142857142857,0.2441142857142857,0.0148228571428571,0.06744,0.0395428571428571,0.0676228571428571,0.0676228571428571,0.0676228571428571,0.0676228571428571,0.06744,0.0676228571428571,0.06744,0.2452685714285714,0.06744,0.0676228571428571,0.172,0.1885028571428571,0.0770514285714285,0.1885028571428571,0.0367085714285714,0.0245142857142857,0.0304114285714285,0.0363085714285714,0.0363885714285714,0.0253485714285714,0.0224114285714285,0.0123085714285714,0.16472,0.0290514285714285,0.0303314285714285,0.0,0.0342057142857142,0.0600914285714285,0.0183085714285714,0.02344,0.0346171428571428,0.02344,0.0342057142857142,0.038,0.02344,0.0396457142857142,0.02344,0.03176,0.0198514285714285,0.0198514285714285,0.0450628571428571,0.0450628571428571,0.0037028571428571,0.0037028571428571,0.0258057142857142,0.0307085714285714,0.0050171428571428,0.0304114285714285,0.0314514285714285,0.0303314285714285,0.0198514285714285,0.0307314285714285,0.0110171428571428,0.0,0.0198514285714285,0.07656,0.1841028571428571,0.0553942857142857,0.02568,0.02376
Banks,0.0605142857142857,0.2857142857142857,0.2446628571428571,0.0426057142857142,0.0728228571428571,0.0612571428571428,0.0811885714285714,0.0811885714285714,0.0811885714285714,0.0811885714285714,0.0728228571428571,0.0811885714285714,0.0728228571428571,0.2544457142857143,0.0728228571428571,0.0811885714285714,0.1729714285714285,0.16352,0.0837714285714285,0.16352,0.0322857142857142,0.0230285714285714,0.0259885714285714,0.0283314285714285,0.0329714285714285,0.0189714285714285,0.0182857142857142,0.0234742857142857,0.1460228571428571,0.0197257142857142,0.02352,0.0342057142857142,0.0,0.0490857142857142,0.0158971428571428,0.0107657142857142,0.01456,0.0107657142857142,0.0,0.0075885714285714,0.0107657142857142,0.01088,0.0107657142857142,0.0312571428571428,0.0165828571428571,0.0165828571428571,0.02008,0.02008,0.0327314285714285,0.0327314285714285,0.0176114285714285,0.0311542857142857,0.0328,0.0259885714285714,0.0234742857142857,0.02352,0.0165828571428571,0.0361142857142857,0.0231885714285714,0.0342057142857142,0.0165828571428571,0.08328,0.1589257142857142,0.0689257142857142,0.0398057142857142,0.0347542857142857
Condorcet,0.0681371428571428,0.2647657142857142,0.24432,0.0694628571428571,0.0959085714285714,0.0715085714285714,0.0994057142857142,0.0994057142857142,0.0994057142857142,0.0994057142857142,0.0959085714285714,0.0994057142857142,0.0959085714285714,0.2544457142857143,0.0959085714285714,0.0994057142857142,0.1874742857142857,0.1837828571428571,0.10704,0.1837828571428571,0.06216,0.0563657142857142,0.0558628571428571,0.0594057142857142,0.0640914285714285,0.0546971428571428,0.0552571428571428,0.0568571428571428,0.1346514285714285,0.054,0.0551885714285714,0.0600914285714285,0.0490857142857142,0.0,0.05344,0.052,0.0487657142857142,0.052,0.0490857142857142,0.0458514285714285,0.052,0.0444685714285714,0.052,0.0557257142857142,0.0545257142857142,0.0545257142857142,0.0403428571428571,0.0403428571428571,0.0592571428571428,0.0592571428571428,0.0549371428571428,0.0577942857142857,0.0596571428571428,0.0558628571428571,0.0545485714285714,0.0551885714285714,0.0545257142857142,0.0592,0.0568,0.0600914285714285,0.0545257142857142,0.1065485714285714,0.1797257142857143,0.0914171428571428,0.06088,0.0599657142857142
