Unnamed: 0,Min Violations Committee,Max Violations Committee,Random Choice,Borda ranking,Plurality ranking,STV,Approval Voting (AV),Proportional Approval Voting (PAV),Approval Chamberlin-Courant (CC),Lexicographic Chamberlin-Courant (lex-CC),Sequential Approval Chamberlin-Courant (seq-CC),Monroe's Approval Rule (Monroe),Greedy Monroe,Minimax Approval Voting (MAV),Method of Equal Shares (aka Rule X) with Phragmén phase,E Pluribus Hugo (EPH),Random Serial Dictator
Min Violations Committee,0.0,0.5382857142857143,0.4088,0.0418514285714285,0.3704,0.3377828571428571,0.38792,0.4402742857142857,0.4433485714285714,0.4433485714285714,0.4442857142857143,0.44328,0.4442742857142857,0.3983428571428571,0.4418742857142857,0.4204914285714285,0.3976114285714285
Max Violations Committee,0.5382857142857143,0.0,0.4097485714285714,0.5341371428571429,0.42896,0.51568,0.5401942857142857,0.5408228571428572,0.54008,0.54008,0.5349142857142857,0.5401485714285714,0.5349257142857143,0.4385485714285714,0.5361942857142857,0.5416342857142857,0.4446971428571428
Random Choice,0.4088,0.4097485714285714,0.0,0.4095771428571428,0.4081257142857142,0.4071657142857143,0.4074057142857142,0.4062171428571428,0.4061485714285714,0.4061485714285714,0.4063085714285714,0.40624,0.40632,0.4089028571428571,0.4062171428571428,0.4070285714285714,0.4067542857142857
Borda ranking,0.0418514285714285,0.5341371428571429,0.4095771428571428,0.0,0.3639657142857143,0.3350057142857143,0.3934742857142857,0.44472,0.4471885714285714,0.4471885714285714,0.44696,0.44712,0.4469485714285714,0.41048,0.4450514285714286,0.426,0.4
Plurality ranking,0.3704,0.42896,0.4081257142857142,0.3639657142857143,0.0,0.22648,0.3016571428571428,0.34712,0.3507657142857143,0.3507657142857143,0.3492914285714286,0.3507428571428571,0.3492685714285714,0.4315885714285714,0.3463428571428571,0.3243428571428571,0.3828457142857143
STV,0.3377828571428571,0.51568,0.4071657142857143,0.3350057142857143,0.22648,0.0,0.2791542857142857,0.2893028571428571,0.2918628571428571,0.2918628571428571,0.2961485714285714,0.2918971428571428,0.2961257142857142,0.3937714285714285,0.2938857142857143,0.2899771428571429,0.3792228571428571
Approval Voting (AV),0.38792,0.5401942857142857,0.4074057142857142,0.3934742857142857,0.3016571428571428,0.2791542857142857,0.0,0.1166971428571428,0.1230057142857142,0.1230057142857142,0.1399542857142857,0.1229828571428571,0.1399314285714285,0.3922971428571428,0.1348457142857143,0.0581942857142857,0.3532457142857143
Proportional Approval Voting (PAV),0.4402742857142857,0.5408228571428572,0.4062171428571428,0.44472,0.34712,0.2893028571428571,0.1166971428571428,0.0,0.0064685714285714,0.0064685714285714,0.0612457142857142,0.0064457142857142,0.0612228571428571,0.3962742857142857,0.0560457142857142,0.08488,0.3574628571428571
Approval Chamberlin-Courant (CC),0.4433485714285714,0.54008,0.4061485714285714,0.4471885714285714,0.3507657142857143,0.2918628571428571,0.1230057142857142,0.0064685714285714,0.0,0.0,0.0583771428571428,0.0003428571428571,0.0583771428571428,0.3965028571428571,0.0576,0.0912228571428571,0.3582857142857142
Lexicographic Chamberlin-Courant (lex-CC),0.4433485714285714,0.54008,0.4061485714285714,0.4471885714285714,0.3507657142857143,0.2918628571428571,0.1230057142857142,0.0064685714285714,0.0,0.0,0.0583771428571428,0.0003428571428571,0.0583771428571428,0.3965028571428571,0.0576,0.0912228571428571,0.3582857142857142
Sequential Approval Chamberlin-Courant (seq-CC),0.4442857142857143,0.5349142857142857,0.4063085714285714,0.44696,0.3492914285714286,0.2961485714285714,0.1399542857142857,0.0612457142857142,0.0583771428571428,0.0583771428571428,0.0,0.0586971428571428,2.2857142857142855e-05,0.4180914285714285,0.0058628571428571,0.1089485714285714,0.3587428571428571
Monroe's Approval Rule (Monroe),0.44328,0.5401485714285714,0.40624,0.44712,0.3507428571428571,0.2918971428571428,0.1229828571428571,0.0064457142857142,0.0003428571428571,0.0003428571428571,0.0586971428571428,0.0,0.0586742857142857,0.3964228571428571,0.0575314285714285,0.0911885714285714,0.3583085714285714
Greedy Monroe,0.4442742857142857,0.5349257142857143,0.40632,0.4469485714285714,0.3492685714285714,0.2961257142857142,0.1399314285714285,0.0612228571428571,0.0583771428571428,0.0583771428571428,2.2857142857142855e-05,0.0586742857142857,0.0,0.4180914285714285,0.00584,0.1089257142857142,0.3587428571428571
Minimax Approval Voting (MAV),0.3983428571428571,0.4385485714285714,0.4089028571428571,0.41048,0.4315885714285714,0.3937714285714285,0.3922971428571428,0.3962742857142857,0.3965028571428571,0.3965028571428571,0.4180914285714285,0.3964228571428571,0.4180914285714285,0.0,0.4174628571428571,0.39936,0.40896
Method of Equal Shares (aka Rule X) with Phragmén phase,0.4418742857142857,0.5361942857142857,0.4062171428571428,0.4450514285714286,0.3463428571428571,0.2938857142857143,0.1348457142857143,0.0560457142857142,0.0576,0.0576,0.0058628571428571,0.0575314285714285,0.00584,0.4174628571428571,0.0,0.1034628571428571,0.3579314285714285
E Pluribus Hugo (EPH),0.4204914285714285,0.5416342857142857,0.4070285714285714,0.426,0.3243428571428571,0.2899771428571429,0.0581942857142857,0.08488,0.0912228571428571,0.0912228571428571,0.1089485714285714,0.0911885714285714,0.1089257142857142,0.39936,0.1034628571428571,0.0,0.3550628571428571
Random Serial Dictator,0.3976114285714285,0.4446971428571428,0.4067542857142857,0.4,0.3828457142857143,0.3792228571428571,0.3532457142857143,0.3574628571428571,0.3582857142857142,0.3582857142857142,0.3587428571428571,0.3583085714285714,0.3587428571428571,0.40896,0.3579314285714285,0.3550628571428571,0.0
NN-all,0.0003645714285714,0.5382034285714286,0.4087451428571428,0.04174,0.3704068571428571,0.3378325714285713,0.388032,0.4403554285714285,0.4434297142857143,0.4434297142857143,0.4443794285714285,0.4433611428571428,0.444368,0.3983908571428571,0.4419679999999999,0.4206011428571429,0.3976822857142857
NN-root,0.0463568605758538,0.4604526765398586,0.4098102727578596,0.0416487508340128,0.3759199803828761,0.3439725816477243,0.3982504262732597,0.446852991326266,0.4495252541957263,0.4495252541957263,0.4509959682248213,0.4495115678301978,0.4509959682248213,0.3934208500373523,0.448856903345746,0.4295346065455043,0.3974914032516523
