Unnamed: 0,Min Violations Committee,Max Violations Committee,Random Choice,Borda ranking,Plurality ranking,STV,Approval Voting (AV),Proportional Approval Voting (PAV),Approval Chamberlin-Courant (CC),Lexicographic Chamberlin-Courant (lex-CC),Sequential Approval Chamberlin-Courant (seq-CC),Monroe's Approval Rule (Monroe),Greedy Monroe,Minimax Approval Voting (MAV),Method of Equal Shares (aka Rule X) with Phragmén phase,E Pluribus Hugo (EPH),Random Serial Dictator,Anti-Plurality,Two-Approval,Three-Approval,Instant Runoff,Bottom-Two-Runoff Instant Runoff,Benham,PluralityWRunoff PUT,Coombs,Baldwin,Strict Nanson,Weak Nanson,Iterated Removal Condorcet Loser,Raynaud,Tideman Alternative Top Cycle,Knockout Voting,Banks,Condorcet,Copeland,Llull,Uncovered Set,Uncovered Set - Fishburn,Uncovered Set - Bordes,Uncovered Set - McKelvey,Slater,Top Cycle,GOCHA,Bipartisan Set,Minimax,Split Cycle,Ranked Pairs ZT,Ranked Pairs TB,Simple Stable Voting,Stable Voting,Loss-Trimmer Voting,Daunou,Blacks,Condorcet IRV,Condorcet IRV PUT,Smith IRV,Smith-Minimax,Condorcet Plurality,Copeland-Local-Borda,Copeland-Global-Borda,Borda-Minimax Faceoff,Bucklin,Simplified Bucklin,Weighted Bucklin,Bracket Voting,Superior Voting
Min Violations Committee,0.0,0.3333333333333333,0.27768,0.1056533333333333,0.1837066666666666,0.10044,0.1752533333333333,0.1752533333333333,0.1752533333333333,0.1752533333333333,0.1837066666666666,0.1752533333333333,0.1837066666666666,0.2291333333333333,0.1837066666666666,0.1752533333333333,0.2648933333333333,0.2107733333333333,0.1538133333333333,0.15284,0.1269066666666666,0.09784,0.1029866666666666,0.15128,0.1246666666666666,0.09552,0.09348,0.0867333333333333,0.2632133333333333,0.1011466666666666,0.1074533333333333,0.0758266666666666,0.13792,0.1534666666666666,0.0848266666666666,0.0927733333333333,0.13044,0.0936933333333333,0.1380533333333333,0.1440133333333333,0.0970266666666666,0.15096,0.09392,0.0947066666666666,0.0885733333333333,0.09696,0.1502133333333333,0.1502133333333333,0.0682933333333333,0.0682933333333333,0.08564,0.11512,0.0912133333333333,0.10588,0.1136933333333333,0.1080666666666666,0.08852,0.1169733333333333,0.07668,0.0727466666666666,0.0918533333333333,0.15188,0.2280133333333333,0.1113466666666666,0.0947866666666666,0.0870666666666666
Max Violations Committee,0.3333333333333333,0.0,0.2760533333333333,0.3224533333333333,0.3085466666666667,0.3254,0.31772,0.31772,0.31772,0.31772,0.3085466666666667,0.31772,0.3085466666666667,0.30344,0.3085466666666667,0.31772,0.28576,0.3058,0.3155066666666666,0.3160133333333333,0.32116,0.3247066666666666,0.3239333333333333,0.3133333333333333,0.322,0.3238666666666667,0.3246266666666667,0.3264133333333333,0.19376,0.32264,0.32384,0.3261333333333333,0.3006933333333333,0.2460666666666666,0.3235733333333333,0.3208,0.3060133333333333,0.3144266666666667,0.3003333333333333,0.2943066666666666,0.3208133333333333,0.2666933333333333,0.3054666666666666,0.3132533333333333,0.3237466666666667,0.3214,0.2735733333333333,0.2735733333333333,0.3268666666666667,0.3268666666666667,0.32524,0.31952,0.3239866666666666,0.3237466666666667,0.3195733333333333,0.3239866666666666,0.3237733333333333,0.3179333333333333,0.3271066666666666,0.3265466666666666,0.3242133333333333,0.3161333333333333,0.2861066666666667,0.3221466666666667,0.32484,0.3247066666666666
Random Choice,0.27768,0.2760533333333333,0.0,0.27756,0.2777333333333333,0.2775333333333333,0.2775466666666666,0.2775466666666666,0.2775466666666666,0.2775466666666666,0.2777333333333333,0.2775466666666666,0.2777333333333333,0.27856,0.2777333333333333,0.2775466666666666,0.2788266666666666,0.2772933333333333,0.27672,0.2782,0.27708,0.2772533333333333,0.2768933333333333,0.2777066666666666,0.27764,0.2777466666666666,0.2776266666666667,0.2773066666666666,0.2766266666666667,0.27808,0.2772933333333333,0.2775066666666667,0.2778,0.2768266666666666,0.2769066666666667,0.27712,0.2780133333333333,0.2776933333333333,0.27784,0.2778133333333333,0.27744,0.2772133333333333,0.2773866666666666,0.27772,0.2773466666666667,0.2773066666666666,0.2770933333333333,0.2770933333333333,0.2776933333333333,0.2776933333333333,0.2780266666666666,0.27808,0.27732,0.27696,0.2771333333333333,0.2771333333333333,0.27732,0.27788,0.2773733333333333,0.2769866666666666,0.27696,0.27824,0.2774133333333333,0.2768533333333333,0.2772,0.2773733333333333
Borda ranking,0.1056533333333333,0.3224533333333333,0.27756,0.0,0.1709066666666666,0.1244666666666666,0.1716,0.1716,0.1716,0.1716,0.1709066666666666,0.1716,0.1709066666666666,0.28288,0.1709066666666666,0.1716,0.2624266666666666,0.18628,0.12312,0.1115866666666666,0.1262133333333333,0.09996,0.1082133333333333,0.1369333333333333,0.1155733333333333,0.0969066666666666,0.0923333333333333,0.0854933333333333,0.2418533333333333,0.10336,0.1082133333333333,0.0457733333333333,0.1159066666666666,0.1479733333333333,0.0731733333333333,0.0854533333333333,0.1155466666666666,0.09284,0.1159733333333333,0.12188,0.09296,0.13724,0.0968666666666666,0.1056266666666666,0.0827733333333333,0.0858266666666666,0.1402933333333333,0.1402933333333333,0.0648266666666666,0.0648266666666666,0.0940133333333333,0.1152,0.01444,0.1099066666666666,0.1099466666666666,0.10936,0.0827066666666666,0.1180266666666666,0.0736666666666666,0.0481333333333333,0.0681733333333333,0.1106,0.1920133333333333,0.03552,0.1049466666666666,0.0790666666666666
Plurality ranking,0.1837066666666666,0.3085466666666667,0.2777333333333333,0.1709066666666666,0.0,0.15928,0.0579733333333333,0.0579733333333333,0.0579733333333333,0.0579733333333333,0.0,0.0579733333333333,0.0,0.2861333333333333,0.0,0.0579733333333333,0.2543333333333333,0.2536133333333333,0.17968,0.2176133333333333,0.1481466666666666,0.1535733333333333,0.1575333333333333,0.1154666666666666,0.20872,0.17388,0.17328,0.1722933333333333,0.24588,0.17604,0.1616666666666666,0.1696533333333333,0.1796266666666666,0.1987066666666666,0.17112,0.17284,0.1803333333333333,0.1746266666666666,0.1796933333333333,0.18096,0.1731333333333333,0.19084,0.1765866666666666,0.1782666666666666,0.17192,0.1714933333333333,0.1926933333333333,0.1926933333333333,0.1691066666666666,0.1691066666666666,0.1739066666666666,0.09452,0.17032,0.1555066666666666,0.1597066666666666,0.1588266666666666,0.17192,0.0667333333333333,0.17152,0.17028,0.17124,0.2169866666666666,0.22724,0.1730266666666666,0.1384266666666666,0.1566
STV,0.10044,0.3254,0.2775333333333333,0.1244666666666666,0.15928,0.0,0.1520533333333333,0.1520533333333333,0.1520533333333333,0.1520533333333333,0.15928,0.1520533333333333,0.15928,0.2633066666666667,0.15928,0.1520533333333333,0.2601066666666666,0.2294133333333333,0.1498933333333333,0.1710266666666666,0.06936,0.0986533333333333,0.07852,0.12344,0.1577066666666666,0.1164933333333333,0.1154266666666666,0.1106,0.26044,0.1219866666666666,0.08724,0.1037466666666666,0.14496,0.16404,0.11088,0.1179466666666666,0.14692,0.12092,0.14512,0.1506133333333333,0.1192933333333333,0.15924,0.12456,0.12272,0.1145333333333333,0.1193333333333333,0.1602533333333333,0.1602533333333333,0.1001333333333333,0.1001333333333333,0.11048,0.1107066666666666,0.1137866666666666,0.0752,0.0878266666666666,0.0811733333333333,0.1145333333333333,0.1129066666666666,0.10784,0.10488,0.11588,0.1701333333333333,0.22808,0.1259733333333333,0.089,0.0958666666666666
Approval Voting (AV),0.1752533333333333,0.31772,0.2775466666666666,0.1716,0.0579733333333333,0.1520533333333333,0.0,0.0,0.0,0.0,0.0579733333333333,0.0,0.0579733333333333,0.26588,0.0579733333333333,0.0,0.25376,0.2564533333333333,0.1817066666666666,0.2188666666666666,0.1493333333333333,0.15656,0.1586933333333333,0.1284266666666666,0.2098266666666666,0.1782266666666666,0.1764,0.1741866666666666,0.267,0.1811866666666666,0.1637466666666666,0.16912,0.1935066666666666,0.2107866666666666,0.17532,0.17952,0.19264,0.1821333333333333,0.19364,0.1956666666666666,0.1794266666666666,0.2040533333333333,0.1840133333333333,0.18504,0.1765733333333333,0.1778266666666666,0.2065066666666666,0.2065066666666666,0.1686933333333333,0.1686933333333333,0.1777466666666666,0.11304,0.17052,0.1570133333333333,0.1658533333333333,0.1609733333333333,0.1765733333333333,0.09888,0.1734,0.1698,0.17632,0.2179733333333333,0.2455466666666666,0.1736133333333333,0.1385066666666666,0.1583733333333333
Proportional Approval Voting (PAV),0.1752533333333333,0.31772,0.2775466666666666,0.1716,0.0579733333333333,0.1520533333333333,0.0,0.0,0.0,0.0,0.0579733333333333,0.0,0.0579733333333333,0.26588,0.0579733333333333,0.0,0.25376,0.2564533333333333,0.1817066666666666,0.2188666666666666,0.1493333333333333,0.15656,0.1586933333333333,0.1284266666666666,0.2098266666666666,0.1782266666666666,0.1764,0.1741866666666666,0.267,0.1811866666666666,0.1637466666666666,0.16912,0.1935066666666666,0.2107866666666666,0.17532,0.17952,0.19264,0.1821333333333333,0.19364,0.1956666666666666,0.1794266666666666,0.2040533333333333,0.1840133333333333,0.18504,0.1765733333333333,0.1778266666666666,0.2065066666666666,0.2065066666666666,0.1686933333333333,0.1686933333333333,0.1777466666666666,0.11304,0.17052,0.1570133333333333,0.1658533333333333,0.1609733333333333,0.1765733333333333,0.09888,0.1734,0.1698,0.17632,0.2179733333333333,0.2455466666666666,0.1736133333333333,0.1385066666666666,0.1583733333333333
Approval Chamberlin-Courant (CC),0.1752533333333333,0.31772,0.2775466666666666,0.1716,0.0579733333333333,0.1520533333333333,0.0,0.0,0.0,0.0,0.0579733333333333,0.0,0.0579733333333333,0.26588,0.0579733333333333,0.0,0.25376,0.2564533333333333,0.1817066666666666,0.2188666666666666,0.1493333333333333,0.15656,0.1586933333333333,0.1284266666666666,0.2098266666666666,0.1782266666666666,0.1764,0.1741866666666666,0.267,0.1811866666666666,0.1637466666666666,0.16912,0.1935066666666666,0.2107866666666666,0.17532,0.17952,0.19264,0.1821333333333333,0.19364,0.1956666666666666,0.1794266666666666,0.2040533333333333,0.1840133333333333,0.18504,0.1765733333333333,0.1778266666666666,0.2065066666666666,0.2065066666666666,0.1686933333333333,0.1686933333333333,0.1777466666666666,0.11304,0.17052,0.1570133333333333,0.1658533333333333,0.1609733333333333,0.1765733333333333,0.09888,0.1734,0.1698,0.17632,0.2179733333333333,0.2455466666666666,0.1736133333333333,0.1385066666666666,0.1583733333333333
Lexicographic Chamberlin-Courant (lex-CC),0.1752533333333333,0.31772,0.2775466666666666,0.1716,0.0579733333333333,0.1520533333333333,0.0,0.0,0.0,0.0,0.0579733333333333,0.0,0.0579733333333333,0.26588,0.0579733333333333,0.0,0.25376,0.2564533333333333,0.1817066666666666,0.2188666666666666,0.1493333333333333,0.15656,0.1586933333333333,0.1284266666666666,0.2098266666666666,0.1782266666666666,0.1764,0.1741866666666666,0.267,0.1811866666666666,0.1637466666666666,0.16912,0.1935066666666666,0.2107866666666666,0.17532,0.17952,0.19264,0.1821333333333333,0.19364,0.1956666666666666,0.1794266666666666,0.2040533333333333,0.1840133333333333,0.18504,0.1765733333333333,0.1778266666666666,0.2065066666666666,0.2065066666666666,0.1686933333333333,0.1686933333333333,0.1777466666666666,0.11304,0.17052,0.1570133333333333,0.1658533333333333,0.1609733333333333,0.1765733333333333,0.09888,0.1734,0.1698,0.17632,0.2179733333333333,0.2455466666666666,0.1736133333333333,0.1385066666666666,0.1583733333333333
Sequential Approval Chamberlin-Courant (seq-CC),0.1837066666666666,0.3085466666666667,0.2777333333333333,0.1709066666666666,0.0,0.15928,0.0579733333333333,0.0579733333333333,0.0579733333333333,0.0579733333333333,0.0,0.0579733333333333,0.0,0.2861333333333333,0.0,0.0579733333333333,0.2543333333333333,0.2536133333333333,0.17968,0.2176133333333333,0.1481466666666666,0.1535733333333333,0.1575333333333333,0.1154666666666666,0.20872,0.17388,0.17328,0.1722933333333333,0.24588,0.17604,0.1616666666666666,0.1696533333333333,0.1796266666666666,0.1987066666666666,0.17112,0.17284,0.1803333333333333,0.1746266666666666,0.1796933333333333,0.18096,0.1731333333333333,0.19084,0.1765866666666666,0.1782666666666666,0.17192,0.1714933333333333,0.1926933333333333,0.1926933333333333,0.1691066666666666,0.1691066666666666,0.1739066666666666,0.09452,0.17032,0.1555066666666666,0.1597066666666666,0.1588266666666666,0.17192,0.0667333333333333,0.17152,0.17028,0.17124,0.2169866666666666,0.22724,0.1730266666666666,0.1384266666666666,0.1566
Monroe's Approval Rule (Monroe),0.1752533333333333,0.31772,0.2775466666666666,0.1716,0.0579733333333333,0.1520533333333333,0.0,0.0,0.0,0.0,0.0579733333333333,0.0,0.0579733333333333,0.26588,0.0579733333333333,0.0,0.25376,0.2564533333333333,0.1817066666666666,0.2188666666666666,0.1493333333333333,0.15656,0.1586933333333333,0.1284266666666666,0.2098266666666666,0.1782266666666666,0.1764,0.1741866666666666,0.267,0.1811866666666666,0.1637466666666666,0.16912,0.1935066666666666,0.2107866666666666,0.17532,0.17952,0.19264,0.1821333333333333,0.19364,0.1956666666666666,0.1794266666666666,0.2040533333333333,0.1840133333333333,0.18504,0.1765733333333333,0.1778266666666666,0.2065066666666666,0.2065066666666666,0.1686933333333333,0.1686933333333333,0.1777466666666666,0.11304,0.17052,0.1570133333333333,0.1658533333333333,0.1609733333333333,0.1765733333333333,0.09888,0.1734,0.1698,0.17632,0.2179733333333333,0.2455466666666666,0.1736133333333333,0.1385066666666666,0.1583733333333333
Greedy Monroe,0.1837066666666666,0.3085466666666667,0.2777333333333333,0.1709066666666666,0.0,0.15928,0.0579733333333333,0.0579733333333333,0.0579733333333333,0.0579733333333333,0.0,0.0579733333333333,0.0,0.2861333333333333,0.0,0.0579733333333333,0.2543333333333333,0.2536133333333333,0.17968,0.2176133333333333,0.1481466666666666,0.1535733333333333,0.1575333333333333,0.1154666666666666,0.20872,0.17388,0.17328,0.1722933333333333,0.24588,0.17604,0.1616666666666666,0.1696533333333333,0.1796266666666666,0.1987066666666666,0.17112,0.17284,0.1803333333333333,0.1746266666666666,0.1796933333333333,0.18096,0.1731333333333333,0.19084,0.1765866666666666,0.1782666666666666,0.17192,0.1714933333333333,0.1926933333333333,0.1926933333333333,0.1691066666666666,0.1691066666666666,0.1739066666666666,0.09452,0.17032,0.1555066666666666,0.1597066666666666,0.1588266666666666,0.17192,0.0667333333333333,0.17152,0.17028,0.17124,0.2169866666666666,0.22724,0.1730266666666666,0.1384266666666666,0.1566
Minimax Approval Voting (MAV),0.2291333333333333,0.30344,0.27856,0.28288,0.2861333333333333,0.2633066666666667,0.26588,0.26588,0.26588,0.26588,0.2861333333333333,0.26588,0.2861333333333333,0.0,0.2861333333333333,0.26588,0.2787866666666667,0.2914,0.2885733333333333,0.2884,0.2856,0.2866266666666666,0.28612,0.2930666666666666,0.2862933333333333,0.29092,0.2900933333333333,0.2872933333333333,0.32892,0.2933866666666667,0.2884266666666666,0.2830933333333333,0.3072,0.3072,0.2895333333333333,0.29464,0.3072,0.2955333333333333,0.3072,0.3072,0.2936266666666666,0.3072,0.2955333333333333,0.2958933333333333,0.2908666666666666,0.29392,0.3071733333333333,0.3071733333333333,0.28132,0.28132,0.2879333333333333,0.28468,0.28328,0.2857333333333333,0.2932666666666667,0.2872266666666667,0.2908133333333333,0.2840666666666667,0.2835466666666666,0.2821066666666666,0.2921333333333333,0.2882,0.3291066666666666,0.2828666666666666,0.2796266666666667,0.2821466666666666
Method of Equal Shares (aka Rule X) with Phragmén phase,0.1837066666666666,0.3085466666666667,0.2777333333333333,0.1709066666666666,0.0,0.15928,0.0579733333333333,0.0579733333333333,0.0579733333333333,0.0579733333333333,0.0,0.0579733333333333,0.0,0.2861333333333333,0.0,0.0579733333333333,0.2543333333333333,0.2536133333333333,0.17968,0.2176133333333333,0.1481466666666666,0.1535733333333333,0.1575333333333333,0.1154666666666666,0.20872,0.17388,0.17328,0.1722933333333333,0.24588,0.17604,0.1616666666666666,0.1696533333333333,0.1796266666666666,0.1987066666666666,0.17112,0.17284,0.1803333333333333,0.1746266666666666,0.1796933333333333,0.18096,0.1731333333333333,0.19084,0.1765866666666666,0.1782666666666666,0.17192,0.1714933333333333,0.1926933333333333,0.1926933333333333,0.1691066666666666,0.1691066666666666,0.1739066666666666,0.09452,0.17032,0.1555066666666666,0.1597066666666666,0.1588266666666666,0.17192,0.0667333333333333,0.17152,0.17028,0.17124,0.2169866666666666,0.22724,0.1730266666666666,0.1384266666666666,0.1566
E Pluribus Hugo (EPH),0.1752533333333333,0.31772,0.2775466666666666,0.1716,0.0579733333333333,0.1520533333333333,0.0,0.0,0.0,0.0,0.0579733333333333,0.0,0.0579733333333333,0.26588,0.0579733333333333,0.0,0.25376,0.2564533333333333,0.1817066666666666,0.2188666666666666,0.1493333333333333,0.15656,0.1586933333333333,0.1284266666666666,0.2098266666666666,0.1782266666666666,0.1764,0.1741866666666666,0.267,0.1811866666666666,0.1637466666666666,0.16912,0.1935066666666666,0.2107866666666666,0.17532,0.17952,0.19264,0.1821333333333333,0.19364,0.1956666666666666,0.1794266666666666,0.2040533333333333,0.1840133333333333,0.18504,0.1765733333333333,0.1778266666666666,0.2065066666666666,0.2065066666666666,0.1686933333333333,0.1686933333333333,0.1777466666666666,0.11304,0.17052,0.1570133333333333,0.1658533333333333,0.1609733333333333,0.1765733333333333,0.09888,0.1734,0.1698,0.17632,0.2179733333333333,0.2455466666666666,0.1736133333333333,0.1385066666666666,0.1583733333333333
Random Serial Dictator,0.2648933333333333,0.28576,0.2788266666666666,0.2624266666666666,0.2543333333333333,0.2601066666666666,0.25376,0.25376,0.25376,0.25376,0.2543333333333333,0.25376,0.2543333333333333,0.2787866666666667,0.2543333333333333,0.25376,0.0,0.2706533333333333,0.2637866666666666,0.2692133333333333,0.2565066666666666,0.2598133333333333,0.2575066666666666,0.2563866666666666,0.2664,0.2611733333333333,0.2603733333333333,0.26152,0.2707066666666666,0.2612266666666666,0.2575466666666666,0.2618666666666667,0.2625466666666666,0.26696,0.26112,0.2606533333333333,0.26216,0.2606266666666667,0.26272,0.2622666666666666,0.2602933333333333,0.2639733333333333,0.26024,0.2613466666666666,0.26068,0.2606533333333333,0.26496,0.26496,0.26116,0.26116,0.2607066666666666,0.25644,0.2624266666666666,0.25748,0.2579866666666666,0.2577733333333333,0.2606933333333333,0.2559466666666666,0.2601866666666667,0.2620133333333333,0.2604,0.2690666666666667,0.27132,0.2622933333333333,0.2588266666666666,0.2595866666666667
Anti-Plurality,0.2107733333333333,0.3058,0.2772933333333333,0.18628,0.2536133333333333,0.2294133333333333,0.2564533333333333,0.2564533333333333,0.2564533333333333,0.2564533333333333,0.2536133333333333,0.2564533333333333,0.2536133333333333,0.2914,0.2536133333333333,0.2564533333333333,0.2706533333333333,0.0,0.24,0.2187066666666666,0.2284533333333333,0.2129733333333333,0.2166266666666666,0.23148,0.1840533333333333,0.20304,0.2023066666666666,0.2016133333333333,0.24644,0.2036133333333333,0.2147066666666666,0.1947866666666666,0.2033066666666666,0.21872,0.1959733333333333,0.1976,0.2033466666666666,0.1989866666666666,0.2032533333333333,0.2040933333333333,0.2005733333333333,0.2092266666666666,0.1998533333333333,0.20324,0.1988266666666666,0.19928,0.2127733333333333,0.2127733333333333,0.19848,0.19848,0.2022266666666666,0.2252,0.1898133333333333,0.2188533333333333,0.2162666666666666,0.2171733333333333,0.19888,0.2271466666666666,0.19828,0.1941466666666666,0.1978533333333333,0.21876,0.2313066666666666,0.2039333333333333,0.217,0.2036133333333333
Two-Approval,0.1538133333333333,0.3155066666666666,0.27672,0.12312,0.17968,0.1498933333333333,0.1817066666666666,0.1817066666666666,0.1817066666666666,0.1817066666666666,0.17968,0.1817066666666666,0.17968,0.2885733333333333,0.17968,0.1817066666666666,0.2637866666666666,0.24,0.0,0.16424,0.1450266666666666,0.1385466666666666,0.1423066666666666,0.16136,0.173,0.1416133333333333,0.1392,0.1374,0.24212,0.14396,0.1430533333333333,0.12964,0.1501066666666666,0.17488,0.13528,0.1378666666666666,0.1505866666666666,0.1403066666666666,0.1500533333333333,0.1534266666666666,0.1393866666666666,0.16364,0.1426266666666666,0.1496666666666666,0.1357333333333333,0.13584,0.1680933333333333,0.1680933333333333,0.1314666666666666,0.1314666666666666,0.1406,0.1444933333333333,0.1251733333333333,0.1414666666666666,0.1419866666666666,0.14116,0.1357333333333333,0.1506533333333333,0.1347333333333333,0.12916,0.1333466666666666,0.1628533333333333,0.1974933333333333,0.1250933333333333,0.1452266666666666,0.13772
Three-Approval,0.15284,0.3160133333333333,0.2782,0.1115866666666666,0.2176133333333333,0.1710266666666666,0.2188666666666666,0.2188666666666666,0.2188666666666666,0.2188666666666666,0.2176133333333333,0.2188666666666666,0.2176133333333333,0.2884,0.2176133333333333,0.2188666666666666,0.2692133333333333,0.2187066666666666,0.16424,0.0,0.1701066666666666,0.1510666666666666,0.15624,0.1853333333333333,0.15244,0.1413866666666666,0.1395333333333333,0.1372666666666666,0.24388,0.1454533333333333,0.15396,0.12332,0.14784,0.1761466666666666,0.1308666666666666,0.1352133333333333,0.14832,0.1383066666666666,0.14784,0.1526533333333333,0.1388666666666666,0.1652266666666666,0.1408933333333333,0.1468266666666666,0.1345066666666666,0.1349466666666666,0.1685466666666666,0.1685466666666666,0.1287733333333333,0.1287733333333333,0.1419866666666666,0.1688266666666666,0.1149866666666666,0.1571066666666666,0.1556,0.1552533333333333,0.1344933333333333,0.1724133333333333,0.13216,0.12336,0.1304133333333333,0.0013866666666666,0.17212,0.1065466666666666,0.1586933333333333,0.1418666666666666
Instant Runoff,0.1269066666666666,0.32116,0.27708,0.1262133333333333,0.1481466666666666,0.06936,0.1493333333333333,0.1493333333333333,0.1493333333333333,0.1493333333333333,0.1481466666666666,0.1493333333333333,0.1481466666666666,0.2856,0.1481466666666666,0.1493333333333333,0.2565066666666666,0.2284533333333333,0.1450266666666666,0.1701066666666666,0.0,0.0670933333333333,0.0279333333333333,0.0876133333333333,0.15144,0.09436,0.09524,0.09712,0.23832,0.09656,0.04476,0.1071066666666666,0.1209466666666666,0.1527866666666666,0.1027466666666666,0.1027466666666666,0.1126266666666666,0.1047333333333333,0.12116,0.1226266666666666,0.1003733333333333,0.13848,0.1084666666666666,0.11528,0.0993333333333333,0.09884,0.1449333333333333,0.1449333333333333,0.10432,0.10432,0.0974133333333333,0.1045466666666666,0.1164933333333333,0.0210266666666666,0.04668,0.0344933333333333,0.0993333333333333,0.1098,0.1010266666666666,0.1088533333333333,0.09868,0.1692133333333333,0.2064133333333333,0.1274133333333333,0.08912,0.09648
Bottom-Two-Runoff Instant Runoff,0.09784,0.3247066666666666,0.2772533333333333,0.09996,0.1535733333333333,0.0986533333333333,0.15656,0.15656,0.15656,0.15656,0.1535733333333333,0.15656,0.1535733333333333,0.2866266666666666,0.1535733333333333,0.15656,0.2598133333333333,0.2129733333333333,0.1385466666666666,0.1510666666666666,0.0670933333333333,0.0,0.0434,0.0976933333333333,0.1194533333333333,0.05884,0.05692,0.05744,0.2329733333333333,0.0649333333333333,0.04316,0.0700666666666666,0.0925866666666666,0.1296,0.0674133333333333,0.0646533333333333,0.0837466666666666,0.06868,0.09292,0.0965066666666666,0.0586,0.1148,0.0726133333333333,0.08572,0.0625866666666666,0.0612533333333333,0.12228,0.12228,0.0692666666666666,0.0692666666666666,0.0611066666666666,0.0790533333333333,0.08552,0.0460666666666666,0.0543066666666666,0.0462266666666666,0.0625866666666666,0.08684,0.06168,0.0742533333333333,0.0615866666666666,0.1499333333333333,0.1956266666666666,0.1034533333333333,0.07392,0.0708666666666666
Benham,0.1029866666666666,0.3239333333333333,0.2768933333333333,0.1082133333333333,0.1575333333333333,0.07852,0.1586933333333333,0.1586933333333333,0.1586933333333333,0.1586933333333333,0.1575333333333333,0.1586933333333333,0.1575333333333333,0.28612,0.1575333333333333,0.1586933333333333,0.2575066666666666,0.2166266666666666,0.1423066666666666,0.15624,0.0279333333333333,0.0434,0.0,0.0944666666666666,0.1296266666666666,0.0692266666666666,0.0699333333333333,0.0721066666666666,0.2339333333333333,0.0715333333333333,0.01788,0.0824666666666666,0.09796,0.13096,0.0773466666666666,0.07744,0.08952,0.07996,0.0981866666666666,0.10008,0.0752266666666666,0.11628,0.0839066666666666,0.0912266666666666,0.0744133333333333,0.0741866666666666,0.1233333333333333,0.1233333333333333,0.0795866666666666,0.0795866666666666,0.0720533333333333,0.0851733333333333,0.0937733333333333,0.0069066666666666,0.0286133333333333,0.01744,0.0744133333333333,0.0908,0.07536,0.08388,0.0738133333333333,0.1552133333333333,0.20064,0.1112666666666666,0.07156,0.07064
PluralityWRunoff PUT,0.15128,0.3133333333333333,0.2777066666666666,0.1369333333333333,0.1154666666666666,0.12344,0.1284266666666666,0.1284266666666666,0.1284266666666666,0.1284266666666666,0.1154666666666666,0.1284266666666666,0.1154666666666666,0.2930666666666666,0.1154666666666666,0.1284266666666666,0.2563866666666666,0.23148,0.16136,0.1853333333333333,0.0876133333333333,0.0976933333333333,0.0944666666666666,0.0,0.16724,0.1164533333333333,0.1165066666666666,0.1180666666666666,0.2272266666666666,0.1165333333333333,0.0986666666666666,0.1261466666666666,0.1277333333333333,0.1575866666666666,0.12164,0.11952,0.12056,0.1210666666666666,0.1278266666666666,0.1268133333333333,0.1164133333333333,0.1419866666666666,0.1241066666666666,0.12948,0.1192,0.1170666666666666,0.1490133333333333,0.1490133333333333,0.1254933333333333,0.1254933333333333,0.11904,0.1059866666666666,0.1308266666666666,0.09336,0.0939466666666666,0.09824,0.1192,0.1038,0.1230933333333333,0.1273333333333333,0.1175466666666666,0.1845733333333333,0.2012133333333333,0.1406133333333333,0.10388,0.1088533333333333
Coombs,0.1246666666666666,0.322,0.27764,0.1155733333333333,0.20872,0.1577066666666666,0.2098266666666666,0.2098266666666666,0.2098266666666666,0.2098266666666666,0.20872,0.2098266666666666,0.20872,0.2862933333333333,0.20872,0.2098266666666666,0.2664,0.1840533333333333,0.173,0.15244,0.15144,0.1194533333333333,0.1296266666666666,0.16724,0.0,0.0937866666666666,0.0908666666666666,0.09156,0.2386266666666666,0.0969866666666666,0.12624,0.0986533333333333,0.1189466666666666,0.1527466666666666,0.096,0.0968933333333333,0.1132133333333333,0.1015866666666666,0.1192666666666666,0.1229466666666666,0.0943733333333333,0.1380666666666666,0.1046666666666666,0.1148933333333333,0.0957333333333333,0.09448,0.1440666666666666,0.1440666666666666,0.0976,0.0976,0.09624,0.1461466666666666,0.1074,0.13208,0.12884,0.129,0.0956533333333333,0.1489066666666666,0.0916533333333333,0.0987866666666666,0.0923733333333333,0.1517333333333333,0.1971333333333333,0.1234933333333333,0.1323733333333333,0.1139333333333333
Baldwin,0.09552,0.3238666666666667,0.2777466666666666,0.0969066666666666,0.17388,0.1164933333333333,0.1782266666666666,0.1782266666666666,0.1782266666666666,0.1782266666666666,0.17388,0.1782266666666666,0.17388,0.29092,0.17388,0.1782266666666666,0.2611733333333333,0.20304,0.1416133333333333,0.1413866666666666,0.09436,0.05884,0.0692266666666666,0.1164533333333333,0.0937866666666666,0.0,0.0130933333333333,0.0324266666666666,0.2259866666666666,0.01692,0.0629466666666666,0.0582933333333333,0.0799866666666666,0.1247333333333333,0.0565066666666666,0.0442933333333333,0.0654133333333333,0.04848,0.08012,0.0850666666666666,0.0342533333333333,0.1071466666666666,0.0532266666666666,0.0735733333333333,0.03412,0.0296133333333333,0.11436,0.11436,0.0503866666666666,0.0503866666666666,0.0238533333333333,0.10196,0.0824666666666666,0.0733333333333333,0.06768,0.06848,0.0340666666666666,0.1071466666666666,0.0493866666666666,0.0668933333333333,0.0340266666666666,0.1405333333333333,0.1823333333333333,0.10264,0.0845866666666666,0.0752533333333333
Strict Nanson,0.09348,0.3246266666666667,0.2776266666666667,0.0923333333333333,0.17328,0.1154266666666666,0.1764,0.1764,0.1764,0.1764,0.17328,0.1764,0.17328,0.2900933333333333,0.17328,0.1764,0.2603733333333333,0.2023066666666666,0.1392,0.1395333333333333,0.09524,0.05692,0.0699333333333333,0.1165066666666666,0.0908666666666666,0.0130933333333333,0.0,0.023,0.22752,0.0250133333333333,0.06456,0.0517066666666666,0.07924,0.12592,0.053,0.0413733333333333,0.0676533333333333,0.04688,0.0793333333333333,0.0865733333333333,0.0272,0.1087866666666666,0.0516,0.0725733333333333,0.0310133333333333,0.0242266666666666,0.1159466666666666,0.1159466666666666,0.0457066666666666,0.0457066666666666,0.0251466666666666,0.1009466666666666,0.0778933333333333,0.0742133333333333,0.0686533333333333,0.06968,0.03096,0.1065466666666666,0.0443866666666666,0.0627333333333333,0.0295866666666666,0.1384933333333333,0.1833466666666666,0.0980533333333333,0.08244,0.0722933333333333
Weak Nanson,0.0867333333333333,0.3264133333333333,0.2773066666666666,0.0854933333333333,0.1722933333333333,0.1106,0.1741866666666666,0.1741866666666666,0.1741866666666666,0.1741866666666666,0.1722933333333333,0.1741866666666666,0.1722933333333333,0.2872933333333333,0.1722933333333333,0.1741866666666666,0.26152,0.2016133333333333,0.1374,0.1372666666666666,0.09712,0.05744,0.0721066666666666,0.1180666666666666,0.09156,0.0324266666666666,0.023,0.0,0.2321066666666666,0.04208,0.0671866666666666,0.04372,0.0871333333333333,0.1297066666666666,0.0455733333333333,0.04596,0.07656,0.0524533333333333,0.08732,0.09432,0.0346533333333333,0.11388,0.0568933333333333,0.07408,0.0365333333333333,0.0316533333333333,0.1200133333333333,0.1200133333333333,0.0376,0.0376,0.0386266666666666,0.0990266666666666,0.0710533333333333,0.0760933333333333,0.0731466666666666,0.07204,0.0364533333333333,0.10556,0.0347066666666666,0.0529733333333333,0.0342933333333333,0.1362533333333333,0.1883866666666666,0.09176,0.0791333333333333,0.0646133333333333
Iterated Removal Condorcet Loser,0.2632133333333333,0.19376,0.2766266666666667,0.2418533333333333,0.24588,0.26044,0.267,0.267,0.267,0.267,0.24588,0.267,0.24588,0.32892,0.24588,0.267,0.2707066666666666,0.24644,0.24212,0.24388,0.23832,0.2329733333333333,0.2339333333333333,0.2272266666666666,0.2386266666666666,0.2259866666666666,0.22752,0.2321066666666666,0.0,0.2222933333333333,0.2309733333333333,0.2392533333333333,0.1811066666666666,0.13524,0.2270933333333333,0.2181333333333333,0.1892133333333333,0.2073066666666666,0.1805866666666666,0.1668133333333333,0.21852,0.12104,0.19332,0.21332,0.2259066666666666,0.2214533333333333,0.14612,0.14612,0.2409066666666666,0.2409066666666666,0.22808,0.2353466666666666,0.2384666666666666,0.2349066666666666,0.22328,0.2325733333333333,0.22588,0.23876,0.2362933333333333,0.24072,0.2259333333333333,0.2434666666666666,0.1642,0.2432533333333333,0.24532,0.2387733333333333
Raynaud,0.1011466666666666,0.32264,0.27808,0.10336,0.17604,0.1219866666666666,0.1811866666666666,0.1811866666666666,0.1811866666666666,0.1811866666666666,0.17604,0.1811866666666666,0.17604,0.2933866666666667,0.17604,0.1811866666666666,0.2612266666666666,0.2036133333333333,0.14396,0.1454533333333333,0.09656,0.0649333333333333,0.0715333333333333,0.1165333333333333,0.0969866666666666,0.01692,0.0250133333333333,0.04208,0.2222933333333333,0.0,0.0652,0.0656933333333333,0.07964,0.1215866666666666,0.0625066666666666,0.0499333333333333,0.05948,0.05284,0.0796933333333333,0.08052,0.04208,0.1033333333333333,0.0567333333333333,0.07288,0.0415333333333333,0.0378533333333333,0.1100266666666666,0.1100266666666666,0.0608,0.0608,0.0271066666666666,0.1047066666666666,0.08892,0.0755333333333333,0.06744,0.07072,0.0414533333333333,0.1093066666666666,0.05768,0.07372,0.0414933333333333,0.1444666666666666,0.18004,0.10852,0.08944,0.0803866666666666
Tideman Alternative Top Cycle,0.1074533333333333,0.32384,0.2772933333333333,0.1082133333333333,0.1616666666666666,0.08724,0.1637466666666666,0.1637466666666666,0.1637466666666666,0.1637466666666666,0.1616666666666666,0.1637466666666666,0.1616666666666666,0.2884266666666666,0.1616666666666666,0.1637466666666666,0.2575466666666666,0.2147066666666666,0.1430533333333333,0.15396,0.04476,0.04316,0.01788,0.0986666666666666,0.12624,0.0629466666666666,0.06456,0.0671866666666666,0.2309733333333333,0.0652,0.0,0.0817866666666666,0.0921733333333333,0.12912,0.0747333333333333,0.0729333333333333,0.0824533333333333,0.07544,0.0924,0.0944533333333333,0.0687866666666666,0.1121066666666666,0.07976,0.0893733333333333,0.0701066666666666,0.0690533333333333,0.1208533333333333,0.1208533333333333,0.0793866666666666,0.0793866666666666,0.0670666666666666,0.0864,0.0937733333333333,0.0237333333333333,0.0332666666666666,0.0113866666666666,0.0701066666666666,0.0949333333333333,0.07244,0.08368,0.06908,0.1529333333333333,0.1967066666666666,0.11128,0.0773066666666666,0.07488
Knockout Voting,0.0758266666666666,0.3261333333333333,0.2775066666666667,0.0457733333333333,0.1696533333333333,0.1037466666666666,0.16912,0.16912,0.16912,0.16912,0.1696533333333333,0.16912,0.1696533333333333,0.2830933333333333,0.1696533333333333,0.16912,0.2618666666666667,0.1947866666666666,0.12964,0.12332,0.1071066666666666,0.0700666666666666,0.0824666666666666,0.1261466666666666,0.0986533333333333,0.0582933333333333,0.0517066666666666,0.04372,0.2392533333333333,0.0656933333333333,0.0817866666666666,0.0,0.1005066666666666,0.1339333333333333,0.0477466666666666,0.0557466666666666,0.0933733333333333,0.0633866666666666,0.1007066666666666,0.1073466666666666,0.0527733333333333,0.1237066666666666,0.06752,0.0784,0.05312,0.0549466666666666,0.126,0.126,0.03392,0.03392,0.0550266666666666,0.1000933333333333,0.0313333333333333,0.08608,0.0857466666666666,0.0845466666666666,0.0530533333333333,0.10292,0.0380933333333333,0.0307733333333333,0.0406266666666666,0.1221733333333333,0.1958133333333333,0.0639466666666666,0.0782,0.05816
Banks,0.13792,0.3006933333333333,0.2778,0.1159066666666666,0.1796266666666666,0.14496,0.1935066666666666,0.1935066666666666,0.1935066666666666,0.1935066666666666,0.1796266666666666,0.1935066666666666,0.1796266666666666,0.3072,0.1796266666666666,0.1935066666666666,0.2625466666666666,0.2033066666666666,0.1501066666666666,0.14784,0.1209466666666666,0.0925866666666666,0.09796,0.1277333333333333,0.1189466666666666,0.0799866666666666,0.07924,0.0871333333333333,0.1811066666666666,0.07964,0.0921733333333333,0.1005066666666666,0.0,0.0859866666666666,0.0794533333333333,0.06568,0.0487866666666666,0.0526666666666666,0.00068,0.0189733333333333,0.0641066666666666,0.0611733333333333,0.0593733333333333,0.06892,0.08012,0.07348,0.0748266666666666,0.0748266666666666,0.1024666666666666,0.1024666666666666,0.0802133333333333,0.1088933333333333,0.1014666666666666,0.09992,0.0872266666666666,0.09524,0.0800933333333333,0.1128933333333333,0.0944133333333333,0.1012,0.0788666666666666,0.1469066666666666,0.1515333333333333,0.1207866666666666,0.1152933333333333,0.0986133333333333
Condorcet,0.1534666666666666,0.2460666666666666,0.2768266666666666,0.1479733333333333,0.1987066666666666,0.16404,0.2107866666666666,0.2107866666666666,0.2107866666666666,0.2107866666666666,0.1987066666666666,0.2107866666666666,0.1987066666666666,0.3072,0.1987066666666666,0.2107866666666666,0.26696,0.21872,0.17488,0.1761466666666666,0.1527866666666666,0.1296,0.13096,0.1575866666666666,0.1527466666666666,0.1247333333333333,0.12592,0.1297066666666666,0.13524,0.1215866666666666,0.12912,0.1339333333333333,0.0859866666666666,0.0,0.1257066666666666,0.11852,0.0931733333333333,0.1085466666666666,0.0855066666666666,0.0741866666666666,0.1183733333333333,0.032,0.0953333333333333,0.1126266666666666,0.1248666666666666,0.1208133333333333,0.03436,0.03436,0.1355733333333333,0.1355733333333333,0.1266933333333333,0.13248,0.1335333333333333,0.13176,0.1217733333333333,0.1304666666666666,0.1249333333333333,0.1319733333333333,0.1327466666666666,0.13532,0.1247733333333333,0.1752533333333333,0.1752,0.15236,0.1442533333333333,0.1338266666666666
Copeland,0.0848266666666666,0.3235733333333333,0.2769066666666667,0.0731733333333333,0.17112,0.11088,0.17532,0.17532,0.17532,0.17532,0.17112,0.17532,0.17112,0.2895333333333333,0.17112,0.17532,0.26112,0.1959733333333333,0.13528,0.1308666666666666,0.1027466666666666,0.0674133333333333,0.0773466666666666,0.12164,0.096,0.0565066666666666,0.053,0.0455733333333333,0.2270933333333333,0.0625066666666666,0.0747333333333333,0.0477466666666666,0.0794533333333333,0.1257066666666666,0.0,0.0276666666666666,0.0747866666666666,0.0407066666666666,0.0797733333333333,0.0883733333333333,0.0438933333333333,0.1086,0.0477733333333333,0.0676133333333333,0.04444,0.0506,0.1167333333333333,0.1167333333333333,0.0398666666666666,0.0398666666666666,0.0486266666666666,0.09756,0.0587333333333333,0.08172,0.0798933333333333,0.0782933333333333,0.0444266666666666,0.1043866666666666,0.0193466666666666,0.0264266666666666,0.0421733333333333,0.1299333333333333,0.1822533333333333,0.0812,0.0824133333333333,0.0406
Llull,0.0927733333333333,0.3208,0.27712,0.0854533333333333,0.17284,0.1179466666666666,0.17952,0.17952,0.17952,0.17952,0.17284,0.17952,0.17284,0.29464,0.17284,0.17952,0.2606533333333333,0.1976,0.1378666666666666,0.1352133333333333,0.1027466666666666,0.0646533333333333,0.07744,0.11952,0.0968933333333333,0.0442933333333333,0.0413733333333333,0.04596,0.2181333333333333,0.0499333333333333,0.0729333333333333,0.0557466666666666,0.06568,0.11852,0.0276666666666666,0.0,0.0549866666666666,0.01632,0.0660133333333333,0.0726,0.0282533333333333,0.0990933333333333,0.02688,0.0562666666666666,0.029,0.0356933333333333,0.10756,0.10756,0.0512533333333333,0.0512533333333333,0.0332533333333333,0.0999866666666666,0.0710133333333333,0.08172,0.0758666666666666,0.0774,0.0289866666666666,0.1061066666666666,0.0399066666666666,0.05072,0.0308933333333333,0.1342533333333333,0.17276,0.09256,0.08564,0.0654533333333333
Uncovered Set,0.13044,0.3060133333333333,0.2780133333333333,0.1155466666666666,0.1803333333333333,0.14692,0.19264,0.19264,0.19264,0.19264,0.1803333333333333,0.19264,0.1803333333333333,0.3072,0.1803333333333333,0.19264,0.26216,0.2033466666666666,0.1505866666666666,0.14832,0.1126266666666666,0.0837466666666666,0.08952,0.12056,0.1132133333333333,0.0654133333333333,0.0676533333333333,0.07656,0.1892133333333333,0.05948,0.0824533333333333,0.0933733333333333,0.0487866666666666,0.0931733333333333,0.0747866666666666,0.0549866666666666,0.0,0.0393066666666666,0.0486533333333333,0.0318666666666666,0.05412,0.06964,0.05204,0.0463066666666666,0.07144,0.0621066666666666,0.08096,0.08096,0.0946266666666666,0.0946266666666666,0.0721066666666666,0.1087866666666666,0.1011066666666666,0.0916,0.07724,0.0865733333333333,0.0714133333333333,0.1136,0.0862666666666666,0.0957866666666666,0.0690933333333333,0.14732,0.1598,0.1207466666666666,0.11004,0.10004
Uncovered Set - Fishburn,0.0936933333333333,0.3144266666666667,0.2776933333333333,0.09284,0.1746266666666666,0.12092,0.1821333333333333,0.1821333333333333,0.1821333333333333,0.1821333333333333,0.1746266666666666,0.1821333333333333,0.1746266666666666,0.2955333333333333,0.1746266666666666,0.1821333333333333,0.2606266666666667,0.1989866666666666,0.1403066666666666,0.1383066666666666,0.1047333333333333,0.06868,0.07996,0.1210666666666666,0.1015866666666666,0.04848,0.04688,0.0524533333333333,0.2073066666666666,0.05284,0.07544,0.0633866666666666,0.0526666666666666,0.1085466666666666,0.0407066666666666,0.01632,0.0393066666666666,0.0,0.0527066666666666,0.0576666666666666,0.03176,0.0882533333333333,0.01552,0.0437866666666666,0.03336,0.0382,0.0982933333333333,0.0982933333333333,0.0588533333333333,0.0588533333333333,0.03436,0.102,0.0784,0.0837066666666666,0.07744,0.0793333333333333,0.0333333333333333,0.1078933333333333,0.0502,0.06148,0.0377466666666666,0.1373066666666666,0.16972,0.09936,0.0900666666666666,0.0746666666666666
