Unnamed: 0,Min Violations Committee,Max Violations Committee,Random Choice,Borda ranking,Plurality ranking,STV,Approval Voting (AV),Proportional Approval Voting (PAV),Approval Chamberlin-Courant (CC),Lexicographic Chamberlin-Courant (lex-CC),Sequential Approval Chamberlin-Courant (seq-CC),Monroe's Approval Rule (Monroe),Greedy Monroe,Minimax Approval Voting (MAV),Method of Equal Shares (aka Rule X) with Phragmén phase,E Pluribus Hugo (EPH),Random Serial Dictator,Anti-Plurality,Two-Approval,Three-Approval,Instant Runoff,Bottom-Two-Runoff Instant Runoff,Benham,PluralityWRunoff PUT,Coombs,Baldwin,Strict Nanson,Weak Nanson,Iterated Removal Condorcet Loser,Raynaud,Tideman Alternative Top Cycle,Knockout Voting,Banks,Condorcet,Copeland,Llull,Uncovered Set,Uncovered Set - Fishburn,Uncovered Set - Bordes,Uncovered Set - McKelvey,Slater,Top Cycle,GOCHA,Bipartisan Set,Minimax,Split Cycle,Ranked Pairs ZT,Ranked Pairs TB,Simple Stable Voting,Stable Voting,Loss-Trimmer Voting,Daunou,Blacks,Condorcet IRV,Condorcet IRV PUT,Smith IRV,Smith-Minimax,Condorcet Plurality,Copeland-Local-Borda,Copeland-Global-Borda,Borda-Minimax Faceoff,Bucklin,Simplified Bucklin,Weighted Bucklin,Bracket Voting,Superior Voting
Min Violations Committee,0.0,0.4,0.321248,0.06448,0.181648,0.087488,0.181072,0.181072,0.181072,0.181072,0.181648,0.181072,0.181648,0.313024,0.181648,0.181072,0.276704,0.214448,0.10256,0.152944,0.10424,0.02976,0.025552,0.115536,0.038944,0.0304,0.029872,0.028096,0.109856,0.031168,0.03264,0.018624,0.034896,0.037168,0.027904,0.030112,0.034928,0.030144,0.034896,0.036176,0.030224,0.036448,0.030144,0.01896,0.029856,0.030064,0.036944,0.036944,0.016176,0.016176,0.029552,0.030544,0.021344,0.026656,0.027584,0.032784,0.029856,0.023936,0.02704,0.016768,0.030544,0.085456,0.127296,0.05776,0.034128,0.019376
Max Violations Committee,0.4,0.0,0.32008,0.398464,0.384672,0.398096,0.38528,0.38528,0.38528,0.38528,0.384672,0.38528,0.384672,0.328928,0.384672,0.38528,0.34832,0.392992,0.397248,0.395904,0.396672,0.399696,0.399584,0.39584,0.399376,0.39984,0.39984,0.39984,0.36688,0.399808,0.399568,0.399888,0.399344,0.389856,0.39984,0.399792,0.399392,0.399696,0.399344,0.399088,0.399712,0.398432,0.399616,0.3996,0.39984,0.399824,0.39528,0.39528,0.399888,0.399888,0.399888,0.399168,0.399744,0.399408,0.399424,0.399536,0.39984,0.39832,0.399904,0.399936,0.399808,0.397648,0.393584,0.398736,0.399216,0.399856
Random Choice,0.321248,0.32008,0.0,0.322176,0.320832,0.320816,0.32032,0.32032,0.32032,0.32032,0.320832,0.32032,0.320832,0.320512,0.320832,0.32032,0.320192,0.321104,0.320912,0.320624,0.319568,0.32088,0.320544,0.319568,0.321584,0.320912,0.320912,0.321088,0.319552,0.320896,0.3204,0.321328,0.320656,0.320848,0.32096,0.320736,0.320944,0.320784,0.320656,0.320736,0.320848,0.32064,0.320768,0.320912,0.320816,0.3208,0.320256,0.320256,0.321072,0.321072,0.320848,0.320544,0.321392,0.320592,0.320688,0.320384,0.320816,0.320944,0.321088,0.321232,0.321008,0.319824,0.320096,0.321136,0.321328,0.320688
Borda ranking,0.06448,0.398464,0.322176,0.0,0.217168,0.129712,0.217744,0.217744,0.217744,0.217744,0.217168,0.217744,0.217168,0.321856,0.217168,0.217744,0.285808,0.17512,0.094176,0.11064,0.133712,0.064432,0.06752,0.14984,0.065088,0.062976,0.062672,0.062016,0.13032,0.063328,0.0644,0.046928,0.063664,0.073136,0.061728,0.0624,0.064288,0.062624,0.06368,0.064176,0.062896,0.065136,0.062688,0.064048,0.06208,0.06224,0.070896,0.070896,0.056032,0.056032,0.062608,0.066176,0.043136,0.067952,0.06752,0.064464,0.06208,0.07408,0.061872,0.049776,0.060448,0.081824,0.126336,0.055504,0.085376,0.06936
Plurality ranking,0.181648,0.384672,0.320832,0.217168,0.0,0.140464,0.028928,0.028928,0.028928,0.028928,0.0,0.028928,0.0,0.324272,0.0,0.028928,0.253664,0.305776,0.227968,0.283888,0.13448,0.178208,0.17416,0.116224,0.1892,0.180704,0.180752,0.181264,0.20664,0.1808,0.179648,0.1872,0.181824,0.188192,0.181744,0.181168,0.181744,0.181056,0.18184,0.182128,0.180832,0.182672,0.181136,0.181376,0.181088,0.180992,0.186368,0.186368,0.185776,0.185776,0.180944,0.174016,0.188704,0.173232,0.174528,0.179568,0.181088,0.15776,0.181408,0.186416,0.181728,0.22472,0.218704,0.198032,0.161184,0.170544
STV,0.087488,0.398096,0.320816,0.129712,0.140464,0.0,0.139408,0.139408,0.139408,0.139408,0.140464,0.139408,0.140464,0.3124,0.140464,0.139408,0.267728,0.249472,0.153216,0.20912,0.034384,0.098064,0.0912,0.0764,0.108944,0.10016,0.100064,0.099728,0.157312,0.100656,0.098688,0.096304,0.101824,0.107488,0.09952,0.10016,0.10296,0.100128,0.101808,0.102912,0.10016,0.103648,0.100192,0.094976,0.100096,0.10016,0.106592,0.106592,0.095952,0.095952,0.099824,0.097008,0.097584,0.089664,0.090864,0.098432,0.100096,0.090224,0.099424,0.095488,0.10064,0.145536,0.166144,0.118448,0.076016,0.087584
Approval Voting (AV),0.181072,0.38528,0.32032,0.217744,0.028928,0.139408,0.0,0.0,0.0,0.0,0.028928,0.0,0.028928,0.312592,0.028928,0.0,0.253072,0.310064,0.22888,0.28456,0.136768,0.179936,0.175856,0.120528,0.190816,0.182384,0.182448,0.182912,0.21184,0.182512,0.181376,0.188064,0.183776,0.189856,0.183296,0.182912,0.183632,0.182816,0.183792,0.184128,0.182528,0.184656,0.182896,0.181952,0.182848,0.182752,0.188272,0.188272,0.18648,0.18648,0.182544,0.175728,0.18944,0.174992,0.1764,0.181296,0.182848,0.161328,0.182896,0.187264,0.183472,0.225424,0.224368,0.19872,0.161536,0.172048
Proportional Approval Voting (PAV),0.181072,0.38528,0.32032,0.217744,0.028928,0.139408,0.0,0.0,0.0,0.0,0.028928,0.0,0.028928,0.312592,0.028928,0.0,0.253072,0.310064,0.22888,0.28456,0.136768,0.179936,0.175856,0.120528,0.190816,0.182384,0.182448,0.182912,0.21184,0.182512,0.181376,0.188064,0.183776,0.189856,0.183296,0.182912,0.183632,0.182816,0.183792,0.184128,0.182528,0.184656,0.182896,0.181952,0.182848,0.182752,0.188272,0.188272,0.18648,0.18648,0.182544,0.175728,0.18944,0.174992,0.1764,0.181296,0.182848,0.161328,0.182896,0.187264,0.183472,0.225424,0.224368,0.19872,0.161536,0.172048
Approval Chamberlin-Courant (CC),0.181072,0.38528,0.32032,0.217744,0.028928,0.139408,0.0,0.0,0.0,0.0,0.028928,0.0,0.028928,0.312592,0.028928,0.0,0.253072,0.310064,0.22888,0.28456,0.136768,0.179936,0.175856,0.120528,0.190816,0.182384,0.182448,0.182912,0.21184,0.182512,0.181376,0.188064,0.183776,0.189856,0.183296,0.182912,0.183632,0.182816,0.183792,0.184128,0.182528,0.184656,0.182896,0.181952,0.182848,0.182752,0.188272,0.188272,0.18648,0.18648,0.182544,0.175728,0.18944,0.174992,0.1764,0.181296,0.182848,0.161328,0.182896,0.187264,0.183472,0.225424,0.224368,0.19872,0.161536,0.172048
Lexicographic Chamberlin-Courant (lex-CC),0.181072,0.38528,0.32032,0.217744,0.028928,0.139408,0.0,0.0,0.0,0.0,0.028928,0.0,0.028928,0.312592,0.028928,0.0,0.253072,0.310064,0.22888,0.28456,0.136768,0.179936,0.175856,0.120528,0.190816,0.182384,0.182448,0.182912,0.21184,0.182512,0.181376,0.188064,0.183776,0.189856,0.183296,0.182912,0.183632,0.182816,0.183792,0.184128,0.182528,0.184656,0.182896,0.181952,0.182848,0.182752,0.188272,0.188272,0.18648,0.18648,0.182544,0.175728,0.18944,0.174992,0.1764,0.181296,0.182848,0.161328,0.182896,0.187264,0.183472,0.225424,0.224368,0.19872,0.161536,0.172048
Sequential Approval Chamberlin-Courant (seq-CC),0.181648,0.384672,0.320832,0.217168,0.0,0.140464,0.028928,0.028928,0.028928,0.028928,0.0,0.028928,0.0,0.324272,0.0,0.028928,0.253664,0.305776,0.227968,0.283888,0.13448,0.178208,0.17416,0.116224,0.1892,0.180704,0.180752,0.181264,0.20664,0.1808,0.179648,0.1872,0.181824,0.188192,0.181744,0.181168,0.181744,0.181056,0.18184,0.182128,0.180832,0.182672,0.181136,0.181376,0.181088,0.180992,0.186368,0.186368,0.185776,0.185776,0.180944,0.174016,0.188704,0.173232,0.174528,0.179568,0.181088,0.15776,0.181408,0.186416,0.181728,0.22472,0.218704,0.198032,0.161184,0.170544
Monroe's Approval Rule (Monroe),0.181072,0.38528,0.32032,0.217744,0.028928,0.139408,0.0,0.0,0.0,0.0,0.028928,0.0,0.028928,0.312592,0.028928,0.0,0.253072,0.310064,0.22888,0.28456,0.136768,0.179936,0.175856,0.120528,0.190816,0.182384,0.182448,0.182912,0.21184,0.182512,0.181376,0.188064,0.183776,0.189856,0.183296,0.182912,0.183632,0.182816,0.183792,0.184128,0.182528,0.184656,0.182896,0.181952,0.182848,0.182752,0.188272,0.188272,0.18648,0.18648,0.182544,0.175728,0.18944,0.174992,0.1764,0.181296,0.182848,0.161328,0.182896,0.187264,0.183472,0.225424,0.224368,0.19872,0.161536,0.172048
Greedy Monroe,0.181648,0.384672,0.320832,0.217168,0.0,0.140464,0.028928,0.028928,0.028928,0.028928,0.0,0.028928,0.0,0.324272,0.0,0.028928,0.253664,0.305776,0.227968,0.283888,0.13448,0.178208,0.17416,0.116224,0.1892,0.180704,0.180752,0.181264,0.20664,0.1808,0.179648,0.1872,0.181824,0.188192,0.181744,0.181168,0.181744,0.181056,0.18184,0.182128,0.180832,0.182672,0.181136,0.181376,0.181088,0.180992,0.186368,0.186368,0.185776,0.185776,0.180944,0.174016,0.188704,0.173232,0.174528,0.179568,0.181088,0.15776,0.181408,0.186416,0.181728,0.22472,0.218704,0.198032,0.161184,0.170544
Minimax Approval Voting (MAV),0.313024,0.328928,0.320512,0.321856,0.324272,0.3124,0.312592,0.312592,0.312592,0.312592,0.324272,0.312592,0.324272,0.0,0.324272,0.312592,0.320192,0.364176,0.324128,0.324576,0.323808,0.325696,0.323792,0.328,0.325856,0.326352,0.326128,0.325568,0.347696,0.326672,0.32672,0.320656,0.328464,0.328464,0.325888,0.326544,0.328464,0.326576,0.328464,0.328464,0.326432,0.328464,0.326576,0.321856,0.326288,0.32632,0.328464,0.328464,0.320416,0.320416,0.326048,0.324496,0.320784,0.323712,0.324448,0.326656,0.326288,0.320832,0.325248,0.32072,0.3264,0.32304,0.352912,0.320688,0.320544,0.320896
Method of Equal Shares (aka Rule X) with Phragmén phase,0.181648,0.384672,0.320832,0.217168,0.0,0.140464,0.028928,0.028928,0.028928,0.028928,0.0,0.028928,0.0,0.324272,0.0,0.028928,0.253664,0.305776,0.227968,0.283888,0.13448,0.178208,0.17416,0.116224,0.1892,0.180704,0.180752,0.181264,0.20664,0.1808,0.179648,0.1872,0.181824,0.188192,0.181744,0.181168,0.181744,0.181056,0.18184,0.182128,0.180832,0.182672,0.181136,0.181376,0.181088,0.180992,0.186368,0.186368,0.185776,0.185776,0.180944,0.174016,0.188704,0.173232,0.174528,0.179568,0.181088,0.15776,0.181408,0.186416,0.181728,0.22472,0.218704,0.198032,0.161184,0.170544
E Pluribus Hugo (EPH),0.181072,0.38528,0.32032,0.217744,0.028928,0.139408,0.0,0.0,0.0,0.0,0.028928,0.0,0.028928,0.312592,0.028928,0.0,0.253072,0.310064,0.22888,0.28456,0.136768,0.179936,0.175856,0.120528,0.190816,0.182384,0.182448,0.182912,0.21184,0.182512,0.181376,0.188064,0.183776,0.189856,0.183296,0.182912,0.183632,0.182816,0.183792,0.184128,0.182528,0.184656,0.182896,0.181952,0.182848,0.182752,0.188272,0.188272,0.18648,0.18648,0.182544,0.175728,0.18944,0.174992,0.1764,0.181296,0.182848,0.161328,0.182896,0.187264,0.183472,0.225424,0.224368,0.19872,0.161536,0.172048
Random Serial Dictator,0.276704,0.34832,0.320192,0.285808,0.253664,0.267728,0.253072,0.253072,0.253072,0.253072,0.253664,0.253072,0.253664,0.320192,0.253664,0.253072,0.0,0.316512,0.288448,0.305936,0.266144,0.27648,0.275328,0.263168,0.278656,0.2768,0.276768,0.277184,0.284816,0.27696,0.276592,0.278224,0.277408,0.279776,0.277264,0.277088,0.277376,0.277008,0.277408,0.27744,0.276992,0.277776,0.27704,0.276752,0.277056,0.277008,0.278976,0.278976,0.277504,0.277504,0.276928,0.275472,0.27872,0.27512,0.275584,0.276592,0.277056,0.273456,0.277232,0.27792,0.277152,0.286096,0.2852,0.279408,0.272064,0.275184
Anti-Plurality,0.214448,0.392992,0.321104,0.17512,0.305776,0.249472,0.310064,0.310064,0.310064,0.310064,0.305776,0.310064,0.305776,0.364176,0.305776,0.310064,0.316512,0.0,0.201584,0.16112,0.246624,0.206528,0.21112,0.26264,0.204512,0.20472,0.204752,0.204656,0.221328,0.204624,0.205296,0.202224,0.203664,0.210544,0.204336,0.204256,0.204144,0.204464,0.20368,0.203472,0.204752,0.203856,0.204512,0.209168,0.204336,0.204432,0.207568,0.207568,0.20624,0.20624,0.204816,0.208176,0.199488,0.211504,0.210672,0.20536,0.204336,0.217856,0.204816,0.203888,0.203152,0.196912,0.19472,0.19736,0.224224,0.213728
Two-Approval,0.10256,0.397248,0.320912,0.094176,0.227968,0.153216,0.22888,0.22888,0.22888,0.22888,0.227968,0.22888,0.227968,0.324128,0.227968,0.22888,0.288448,0.201584,0.0,0.176384,0.156464,0.10128,0.103936,0.172032,0.102208,0.100048,0.099792,0.099328,0.156384,0.100224,0.101008,0.097472,0.099616,0.109152,0.099136,0.099376,0.100544,0.099392,0.0996,0.10008,0.099376,0.10096,0.099472,0.101584,0.099472,0.099488,0.10688,0.10688,0.096976,0.096976,0.099568,0.103264,0.09832,0.104064,0.103488,0.10096,0.099472,0.10808,0.099248,0.09712,0.099616,0.031536,0.086736,0.08608,0.116976,0.104928
Three-Approval,0.152944,0.395904,0.320624,0.11064,0.283888,0.20912,0.28456,0.28456,0.28456,0.28456,0.283888,0.28456,0.283888,0.324576,0.283888,0.28456,0.305936,0.16112,0.176384,0.0,0.212672,0.153664,0.157344,0.23016,0.148416,0.152128,0.151952,0.151408,0.19752,0.152208,0.153312,0.143408,0.151728,0.159616,0.151152,0.151664,0.152288,0.15184,0.151728,0.151968,0.152096,0.152448,0.15184,0.152304,0.15144,0.151568,0.157536,0.157536,0.146784,0.146784,0.151904,0.155488,0.141296,0.15792,0.157328,0.153424,0.15144,0.163488,0.151328,0.14464,0.150576,0.156032,0.195216,0.136496,0.174464,0.159472
Instant Runoff,0.10424,0.396672,0.319568,0.133712,0.13448,0.034384,0.136768,0.136768,0.136768,0.136768,0.13448,0.136768,0.13448,0.323808,0.13448,0.136768,0.266144,0.246624,0.156464,0.212672,0.0,0.089952,0.079744,0.05744,0.106016,0.0932,0.093408,0.09432,0.143712,0.09296,0.088752,0.10136,0.094512,0.10584,0.094688,0.093712,0.093552,0.093664,0.094528,0.0944,0.093648,0.095056,0.093712,0.098624,0.09368,0.093632,0.10328,0.10328,0.101168,0.101168,0.093488,0.092896,0.102432,0.077616,0.07984,0.088416,0.09368,0.093088,0.094656,0.100896,0.09368,0.149776,0.161136,0.1224,0.080112,0.091152
Bottom-Two-Runoff Instant Runoff,0.02976,0.399696,0.32088,0.064432,0.178208,0.098064,0.179936,0.179936,0.179936,0.179936,0.178208,0.179936,0.178208,0.325696,0.178208,0.179936,0.27648,0.206528,0.10128,0.153664,0.089952,0.0,0.011296,0.102048,0.023152,0.0068,0.00688,0.00784,0.087136,0.006784,0.007472,0.019088,0.009856,0.025648,0.008512,0.007344,0.0084,0.007312,0.009856,0.009936,0.00712,0.011536,0.007408,0.018992,0.007248,0.007184,0.022528,0.022528,0.017744,0.017744,0.006912,0.010464,0.021296,0.012336,0.011936,0.007584,0.007248,0.020448,0.00816,0.018048,0.00752,0.085456,0.114608,0.058208,0.033488,0.017328
Benham,0.025552,0.399584,0.320544,0.06752,0.17416,0.0912,0.175856,0.175856,0.175856,0.175856,0.17416,0.175856,0.17416,0.323792,0.17416,0.175856,0.275328,0.21112,0.103936,0.157344,0.079744,0.011296,0.0,0.096832,0.029952,0.014736,0.014896,0.015776,0.09224,0.01456,0.010576,0.023104,0.016352,0.028336,0.016016,0.015168,0.015424,0.015136,0.016368,0.016352,0.01512,0.017104,0.015216,0.020256,0.015168,0.015136,0.025776,0.025776,0.022512,0.022512,0.014944,0.01528,0.024384,0.002128,0.004,0.010752,0.015168,0.0164,0.015968,0.022368,0.015264,0.08896,0.119024,0.06056,0.027776,0.011584
PluralityWRunoff PUT,0.115536,0.39584,0.319568,0.14984,0.116224,0.0764,0.120528,0.120528,0.120528,0.120528,0.116224,0.120528,0.116224,0.328,0.116224,0.120528,0.263168,0.26264,0.172032,0.23016,0.05744,0.102048,0.096832,0.0,0.116224,0.104096,0.104288,0.105152,0.147888,0.103856,0.101696,0.113936,0.105312,0.116112,0.105776,0.104688,0.104224,0.104672,0.105328,0.105088,0.104448,0.105776,0.104688,0.10968,0.10456,0.104464,0.113504,0.113504,0.112816,0.112816,0.1044,0.103792,0.115312,0.096128,0.096176,0.101584,0.10456,0.102288,0.105568,0.113168,0.104976,0.165856,0.173936,0.138544,0.091312,0.101024
Coombs,0.038944,0.399376,0.321584,0.065088,0.1892,0.108944,0.190816,0.190816,0.190816,0.190816,0.1892,0.190816,0.1892,0.325856,0.1892,0.190816,0.278656,0.204512,0.102208,0.148416,0.106016,0.023152,0.029952,0.116224,0.0,0.019248,0.018896,0.01856,0.094832,0.019504,0.024128,0.027488,0.020784,0.03624,0.018704,0.01912,0.020832,0.019296,0.020784,0.021264,0.019424,0.022608,0.019376,0.029664,0.01888,0.01896,0.032992,0.032992,0.02632,0.02632,0.019136,0.027472,0.028544,0.030672,0.029616,0.024336,0.01888,0.0364,0.018688,0.026512,0.01936,0.0848,0.116672,0.060416,0.04872,0.031744
Baldwin,0.0304,0.39984,0.320912,0.062976,0.180704,0.10016,0.182384,0.182384,0.182384,0.182384,0.180704,0.182384,0.180704,0.326352,0.180704,0.182384,0.2768,0.20472,0.100048,0.152128,0.0932,0.0068,0.014736,0.104096,0.019248,0.0,0.00104,0.00392,0.085536,0.001008,0.007568,0.01688,0.006864,0.024896,0.005392,0.002864,0.005776,0.002864,0.006864,0.007392,0.002576,0.0096,0.002912,0.017952,0.00208,0.002016,0.021504,0.021504,0.015648,0.015648,0.001328,0.011824,0.01984,0.015584,0.014576,0.007744,0.00208,0.022944,0.005072,0.016096,0.002848,0.083888,0.11304,0.056848,0.03504,0.018592
Strict Nanson,0.029872,0.39984,0.320912,0.062672,0.180752,0.100064,0.182448,0.182448,0.182448,0.182448,0.180752,0.182448,0.180752,0.326128,0.180752,0.182448,0.276768,0.204752,0.099792,0.151952,0.093408,0.00688,0.014896,0.104288,0.018896,0.00104,0.0,0.002976,0.085936,0.001856,0.007776,0.016592,0.006672,0.025248,0.0048,0.002304,0.006368,0.002336,0.006672,0.007856,0.00192,0.010032,0.002384,0.01784,0.001376,0.001248,0.021888,0.021888,0.014896,0.014896,0.00096,0.012,0.019536,0.015792,0.014864,0.008,0.001376,0.022992,0.00432,0.015408,0.002528,0.08352,0.112976,0.0564,0.034976,0.018368
Weak Nanson,0.028096,0.39984,0.321088,0.062016,0.181264,0.099728,0.182912,0.182912,0.182912,0.182912,0.181264,0.182912,0.181264,0.325568,0.181264,0.182912,0.277184,0.204656,0.099328,0.151408,0.09432,0.00784,0.015776,0.105152,0.01856,0.00392,0.002976,0.0,0.08704,0.004624,0.008784,0.015616,0.008512,0.02592,0.003072,0.004112,0.008144,0.004176,0.008512,0.009632,0.003792,0.011168,0.00424,0.01816,0.003088,0.003008,0.022752,0.022752,0.012896,0.012896,0.003824,0.012816,0.01888,0.016704,0.015792,0.008976,0.003088,0.023504,0.00192,0.013488,0.004272,0.082624,0.112896,0.055296,0.035376,0.01768
Iterated Removal Condorcet Loser,0.109856,0.36688,0.319552,0.13032,0.20664,0.157312,0.21184,0.21184,0.21184,0.21184,0.20664,0.21184,0.20664,0.347696,0.20664,0.21184,0.284816,0.221328,0.156384,0.19752,0.143712,0.087136,0.09224,0.147888,0.094832,0.085536,0.085936,0.08704,0.0,0.085024,0.085312,0.096608,0.081664,0.08864,0.086384,0.084736,0.081712,0.08448,0.081664,0.07912,0.084784,0.076144,0.08424,0.09472,0.085616,0.085504,0.0856,0.0856,0.09752,0.09752,0.086,0.08768,0.096576,0.092432,0.090816,0.085264,0.085616,0.099024,0.087616,0.097072,0.084992,0.146432,0.15224,0.125776,0.10808,0.0976
Raynaud,0.031168,0.399808,0.320896,0.063328,0.1808,0.100656,0.182512,0.182512,0.182512,0.182512,0.1808,0.182512,0.1808,0.326672,0.1808,0.182512,0.27696,0.204624,0.100224,0.152208,0.09296,0.006784,0.01456,0.103856,0.019504,0.001008,0.001856,0.004624,0.085024,0.0,0.00728,0.017296,0.006912,0.024544,0.00616,0.003616,0.00496,0.0036,0.006912,0.006864,0.003216,0.009088,0.0036,0.017936,0.003008,0.002848,0.021072,0.021072,0.016592,0.016592,0.001952,0.01184,0.020192,0.015344,0.014272,0.007472,0.003008,0.02304,0.005888,0.016944,0.003376,0.084224,0.113056,0.05744,0.035344,0.018976
Tideman Alternative Top Cycle,0.03264,0.399568,0.3204,0.0644,0.179648,0.098688,0.181376,0.181376,0.181376,0.181376,0.179648,0.181376,0.179648,0.32672,0.179648,0.181376,0.276592,0.205296,0.101008,0.153312,0.088752,0.007472,0.010576,0.101696,0.024128,0.007568,0.007776,0.008784,0.085312,0.00728,0.0,0.020048,0.00912,0.024816,0.009312,0.008176,0.007792,0.008144,0.009136,0.0088,0.007984,0.009408,0.008224,0.020432,0.008192,0.008144,0.021344,0.021344,0.020064,0.020064,0.007856,0.010016,0.021264,0.011136,0.010224,0.0004,0.008192,0.021888,0.009184,0.01992,0.007872,0.08552,0.113872,0.058336,0.035424,0.018624
Knockout Voting,0.018624,0.399888,0.321328,0.046928,0.1872,0.096304,0.188064,0.188064,0.188064,0.188064,0.1872,0.188064,0.1872,0.320656,0.1872,0.188064,0.278224,0.202224,0.097472,0.143408,0.10136,0.019088,0.023104,0.113936,0.027488,0.01688,0.016592,0.015616,0.096608,0.017296,0.020048,0.0,0.020096,0.03032,0.015824,0.016752,0.019744,0.016832,0.020096,0.020672,0.016736,0.021984,0.016896,0.018896,0.016384,0.016528,0.028192,0.028192,0.00984,0.00984,0.016432,0.02184,0.003792,0.023744,0.02344,0.020192,0.016384,0.02944,0.015392,0.00376,0.01512,0.079088,0.117616,0.049568,0.04128,0.024592
Banks,0.034896,0.399344,0.320656,0.063664,0.181824,0.101824,0.183776,0.183776,0.183776,0.183776,0.181824,0.183776,0.181824,0.328464,0.181824,0.183776,0.277408,0.203664,0.099616,0.151728,0.094512,0.009856,0.016352,0.105312,0.020784,0.006864,0.006672,0.008512,0.081664,0.006912,0.00912,0.020096,0.0,0.021952,0.00768,0.005264,0.005824,0.00488,1.6e-05,0.002832,0.005248,0.005664,0.005088,0.01888,0.006208,0.00608,0.01808,0.01808,0.02016,0.02016,0.006624,0.013312,0.020528,0.016896,0.015536,0.009232,0.006208,0.024064,0.009168,0.019824,0.00688,0.083504,0.1112,0.057728,0.037456,0.02
Condorcet,0.037168,0.389856,0.320848,0.073136,0.188192,0.107488,0.189856,0.189856,0.189856,0.189856,0.188192,0.189856,0.188192,0.328464,0.188192,0.189856,0.279776,0.210544,0.109152,0.159616,0.10584,0.025648,0.028336,0.116112,0.03624,0.024896,0.025248,0.02592,0.08864,0.024544,0.024816,0.03032,0.021952,0.0,0.025504,0.02432,0.022016,0.024096,0.021952,0.02008,0.024368,0.01784,0.023888,0.028768,0.025008,0.024912,0.007712,0.007712,0.030928,0.030928,0.025328,0.026672,0.03,0.028224,0.027264,0.024784,0.025008,0.030432,0.026432,0.030592,0.02448,0.093024,0.12064,0.067232,0.046768,0.03104
Copeland,0.027904,0.39984,0.32096,0.061728,0.181744,0.09952,0.183296,0.183296,0.183296,0.183296,0.181744,0.183296,0.181744,0.325888,0.181744,0.183296,0.277264,0.204336,0.099136,0.151152,0.094688,0.008512,0.016016,0.105776,0.018704,0.005392,0.0048,0.003072,0.086384,0.00616,0.009312,0.015824,0.00768,0.025504,0.0,0.00288,0.007904,0.003232,0.00768,0.008992,0.003744,0.010448,0.003328,0.016816,0.003904,0.004128,0.022192,0.022192,0.013024,0.013024,0.0044,0.013552,0.018592,0.017072,0.01608,0.009504,0.003904,0.023984,0.001744,0.012352,0.004992,0.082112,0.11248,0.054928,0.035488,0.017152
Llull,0.030112,0.399792,0.320736,0.0624,0.181168,0.10016,0.182912,0.182912,0.182912,0.182912,0.181168,0.182912,0.181168,0.326544,0.181168,0.182912,0.277088,0.204256,0.099376,0.151664,0.093712,0.007344,0.015168,0.104688,0.01912,0.002864,0.002304,0.004112,0.084736,0.003616,0.008176,0.016752,0.005264,0.02432,0.00288,0.0,0.005168,0.000384,0.005264,0.006496,0.001024,0.008784,0.000512,0.01632,0.001328,0.001536,0.0208,0.0208,0.015312,0.015312,0.001856,0.012464,0.019264,0.016096,0.015024,0.008288,0.001328,0.023408,0.004144,0.015024,0.002576,0.083152,0.11248,0.05608,0.03512,0.018576
Uncovered Set,0.034928,0.399392,0.320944,0.064288,0.181744,0.10296,0.183632,0.183632,0.183632,0.183632,0.181744,0.183632,0.181744,0.328464,0.181744,0.183632,0.277376,0.204144,0.100544,0.152288,0.093552,0.0084,0.015424,0.104224,0.020832,0.005776,0.006368,0.008144,0.081712,0.00496,0.007792,0.019744,0.005824,0.022016,0.007904,0.005168,0.0,0.004784,0.005824,0.003008,0.00512,0.005712,0.005024,0.016112,0.006128,0.005936,0.018192,0.018192,0.020128,0.020128,0.006624,0.012736,0.021152,0.015936,0.01448,0.007904,0.006128,0.023984,0.00912,0.01992,0.005904,0.084912,0.112352,0.058464,0.037296,0.02152
Uncovered Set - Fishburn,0.030144,0.399696,0.320784,0.062624,0.181056,0.100128,0.182816,0.182816,0.182816,0.182816,0.181056,0.182816,0.181056,0.326576,0.181056,0.182816,0.277008,0.204464,0.099392,0.15184,0.093664,0.007312,0.015136,0.104672,0.019296,0.002864,0.002336,0.004176,0.08448,0.0036,0.008144,0.016832,0.00488,0.024096,0.003232,0.000384,0.004784,0.0,0.00488,0.006112,0.001008,0.008528,0.00024,0.015936,0.001344,0.001552,0.02056,0.02056,0.015376,0.015376,0.00184,0.012368,0.019488,0.016048,0.014992,0.00824,0.001344,0.023296,0.004336,0.015264,0.00264,0.083216,0.112352,0.056272,0.035216,0.018704
Uncovered Set - Bordes,0.034896,0.399344,0.320656,0.06368,0.18184,0.101808,0.183792,0.183792,0.183792,0.183792,0.18184,0.183792,0.18184,0.328464,0.18184,0.183792,0.277408,0.20368,0.0996,0.151728,0.094528,0.009856,0.016368,0.105328,0.020784,0.006864,0.006672,0.008512,0.081664,0.006912,0.009136,0.020096,1.6e-05,0.021952,0.00768,0.005264,0.005824,0.00488,0.0,0.002816,0.005248,0.005664,0.005088,0.01888,0.006208,0.00608,0.01808,0.01808,0.02016,0.02016,0.006624,0.013328,0.020544,0.016912,0.015536,0.009248,0.006208,0.02408,0.009168,0.019824,0.00688,0.083504,0.1112,0.057744,0.03744,0.02
Uncovered Set - McKelvey,0.036176,0.399088,0.320736,0.064176,0.182128,0.102912,0.184128,0.184128,0.184128,0.184128,0.182128,0.184128,0.182128,0.328464,0.182128,0.184128,0.27744,0.203472,0.10008,0.151968,0.0944,0.009936,0.016352,0.105088,0.021264,0.007392,0.007856,0.009632,0.07912,0.006864,0.0088,0.020672,0.002832,0.02008,0.008992,0.006496,0.003008,0.006112,0.002816,0.0,0.006544,0.003072,0.00632,0.018224,0.007456,0.007328,0.015984,0.015984,0.02144,0.02144,0.00792,0.013232,0.02104,0.016784,0.015216,0.008848,0.007456,0.024368,0.010448,0.021072,0.007376,0.084336,0.111088,0.058432,0.03816,0.021536
Slater,0.030224,0.399712,0.320848,0.062896,0.180832,0.10016,0.182528,0.182528,0.182528,0.182528,0.180832,0.182528,0.180832,0.326432,0.180832,0.182528,0.276992,0.204752,0.099376,0.152096,0.093648,0.00712,0.01512,0.104448,0.019424,0.002576,0.00192,0.003792,0.084784,0.003216,0.007984,0.016736,0.005248,0.024368,0.003744,0.001024,0.00512,0.001008,0.005248,0.006544,0.0,0.008832,0.001104,0.016544,0.001904,0.001696,0.020864,0.020864,0.015664,0.015664,0.001872,0.012096,0.01976,0.016032,0.014944,0.008192,0.001904,0.023072,0.004048,0.015648,0.003008,0.083184,0.11232,0.05656,0.034784,0.01864
Top Cycle,0.036448,0.398432,0.32064,0.065136,0.182672,0.103648,0.184656,0.184656,0.184656,0.184656,0.182672,0.184656,0.182672,0.328464,0.182672,0.184656,0.277776,0.203856,0.10096,0.152448,0.095056,0.011536,0.017104,0.105776,0.022608,0.0096,0.010032,0.011168,0.076144,0.009088,0.009408,0.021984,0.005664,0.01784,0.010448,0.008784,0.005712,0.008528,0.005664,0.003072,0.008832,0.0,0.008288,0.020048,0.009696,0.009584,0.013728,0.013728,0.022832,0.022832,0.010096,0.01368,0.022,0.01744,0.015728,0.00936,0.009696,0.024912,0.011712,0.022448,0.009056,0.085168,0.110752,0.059152,0.039152,0.02288
GOCHA,0.030144,0.399616,0.320768,0.062688,0.181136,0.100192,0.182896,0.182896,0.182896,0.182896,0.181136,0.182896,0.181136,0.326576,0.181136,0.182896,0.27704,0.204512,0.099472,0.15184,0.093712,0.007408,0.015216,0.104688,0.019376,0.002912,0.002384,0.00424,0.08424,0.0036,0.008224,0.016896,0.005088,0.023888,0.003328,0.000512,0.005024,0.00024,0.005088,0.00632,0.001104,0.008288,0.0,0.01616,0.001472,0.00168,0.020352,0.020352,0.015488,0.015488,0.001872,0.012432,0.019552,0.016096,0.015056,0.00832,0.001472,0.023376,0.004368,0.015344,0.002736,0.08328,0.112352,0.05632,0.03528,0.018752
Bipartisan Set,0.01896,0.3996,0.320912,0.064048,0.181376,0.094976,0.181952,0.181952,0.181952,0.181952,0.181376,0.181952,0.181376,0.321856,0.181376,0.181952,0.276752,0.209168,0.101584,0.152304,0.098624,0.018992,0.020256,0.10968,0.029664,0.017952,0.01784,0.01816,0.09472,0.017936,0.020432,0.018896,0.01888,0.028768,0.016816,0.01632,0.016112,0.015936,0.01888,0.018224,0.016544,0.020048,0.01616,0.0,0.017264,0.01728,0.026672,0.026672,0.017664,0.017664,0.017712,0.02144,0.020912,0.021008,0.020608,0.020544,0.017264,0.023616,0.017984,0.01776,0.017664,0.085136,0.119552,0.057808,0.035472,0.020192
Minimax,0.029856,0.39984,0.320816,0.06208,0.181088,0.100096,0.182848,0.182848,0.182848,0.182848,0.181088,0.182848,0.181088,0.326288,0.181088,0.182848,0.277056,0.204336,0.099472,0.15144,0.09368,0.007248,0.015168,0.10456,0.01888,0.00208,0.001376,0.003088,0.085616,0.003008,0.008192,0.016384,0.006208,0.025008,0.003904,0.001328,0.006128,0.001344,0.006208,0.007456,0.001904,0.009696,0.001472,0.017264,0.0,0.00024,0.021584,0.021584,0.014288,0.014288,0.001504,0.012384,0.018944,0.016064,0.015104,0.008288,0.0,0.023328,0.00376,0.014704,0.001728,0.083104,0.112736,0.055872,0.0352,0.018384
Split Cycle,0.030064,0.399824,0.3208,0.06224,0.180992,0.10016,0.182752,0.182752,0.182752,0.182752,0.180992,0.182752,0.180992,0.32632,0.180992,0.182752,0.277008,0.204432,0.099488,0.151568,0.093632,0.007184,0.015136,0.104464,0.01896,0.002016,0.001248,0.003008,0.085504,0.002848,0.008144,0.016528,0.00608,0.024912,0.004128,0.001536,0.005936,0.001552,0.00608,0.007328,0.001696,0.009584,0.00168,0.01728,0.00024,0.0,0.021456,0.021456,0.014448,0.014448,0.001696,0.012288,0.019104,0.016016,0.01504,0.00824,0.00024,0.023232,0.003968,0.014928,0.001904,0.083168,0.112624,0.056032,0.0352,0.018368
Ranked Pairs ZT,0.036944,0.39528,0.320256,0.070896,0.186368,0.106592,0.188272,0.188272,0.188272,0.188272,0.186368,0.188272,0.186368,0.328464,0.186368,0.188272,0.278976,0.207568,0.10688,0.157536,0.10328,0.022528,0.025776,0.113504,0.032992,0.021504,0.021888,0.022752,0.0856,0.021072,0.021344,0.028192,0.01808,0.007712,0.022192,0.0208,0.018192,0.02056,0.01808,0.015984,0.020864,0.013728,0.020352,0.026672,0.021584,0.021456,0.0,0.0,0.028928,0.028928,0.021968,0.023552,0.02776,0.025664,0.024528,0.021296,0.021584,0.028608,0.023264,0.028608,0.020976,0.090992,0.11784,0.065168,0.04512,0.02928
Ranked Pairs TB,0.036944,0.39528,0.320256,0.070896,0.186368,0.106592,0.188272,0.188272,0.188272,0.188272,0.186368,0.188272,0.186368,0.328464,0.186368,0.188272,0.278976,0.207568,0.10688,0.157536,0.10328,0.022528,0.025776,0.113504,0.032992,0.021504,0.021888,0.022752,0.0856,0.021072,0.021344,0.028192,0.01808,0.007712,0.022192,0.0208,0.018192,0.02056,0.01808,0.015984,0.020864,0.013728,0.020352,0.026672,0.021584,0.021456,0.0,0.0,0.028928,0.028928,0.021968,0.023552,0.02776,0.025664,0.024528,0.021296,0.021584,0.028608,0.023264,0.028608,0.020976,0.090992,0.11784,0.065168,0.04512,0.02928
Simple Stable Voting,0.016176,0.399888,0.321072,0.056032,0.185776,0.095952,0.18648,0.18648,0.18648,0.18648,0.185776,0.18648,0.185776,0.320416,0.185776,0.18648,0.277504,0.20624,0.096976,0.146784,0.101168,0.017744,0.022512,0.112816,0.02632,0.015648,0.014896,0.012896,0.09752,0.016592,0.020064,0.00984,0.02016,0.030928,0.013024,0.015312,0.020128,0.015376,0.02016,0.02144,0.015664,0.022832,0.015488,0.017664,0.014288,0.014448,0.028928,0.028928,0.0,0.0,0.015088,0.022656,0.012896,0.023552,0.02328,0.020256,0.014288,0.028016,0.012384,0.006688,0.015408,0.07864,0.117712,0.050768,0.039328,0.021776
Stable Voting,0.016176,0.399888,0.321072,0.056032,0.185776,0.095952,0.18648,0.18648,0.18648,0.18648,0.185776,0.18648,0.185776,0.320416,0.185776,0.18648,0.277504,0.20624,0.096976,0.146784,0.101168,0.017744,0.022512,0.112816,0.02632,0.015648,0.014896,0.012896,0.09752,0.016592,0.020064,0.00984,0.02016,0.030928,0.013024,0.015312,0.020128,0.015376,0.02016,0.02144,0.015664,0.022832,0.015488,0.017664,0.014288,0.014448,0.028928,0.028928,0.0,0.0,0.015088,0.022656,0.012896,0.023552,0.02328,0.020256,0.014288,0.028016,0.012384,0.006688,0.015408,0.07864,0.117712,0.050768,0.039328,0.021776
Loss-Trimmer Voting,0.029552,0.399888,0.320848,0.062608,0.180944,0.099824,0.182544,0.182544,0.182544,0.182544,0.180944,0.182544,0.180944,0.326048,0.180944,0.182544,0.276928,0.204816,0.099568,0.151904,0.093488,0.006912,0.014944,0.1044,0.019136,0.001328,0.00096,0.003824,0.086,0.001952,0.007856,0.016432,0.006624,0.025328,0.0044,0.001856,0.006624,0.00184,0.006624,0.00792,0.001872,0.010096,0.001872,0.017712,0.001504,0.001696,0.021968,0.021968,0.015088,0.015088,0.0,0.012048,0.019472,0.015872,0.014912,0.008032,0.001504,0.023184,0.004224,0.015248,0.002512,0.083344,0.112928,0.0564,0.034976,0.018224
Daunou,0.030544,0.399168,0.320544,0.066176,0.174016,0.097008,0.175728,0.175728,0.175728,0.175728,0.174016,0.175728,0.174016,0.324496,0.174016,0.175728,0.275472,0.208176,0.103264,0.155488,0.092896,0.010464,0.01528,0.103792,0.027472,0.011824,0.012,0.012816,0.08768,0.01184,0.010016,0.02184,0.013312,0.026672,0.013552,0.012464,0.012736,0.012368,0.013328,0.013232,0.012096,0.01368,0.012432,0.02144,0.012384,0.012288,0.023552,0.023552,0.022656,0.022656,0.012048,0.0,0.02304,0.01528,0.015184,0.009904,0.012384,0.016256,0.013184,0.022704,0.012112,0.087936,0.117088,0.060016,0.03336,0.019248
Blacks,0.021344,0.399744,0.321392,0.043136,0.188704,0.097584,0.18944,0.18944,0.18944,0.18944,0.188704,0.18944,0.188704,0.320784,0.188704,0.18944,0.27872,0.199488,0.09832,0.141296,0.102432,0.021296,0.024384,0.115312,0.028544,0.01984,0.019536,0.01888,0.096576,0.020192,0.021264,0.003792,0.020528,0.03,0.018592,0.019264,0.021152,0.019488,0.020544,0.02104,0.01976,0.022,0.019552,0.020912,0.018944,0.019104,0.02776,0.02776,0.012896,0.012896,0.019472,0.02304,0.0,0.024816,0.024384,0.021328,0.018944,0.030944,0.018736,0.00664,0.017312,0.079536,0.11832,0.048528,0.043216,0.026224
Condorcet IRV,0.026656,0.399408,0.320592,0.067952,0.173232,0.089664,0.174992,0.174992,0.174992,0.174992,0.173232,0.174992,0.173232,0.323712,0.173232,0.174992,0.27512,0.211504,0.104064,0.15792,0.077616,0.012336,0.002128,0.096128,0.030672,0.015584,0.015792,0.016704,0.092432,0.015344,0.011136,0.023744,0.016896,0.028224,0.017072,0.016096,0.015936,0.016048,0.016912,0.016784,0.016032,0.01744,0.016096,0.021008,0.016064,0.016016,0.025664,0.025664,0.023552,0.023552,0.015872,0.01528,0.024816,0.0,0.002224,0.0108,0.016064,0.015472,0.01704,0.02328,0.016064,0.089024,0.11912,0.060976,0.029648,0.013552
Condorcet IRV PUT,0.027584,0.399424,0.320688,0.06752,0.174528,0.090864,0.1764,0.1764,0.1764,0.1764,0.174528,0.1764,0.174528,0.324448,0.174528,0.1764,0.275584,0.210672,0.103488,0.157328,0.07984,0.011936,0.004,0.096176,0.029616,0.014576,0.014864,0.015792,0.090816,0.014272,0.010224,0.02344,0.015536,0.027264,0.01608,0.015024,0.01448,0.014992,0.015536,0.015216,0.014944,0.015728,0.015056,0.020608,0.015104,0.01504,0.024528,0.024528,0.02328,0.02328,0.014912,0.015184,0.024384,0.002224,0.0,0.009984,0.015104,0.016768,0.016176,0.022944,0.014944,0.088304,0.118192,0.06064,0.030272,0.01408
Smith IRV,0.032784,0.399536,0.320384,0.064464,0.179568,0.098432,0.181296,0.181296,0.181296,0.181296,0.179568,0.181296,0.179568,0.326656,0.179568,0.181296,0.276592,0.20536,0.10096,0.153424,0.088416,0.007584,0.010752,0.101584,0.024336,0.007744,0.008,0.008976,0.085264,0.007472,0.0004,0.020192,0.009232,0.024784,0.009504,0.008288,0.007904,0.00824,0.009248,0.008848,0.008192,0.00936,0.00832,0.020544,0.008288,0.00824,0.021296,0.021296,0.020256,0.020256,0.008032,0.009904,0.021328,0.0108,0.009984,0.0,0.008288,0.021808,0.009392,0.020112,0.007968,0.085536,0.11384,0.058416,0.035568,0.0188
Smith-Minimax,0.029856,0.39984,0.320816,0.06208,0.181088,0.100096,0.182848,0.182848,0.182848,0.182848,0.181088,0.182848,0.181088,0.326288,0.181088,0.182848,0.277056,0.204336,0.099472,0.15144,0.09368,0.007248,0.015168,0.10456,0.01888,0.00208,0.001376,0.003088,0.085616,0.003008,0.008192,0.016384,0.006208,0.025008,0.003904,0.001328,0.006128,0.001344,0.006208,0.007456,0.001904,0.009696,0.001472,0.017264,0.0,0.00024,0.021584,0.021584,0.014288,0.014288,0.001504,0.012384,0.018944,0.016064,0.015104,0.008288,0.0,0.023328,0.00376,0.014704,0.001728,0.083104,0.112736,0.055872,0.0352,0.018384
Condorcet Plurality,0.023936,0.39832,0.320944,0.07408,0.15776,0.090224,0.161328,0.161328,0.161328,0.161328,0.15776,0.161328,0.15776,0.320832,0.15776,0.161328,0.273456,0.217856,0.10808,0.163488,0.093088,0.020448,0.0164,0.102288,0.0364,0.022944,0.022992,0.023504,0.099024,0.02304,0.021888,0.02944,0.024064,0.030432,0.023984,0.023408,0.023984,0.023296,0.02408,0.024368,0.023072,0.024912,0.023376,0.023616,0.023328,0.023232,0.028608,0.028608,0.028016,0.028016,0.023184,0.016256,0.030944,0.015472,0.016768,0.021808,0.023328,0.0,0.023648,0.028656,0.023968,0.09344,0.124288,0.064848,0.026192,0.0128
Copeland-Local-Borda,0.02704,0.399904,0.321088,0.061872,0.181408,0.099424,0.182896,0.182896,0.182896,0.182896,0.181408,0.182896,0.181408,0.325248,0.181408,0.182896,0.277232,0.204816,0.099248,0.151328,0.094656,0.00816,0.015968,0.105568,0.018688,0.005072,0.00432,0.00192,0.087616,0.005888,0.009184,0.015392,0.009168,0.026432,0.001744,0.004144,0.00912,0.004336,0.009168,0.010448,0.004048,0.011712,0.004368,0.017984,0.00376,0.003968,0.023264,0.023264,0.012384,0.012384,0.004224,0.013184,0.018736,0.01704,0.016176,0.009392,0.00376,0.023648,0.0,0.012512,0.005072,0.082224,0.112944,0.054944,0.035072,0.017152
Copeland-Global-Borda,0.016768,0.399936,0.321232,0.049776,0.186416,0.095488,0.187264,0.187264,0.187264,0.187264,0.186416,0.187264,0.186416,0.32072,0.186416,0.187264,0.27792,0.203888,0.09712,0.14464,0.100896,0.018048,0.022368,0.113168,0.026512,0.016096,0.015408,0.013488,0.097072,0.016944,0.01992,0.00376,0.019824,0.030592,0.012352,0.015024,0.01992,0.015264,0.019824,0.021072,0.015648,0.022448,0.015344,0.01776,0.014704,0.014928,0.028608,0.028608,0.006688,0.006688,0.015248,0.022704,0.00664,0.02328,0.022944,0.020112,0.014704,0.028656,0.012512,0.0,0.015184,0.078704,0.117488,0.050032,0.039824,0.021904
Borda-Minimax Faceoff,0.030544,0.399808,0.321008,0.060448,0.181728,0.10064,0.183472,0.183472,0.183472,0.183472,0.181728,0.183472,0.181728,0.3264,0.181728,0.183472,0.277152,0.203152,0.099616,0.150576,0.09368,0.00752,0.015264,0.104976,0.01936,0.002848,0.002528,0.004272,0.084992,0.003376,0.007872,0.01512,0.00688,0.02448,0.004992,0.002576,0.005904,0.00264,0.00688,0.007376,0.003008,0.009056,0.002736,0.017664,0.001728,0.001904,0.020976,0.020976,0.015408,0.015408,0.002512,0.012112,0.017312,0.016064,0.014944,0.007968,0.001728,0.023968,0.005072,0.015184,0.0,0.08328,0.112608,0.055536,0.035776,0.019408
Bucklin,0.085456,0.397648,0.319824,0.081824,0.22472,0.145536,0.225424,0.225424,0.225424,0.225424,0.22472,0.225424,0.22472,0.32304,0.22472,0.225424,0.286096,0.196912,0.031536,0.156032,0.149776,0.085456,0.08896,0.165856,0.0848,0.083888,0.08352,0.082624,0.146432,0.084224,0.08552,0.079088,0.083504,0.093024,0.082112,0.083152,0.084912,0.083216,0.083504,0.084336,0.083184,0.085168,0.08328,0.085136,0.083104,0.083168,0.090992,0.090992,0.07864,0.07864,0.083344,0.087936,0.079536,0.089024,0.088304,0.085536,0.083104,0.09344,0.082224,0.078704,0.08328,0.0,0.08088,0.063184,0.104976,0.08968
Simplified Bucklin,0.127296,0.393584,0.320096,0.126336,0.218704,0.166144,0.224368,0.224368,0.224368,0.224368,0.218704,0.224368,0.218704,0.352912,0.218704,0.224368,0.2852,0.19472,0.086736,0.195216,0.161136,0.114608,0.119024,0.173936,0.116672,0.11304,0.112976,0.112896,0.15224,0.113056,0.113872,0.117616,0.1112,0.12064,0.11248,0.11248,0.112352,0.112352,0.1112,0.111088,0.11232,0.110752,0.112352,0.119552,0.112736,0.112624,0.11784,0.11784,0.117712,0.117712,0.112928,0.117088,0.11832,0.11912,0.118192,0.11384,0.112736,0.124288,0.112944,0.117488,0.112608,0.08088,0.0,0.116624,0.132384,0.12176
Weighted Bucklin,0.05776,0.398736,0.321136,0.055504,0.198032,0.118448,0.19872,0.19872,0.19872,0.19872,0.198032,0.19872,0.198032,0.320688,0.198032,0.19872,0.279408,0.19736,0.08608,0.136496,0.1224,0.058208,0.06056,0.138544,0.060416,0.056848,0.0564,0.055296,0.125776,0.05744,0.058336,0.049568,0.057728,0.067232,0.054928,0.05608,0.058464,0.056272,0.057744,0.058432,0.05656,0.059152,0.05632,0.057808,0.055872,0.056032,0.065168,0.065168,0.050768,0.050768,0.0564,0.060016,0.048528,0.060976,0.06064,0.058416,0.055872,0.064848,0.054944,0.050032,0.055536,0.063184,0.116624,0.0,0.07592,0.06096
Bracket Voting,0.034128,0.399216,0.321328,0.085376,0.161184,0.076016,0.161536,0.161536,0.161536,0.161536,0.161184,0.161536,0.161184,0.320544,0.161184,0.161536,0.272064,0.224224,0.116976,0.174464,0.080112,0.033488,0.027776,0.091312,0.04872,0.03504,0.034976,0.035376,0.10808,0.035344,0.035424,0.04128,0.037456,0.046768,0.035488,0.03512,0.037296,0.035216,0.03744,0.03816,0.034784,0.039152,0.03528,0.035472,0.0352,0.0352,0.04512,0.04512,0.039328,0.039328,0.034976,0.03336,0.043216,0.029648,0.030272,0.035568,0.0352,0.026192,0.035072,0.039824,0.035776,0.104976,0.132384,0.07592,0.0,0.022224
