Unnamed: 0,Min Violations Committee,Max Violations Committee,Random Choice,Borda ranking,Plurality ranking,STV,Approval Voting (AV),Proportional Approval Voting (PAV),Approval Chamberlin-Courant (CC),Lexicographic Chamberlin-Courant (lex-CC),Sequential Approval Chamberlin-Courant (seq-CC),Monroe's Approval Rule (Monroe),Greedy Monroe,Minimax Approval Voting (MAV),Method of Equal Shares (aka Rule X) with Phragmén phase,E Pluribus Hugo (EPH),Random Serial Dictator,Anti-Plurality,Two-Approval,Three-Approval,Instant Runoff,Bottom-Two-Runoff Instant Runoff,Benham,PluralityWRunoff PUT,Coombs,Baldwin,Strict Nanson,Weak Nanson,Iterated Removal Condorcet Loser,Raynaud,Tideman Alternative Top Cycle,Knockout Voting,Banks,Condorcet,Copeland,Llull,Uncovered Set,Uncovered Set - Fishburn,Uncovered Set - Bordes,Uncovered Set - McKelvey,Slater,Top Cycle,GOCHA,Bipartisan Set,Minimax,Split Cycle,Ranked Pairs ZT,Ranked Pairs TB,Simple Stable Voting,Stable Voting,Loss-Trimmer Voting,Daunou,Blacks,Condorcet IRV,Condorcet IRV PUT,Smith IRV,Smith-Minimax,Condorcet Plurality,Copeland-Local-Borda,Copeland-Global-Borda,Borda-Minimax Faceoff,Bucklin,Simplified Bucklin,Weighted Bucklin,Bracket Voting,Superior Voting
Min Violations Committee,0.0,0.3333333333333333,0.2771866666666667,0.0527333333333333,0.08932,0.0262933333333333,0.0816266666666666,0.0816266666666666,0.0816266666666666,0.0816266666666666,0.08932,0.0816266666666666,0.08932,0.2658266666666666,0.08932,0.0816266666666666,0.20236,0.2418266666666666,0.10152,0.2418266666666666,0.0631733333333333,0.0539733333333333,0.0555866666666666,0.06468,0.0649333333333333,0.0549866666666666,0.0524533333333333,0.0464266666666666,0.15996,0.0568533333333333,0.0586666666666666,0.0350533333333333,0.0703066666666666,0.0789866666666666,0.05048,0.05612,0.06936,0.05612,0.0703066666666666,0.0746,0.05612,0.0746,0.05612,0.0412933333333333,0.05416,0.05416,0.0746,0.0746,0.0368666666666666,0.0368666666666666,0.05312,0.05552,0.04224,0.0555866666666666,0.05824,0.0586666666666666,0.05416,0.0473066666666666,0.0467066666666666,0.0350533333333333,0.05416,0.1010933333333333,0.23748,0.0751733333333333,0.0374533333333333,0.03932
Max Violations Committee,0.3333333333333333,0.0,0.2781333333333333,0.3333333333333333,0.3333333333333333,0.3333333333333333,0.3333333333333333,0.3333333333333333,0.3333333333333333,0.3333333333333333,0.3333333333333333,0.3333333333333333,0.3333333333333333,0.29252,0.3333333333333333,0.3333333333333333,0.3333333333333333,0.3333333333333333,0.3333333333333333,0.3333333333333333,0.3333333333333333,0.3333333333333333,0.3333333333333333,0.3333333333333333,0.3333333333333333,0.3333333333333333,0.3333333333333333,0.3333333333333333,0.2935733333333333,0.3333333333333333,0.3333333333333333,0.3333333333333333,0.3333333333333333,0.3129866666666667,0.3333333333333333,0.3333333333333333,0.3333333333333333,0.3333333333333333,0.3333333333333333,0.3333333333333333,0.3333333333333333,0.3333333333333333,0.3333333333333333,0.3333333333333333,0.3333333333333333,0.3333333333333333,0.3333333333333333,0.3333333333333333,0.3333333333333333,0.3333333333333333,0.3333333333333333,0.3333333333333333,0.3333333333333333,0.3333333333333333,0.3333333333333333,0.3333333333333333,0.3333333333333333,0.3333333333333333,0.3333333333333333,0.3333333333333333,0.3333333333333333,0.3333333333333333,0.3333333333333333,0.3333333333333333,0.3333333333333333,0.3333333333333333
Random Choice,0.2771866666666667,0.2781333333333333,0.0,0.2767733333333333,0.2772933333333333,0.2770133333333333,0.2772,0.2772,0.2772,0.2772,0.2772933333333333,0.2772,0.2772933333333333,0.27784,0.2772933333333333,0.2772,0.2767733333333333,0.2760666666666667,0.27736,0.2760666666666667,0.2769466666666667,0.2767333333333333,0.2768,0.27704,0.2766666666666666,0.27684,0.2769333333333333,0.2766533333333333,0.2781066666666666,0.2768666666666666,0.2767066666666666,0.2768533333333333,0.2768666666666666,0.2771866666666667,0.27696,0.27692,0.2768933333333333,0.27692,0.2768666666666666,0.2766,0.27692,0.27648,0.27692,0.2767733333333333,0.2766533333333333,0.2766533333333333,0.2764933333333333,0.2764933333333333,0.2766933333333333,0.2766933333333333,0.2768933333333333,0.2764933333333333,0.2769066666666667,0.2768,0.2769866666666666,0.2767066666666666,0.2766533333333333,0.2767866666666667,0.2768533333333333,0.2768533333333333,0.2766533333333333,0.2773066666666666,0.2760666666666667,0.27712,0.27664,0.2770933333333333
Borda ranking,0.0527333333333333,0.3333333333333333,0.2767733333333333,0.0,0.0744266666666666,0.0614133333333333,0.0770133333333333,0.0770133333333333,0.0770133333333333,0.0770133333333333,0.0744266666666666,0.0770133333333333,0.0744266666666666,0.2814933333333333,0.0744266666666666,0.0770133333333333,0.20348,0.2151066666666666,0.0847866666666666,0.2151066666666666,0.0559466666666666,0.0419866666666666,0.0494133333333333,0.0550133333333333,0.05492,0.0459866666666666,0.0425733333333333,0.0307333333333333,0.1407733333333333,0.0492933333333333,0.0486533333333333,0.01768,0.0476,0.0775066666666666,0.0375066666666666,0.0431466666666666,0.05268,0.0431466666666666,0.0476,0.0525733333333333,0.0431466666666666,0.05404,0.0431466666666666,0.05164,0.03992,0.03992,0.06076,0.06076,0.0226266666666666,0.0226266666666666,0.0458,0.0438133333333333,0.0104933333333333,0.0494133333333333,0.0495333333333333,0.0486533333333333,0.03992,0.04432,0.0293333333333333,0.01768,0.03992,0.08436,0.2103466666666666,0.0535733333333333,0.0432933333333333,0.0420266666666666
Plurality ranking,0.08932,0.3333333333333333,0.2772933333333333,0.0744266666666666,0.0,0.0811466666666666,0.03632,0.03632,0.03632,0.03632,0.0,0.03632,0.0,0.28336,0.0,0.03632,0.1987733333333333,0.2108933333333333,0.15368,0.2108933333333333,0.0656266666666666,0.0680266666666666,0.0717333333333333,0.07256,0.10268,0.0815733333333333,0.0802,0.0778666666666666,0.1594,0.0834533333333333,0.07428,0.0762533333333333,0.08336,0.10924,0.0797733333333333,0.0811466666666666,0.08588,0.0811466666666666,0.08336,0.0859333333333333,0.0811466666666666,0.0869333333333333,0.0811466666666666,0.08572,0.0792133333333333,0.0792133333333333,0.0921866666666666,0.0921866666666666,0.07676,0.07676,0.0818,0.05088,0.07584,0.0717333333333333,0.0768,0.07428,0.0792133333333333,0.0420133333333333,0.0773333333333333,0.0762533333333333,0.0792133333333333,0.1532533333333333,0.2061066666666666,0.12476,0.0547333333333333,0.0634533333333333
STV,0.0262933333333333,0.3333333333333333,0.2770133333333333,0.0614133333333333,0.0811466666666666,0.0,0.0729866666666666,0.0729866666666666,0.0729866666666666,0.0729866666666666,0.0811466666666666,0.0729866666666666,0.0811466666666666,0.2688,0.0811466666666666,0.0729866666666666,0.2014,0.24,0.1167466666666666,0.24,0.0484533333333333,0.0588,0.0512666666666666,0.0524933333333333,0.077,0.0612666666666666,0.0593733333333333,0.0565466666666666,0.16136,0.06276,0.0543466666666666,0.04656,0.0722,0.0833333333333333,0.0575733333333333,0.0626133333333333,0.0746266666666666,0.0626133333333333,0.0722,0.07652,0.0626133333333333,0.077,0.0626133333333333,0.05112,0.0604266666666666,0.0604266666666666,0.0774266666666666,0.0774266666666666,0.04456,0.04456,0.0588533333333333,0.0568666666666666,0.0518266666666666,0.0512666666666666,0.0549066666666666,0.0543466666666666,0.0604266666666666,0.04888,0.0573866666666666,0.04656,0.0604266666666666,0.11632,0.2356,0.0909066666666666,0.0388533333333333,0.0354266666666666
Approval Voting (AV),0.0816266666666666,0.3333333333333333,0.2772,0.0770133333333333,0.03632,0.0729866666666666,0.0,0.0,0.0,0.0,0.03632,0.0,0.03632,0.2711866666666667,0.03632,0.0,0.1997066666666666,0.23508,0.1556666666666666,0.23508,0.0728533333333333,0.07224,0.0785866666666666,0.0797866666666666,0.10688,0.0873466666666666,0.0854933333333333,0.0807733333333333,0.1716,0.08964,0.0813866666666666,0.0765333333333333,0.0933466666666666,0.1136533333333333,0.0846533333333333,0.0876,0.09452,0.0876,0.0933466666666666,0.0961333333333333,0.0876,0.0972666666666666,0.0876,0.0888666666666666,0.085,0.085,0.1016533333333333,0.1016533333333333,0.0781733333333333,0.0781733333333333,0.0873466666666666,0.06464,0.0769733333333333,0.0785866666666666,0.0836533333333333,0.0813866666666666,0.085,0.0563066666666666,0.0804133333333333,0.0765333333333333,0.085,0.15524,0.2305333333333333,0.1268,0.05436,0.0670666666666666
Proportional Approval Voting (PAV),0.0816266666666666,0.3333333333333333,0.2772,0.0770133333333333,0.03632,0.0729866666666666,0.0,0.0,0.0,0.0,0.03632,0.0,0.03632,0.2711866666666667,0.03632,0.0,0.1997066666666666,0.23508,0.1556666666666666,0.23508,0.0728533333333333,0.07224,0.0785866666666666,0.0797866666666666,0.10688,0.0873466666666666,0.0854933333333333,0.0807733333333333,0.1716,0.08964,0.0813866666666666,0.0765333333333333,0.0933466666666666,0.1136533333333333,0.0846533333333333,0.0876,0.09452,0.0876,0.0933466666666666,0.0961333333333333,0.0876,0.0972666666666666,0.0876,0.0888666666666666,0.085,0.085,0.1016533333333333,0.1016533333333333,0.0781733333333333,0.0781733333333333,0.0873466666666666,0.06464,0.0769733333333333,0.0785866666666666,0.0836533333333333,0.0813866666666666,0.085,0.0563066666666666,0.0804133333333333,0.0765333333333333,0.085,0.15524,0.2305333333333333,0.1268,0.05436,0.0670666666666666
Approval Chamberlin-Courant (CC),0.0816266666666666,0.3333333333333333,0.2772,0.0770133333333333,0.03632,0.0729866666666666,0.0,0.0,0.0,0.0,0.03632,0.0,0.03632,0.2711866666666667,0.03632,0.0,0.1997066666666666,0.23508,0.1556666666666666,0.23508,0.0728533333333333,0.07224,0.0785866666666666,0.0797866666666666,0.10688,0.0873466666666666,0.0854933333333333,0.0807733333333333,0.1716,0.08964,0.0813866666666666,0.0765333333333333,0.0933466666666666,0.1136533333333333,0.0846533333333333,0.0876,0.09452,0.0876,0.0933466666666666,0.0961333333333333,0.0876,0.0972666666666666,0.0876,0.0888666666666666,0.085,0.085,0.1016533333333333,0.1016533333333333,0.0781733333333333,0.0781733333333333,0.0873466666666666,0.06464,0.0769733333333333,0.0785866666666666,0.0836533333333333,0.0813866666666666,0.085,0.0563066666666666,0.0804133333333333,0.0765333333333333,0.085,0.15524,0.2305333333333333,0.1268,0.05436,0.0670666666666666
Lexicographic Chamberlin-Courant (lex-CC),0.0816266666666666,0.3333333333333333,0.2772,0.0770133333333333,0.03632,0.0729866666666666,0.0,0.0,0.0,0.0,0.03632,0.0,0.03632,0.2711866666666667,0.03632,0.0,0.1997066666666666,0.23508,0.1556666666666666,0.23508,0.0728533333333333,0.07224,0.0785866666666666,0.0797866666666666,0.10688,0.0873466666666666,0.0854933333333333,0.0807733333333333,0.1716,0.08964,0.0813866666666666,0.0765333333333333,0.0933466666666666,0.1136533333333333,0.0846533333333333,0.0876,0.09452,0.0876,0.0933466666666666,0.0961333333333333,0.0876,0.0972666666666666,0.0876,0.0888666666666666,0.085,0.085,0.1016533333333333,0.1016533333333333,0.0781733333333333,0.0781733333333333,0.0873466666666666,0.06464,0.0769733333333333,0.0785866666666666,0.0836533333333333,0.0813866666666666,0.085,0.0563066666666666,0.0804133333333333,0.0765333333333333,0.085,0.15524,0.2305333333333333,0.1268,0.05436,0.0670666666666666
Sequential Approval Chamberlin-Courant (seq-CC),0.08932,0.3333333333333333,0.2772933333333333,0.0744266666666666,0.0,0.0811466666666666,0.03632,0.03632,0.03632,0.03632,0.0,0.03632,0.0,0.28336,0.0,0.03632,0.1987733333333333,0.2108933333333333,0.15368,0.2108933333333333,0.0656266666666666,0.0680266666666666,0.0717333333333333,0.07256,0.10268,0.0815733333333333,0.0802,0.0778666666666666,0.1594,0.0834533333333333,0.07428,0.0762533333333333,0.08336,0.10924,0.0797733333333333,0.0811466666666666,0.08588,0.0811466666666666,0.08336,0.0859333333333333,0.0811466666666666,0.0869333333333333,0.0811466666666666,0.08572,0.0792133333333333,0.0792133333333333,0.0921866666666666,0.0921866666666666,0.07676,0.07676,0.0818,0.05088,0.07584,0.0717333333333333,0.0768,0.07428,0.0792133333333333,0.0420133333333333,0.0773333333333333,0.0762533333333333,0.0792133333333333,0.1532533333333333,0.2061066666666666,0.12476,0.0547333333333333,0.0634533333333333
Monroe's Approval Rule (Monroe),0.0816266666666666,0.3333333333333333,0.2772,0.0770133333333333,0.03632,0.0729866666666666,0.0,0.0,0.0,0.0,0.03632,0.0,0.03632,0.2711866666666667,0.03632,0.0,0.1997066666666666,0.23508,0.1556666666666666,0.23508,0.0728533333333333,0.07224,0.0785866666666666,0.0797866666666666,0.10688,0.0873466666666666,0.0854933333333333,0.0807733333333333,0.1716,0.08964,0.0813866666666666,0.0765333333333333,0.0933466666666666,0.1136533333333333,0.0846533333333333,0.0876,0.09452,0.0876,0.0933466666666666,0.0961333333333333,0.0876,0.0972666666666666,0.0876,0.0888666666666666,0.085,0.085,0.1016533333333333,0.1016533333333333,0.0781733333333333,0.0781733333333333,0.0873466666666666,0.06464,0.0769733333333333,0.0785866666666666,0.0836533333333333,0.0813866666666666,0.085,0.0563066666666666,0.0804133333333333,0.0765333333333333,0.085,0.15524,0.2305333333333333,0.1268,0.05436,0.0670666666666666
Greedy Monroe,0.08932,0.3333333333333333,0.2772933333333333,0.0744266666666666,0.0,0.0811466666666666,0.03632,0.03632,0.03632,0.03632,0.0,0.03632,0.0,0.28336,0.0,0.03632,0.1987733333333333,0.2108933333333333,0.15368,0.2108933333333333,0.0656266666666666,0.0680266666666666,0.0717333333333333,0.07256,0.10268,0.0815733333333333,0.0802,0.0778666666666666,0.1594,0.0834533333333333,0.07428,0.0762533333333333,0.08336,0.10924,0.0797733333333333,0.0811466666666666,0.08588,0.0811466666666666,0.08336,0.0859333333333333,0.0811466666666666,0.0869333333333333,0.0811466666666666,0.08572,0.0792133333333333,0.0792133333333333,0.0921866666666666,0.0921866666666666,0.07676,0.07676,0.0818,0.05088,0.07584,0.0717333333333333,0.0768,0.07428,0.0792133333333333,0.0420133333333333,0.0773333333333333,0.0762533333333333,0.0792133333333333,0.1532533333333333,0.2061066666666666,0.12476,0.0547333333333333,0.0634533333333333
Minimax Approval Voting (MAV),0.2658266666666666,0.29252,0.27784,0.2814933333333333,0.28336,0.2688,0.2711866666666667,0.2711866666666667,0.2711866666666667,0.2711866666666667,0.28336,0.2711866666666667,0.28336,0.0,0.28336,0.2711866666666667,0.2782,0.3333333333333333,0.28224,0.3333333333333333,0.2845733333333333,0.2841866666666666,0.2844933333333333,0.2865733333333333,0.2839866666666666,0.2860533333333333,0.2849866666666666,0.2830533333333333,0.3091066666666666,0.2864933333333333,0.2852933333333333,0.27908,0.29116,0.29116,0.2851066666666667,0.28696,0.29116,0.28696,0.29116,0.29116,0.28696,0.29116,0.28696,0.2813733333333333,0.286,0.286,0.29116,0.29116,0.2799733333333333,0.2799733333333333,0.2853066666666666,0.2829866666666666,0.2796933333333333,0.2844933333333333,0.2859866666666666,0.2852933333333333,0.286,0.2799066666666667,0.2832533333333333,0.27908,0.286,0.28224,0.3326266666666667,0.2786533333333333,0.2774,0.27892
Method of Equal Shares (aka Rule X) with Phragmén phase,0.08932,0.3333333333333333,0.2772933333333333,0.0744266666666666,0.0,0.0811466666666666,0.03632,0.03632,0.03632,0.03632,0.0,0.03632,0.0,0.28336,0.0,0.03632,0.1987733333333333,0.2108933333333333,0.15368,0.2108933333333333,0.0656266666666666,0.0680266666666666,0.0717333333333333,0.07256,0.10268,0.0815733333333333,0.0802,0.0778666666666666,0.1594,0.0834533333333333,0.07428,0.0762533333333333,0.08336,0.10924,0.0797733333333333,0.0811466666666666,0.08588,0.0811466666666666,0.08336,0.0859333333333333,0.0811466666666666,0.0869333333333333,0.0811466666666666,0.08572,0.0792133333333333,0.0792133333333333,0.0921866666666666,0.0921866666666666,0.07676,0.07676,0.0818,0.05088,0.07584,0.0717333333333333,0.0768,0.07428,0.0792133333333333,0.0420133333333333,0.0773333333333333,0.0762533333333333,0.0792133333333333,0.1532533333333333,0.2061066666666666,0.12476,0.0547333333333333,0.0634533333333333
E Pluribus Hugo (EPH),0.0816266666666666,0.3333333333333333,0.2772,0.0770133333333333,0.03632,0.0729866666666666,0.0,0.0,0.0,0.0,0.03632,0.0,0.03632,0.2711866666666667,0.03632,0.0,0.1997066666666666,0.23508,0.1556666666666666,0.23508,0.0728533333333333,0.07224,0.0785866666666666,0.0797866666666666,0.10688,0.0873466666666666,0.0854933333333333,0.0807733333333333,0.1716,0.08964,0.0813866666666666,0.0765333333333333,0.0933466666666666,0.1136533333333333,0.0846533333333333,0.0876,0.09452,0.0876,0.0933466666666666,0.0961333333333333,0.0876,0.0972666666666666,0.0876,0.0888666666666666,0.085,0.085,0.1016533333333333,0.1016533333333333,0.0781733333333333,0.0781733333333333,0.0873466666666666,0.06464,0.0769733333333333,0.0785866666666666,0.0836533333333333,0.0813866666666666,0.085,0.0563066666666666,0.0804133333333333,0.0765333333333333,0.085,0.15524,0.2305333333333333,0.1268,0.05436,0.0670666666666666
Random Serial Dictator,0.20236,0.3333333333333333,0.2767733333333333,0.20348,0.1987733333333333,0.2014,0.1997066666666666,0.1997066666666666,0.1997066666666666,0.1997066666666666,0.1987733333333333,0.1997066666666666,0.1987733333333333,0.2782,0.1987733333333333,0.1997066666666666,0.0,0.2221866666666666,0.20992,0.2221866666666666,0.1998666666666666,0.2006266666666666,0.20048,0.2005066666666666,0.2035866666666666,0.20124,0.2012266666666666,0.2018133333333333,0.22976,0.2011333333333333,0.2007066666666666,0.20208,0.2028133333333333,0.21788,0.20256,0.2021333333333333,0.2019733333333333,0.2021333333333333,0.2028133333333333,0.2028133333333333,0.2021333333333333,0.2029466666666666,0.2021333333333333,0.2024266666666666,0.2010266666666666,0.2010266666666666,0.20396,0.20396,0.20156,0.20156,0.20136,0.2006666666666666,0.20276,0.20048,0.2008666666666666,0.2007066666666666,0.2010266666666666,0.2012,0.2019733333333333,0.20208,0.2010266666666666,0.2097333333333333,0.2203866666666666,0.2057066666666666,0.2005066666666666,0.2016
Anti-Plurality,0.2418266666666666,0.3333333333333333,0.2760666666666667,0.2151066666666666,0.2108933333333333,0.24,0.23508,0.23508,0.23508,0.23508,0.2108933333333333,0.23508,0.2108933333333333,0.3333333333333333,0.2108933333333333,0.23508,0.2221866666666666,0.0,0.2130533333333333,0.0,0.2093733333333333,0.2100533333333333,0.20936,0.2046266666666666,0.2095733333333333,0.2060266666666666,0.2078133333333333,0.21212,0.15804,0.2050133333333333,0.2074666666666666,0.21936,0.18952,0.2101333333333333,0.2035066666666666,0.1998,0.1916,0.1998,0.18952,0.18132,0.1998,0.17792,0.1998,0.20916,0.20592,0.20592,0.1672266666666666,0.1672266666666666,0.2173066666666666,0.2173066666666666,0.2073866666666666,0.2124133333333333,0.2174933333333333,0.20936,0.2058933333333333,0.2074666666666666,0.20592,0.2174,0.21168,0.21936,0.20592,0.2130933333333333,0.00652,0.2204133333333333,0.2223733333333333,0.2195733333333333
Two-Approval,0.10152,0.3333333333333333,0.27736,0.0847866666666666,0.15368,0.1167466666666666,0.1556666666666666,0.1556666666666666,0.1556666666666666,0.1556666666666666,0.15368,0.1556666666666666,0.15368,0.28224,0.15368,0.1556666666666666,0.20992,0.2130533333333333,0.0,0.2130533333333333,0.1165066666666666,0.1039733333333333,0.1089333333333333,0.11264,0.0768,0.0969733333333333,0.0948133333333333,0.09256,0.1672,0.0985866666666666,0.10628,0.0899466666666666,0.0965466666666666,0.1220933333333333,0.0938533333333333,0.0947333333333333,0.0991733333333333,0.0947333333333333,0.0965466666666666,0.09916,0.0947333333333333,0.1001466666666666,0.0947333333333333,0.0992133333333333,0.0938533333333333,0.0938533333333333,0.1059866666666666,0.1059866666666666,0.09076,0.09076,0.09644,0.1112,0.08776,0.1089333333333333,0.1062266666666666,0.10628,0.0938533333333333,0.11732,0.09216,0.0899466666666666,0.0938533333333333,0.0004266666666666,0.20888,0.0321333333333333,0.11464,0.1102133333333333
Three-Approval,0.2418266666666666,0.3333333333333333,0.2760666666666667,0.2151066666666666,0.2108933333333333,0.24,0.23508,0.23508,0.23508,0.23508,0.2108933333333333,0.23508,0.2108933333333333,0.3333333333333333,0.2108933333333333,0.23508,0.2221866666666666,0.0,0.2130533333333333,0.0,0.2093733333333333,0.2100533333333333,0.20936,0.2046266666666666,0.2095733333333333,0.2060266666666666,0.2078133333333333,0.21212,0.15804,0.2050133333333333,0.2074666666666666,0.21936,0.18952,0.2101333333333333,0.2035066666666666,0.1998,0.1916,0.1998,0.18952,0.18132,0.1998,0.17792,0.1998,0.20916,0.20592,0.20592,0.1672266666666666,0.1672266666666666,0.2173066666666666,0.2173066666666666,0.2073866666666666,0.2124133333333333,0.2174933333333333,0.20936,0.2058933333333333,0.2074666666666666,0.20592,0.2174,0.21168,0.21936,0.20592,0.2130933333333333,0.00652,0.2204133333333333,0.2223733333333333,0.2195733333333333
Instant Runoff,0.0631733333333333,0.3333333333333333,0.2769466666666667,0.0559466666666666,0.0656266666666666,0.0484533333333333,0.0728533333333333,0.0728533333333333,0.0728533333333333,0.0728533333333333,0.0656266666666666,0.0728533333333333,0.0656266666666666,0.2845733333333333,0.0656266666666666,0.0728533333333333,0.1998666666666666,0.2093733333333333,0.1165066666666666,0.2093733333333333,0.0,0.02248,0.0075866666666666,0.0069333333333333,0.05368,0.0268533333333333,0.0280933333333333,0.0322933333333333,0.1304666666666666,0.0268533333333333,0.0106933333333333,0.0423066666666666,0.03844,0.0709733333333333,0.0331466666666666,0.0307733333333333,0.0336133333333333,0.0307733333333333,0.03844,0.0380133333333333,0.0307733333333333,0.04024,0.0307733333333333,0.0480533333333333,0.0287066666666666,0.0287066666666666,0.04972,0.04972,0.0403866666666666,0.0403866666666666,0.02784,0.0320666666666666,0.0465066666666666,0.0075866666666666,0.0126533333333333,0.0106933333333333,0.0287066666666666,0.0373066666666666,0.033,0.0423066666666666,0.0287066666666666,0.11608,0.2043333333333333,0.0914,0.0348533333333333,0.02976
Bottom-Two-Runoff Instant Runoff,0.0539733333333333,0.3333333333333333,0.2767333333333333,0.0419866666666666,0.0680266666666666,0.0588,0.07224,0.07224,0.07224,0.07224,0.0680266666666666,0.07224,0.0680266666666666,0.2841866666666666,0.0680266666666666,0.07224,0.2006266666666666,0.2100533333333333,0.1039733333333333,0.2100533333333333,0.02248,0.0,0.0148933333333333,0.0234133333333333,0.0400933333333333,0.0175733333333333,0.01548,0.0159333333333333,0.1262666666666666,0.02004,0.01312,0.0267066666666666,0.02736,0.0635866666666666,0.0193466666666666,0.0168933333333333,0.0258266666666666,0.0168933333333333,0.02736,0.0300266666666666,0.0168933333333333,0.03252,0.0168933333333333,0.0399333333333333,0.0146,0.0146,0.0428266666666666,0.0428266666666666,0.0283333333333333,0.0283333333333333,0.01732,0.01768,0.0314933333333333,0.0148933333333333,0.0169733333333333,0.01312,0.0146,0.0260133333333333,0.0154266666666666,0.0267066666666666,0.0146,0.1035466666666666,0.2050533333333333,0.07768,0.0221466666666666,0.03012
Benham,0.0555866666666666,0.3333333333333333,0.2768,0.0494133333333333,0.0717333333333333,0.0512666666666666,0.0785866666666666,0.0785866666666666,0.0785866666666666,0.0785866666666666,0.0717333333333333,0.0785866666666666,0.0717333333333333,0.2844933333333333,0.0717333333333333,0.0785866666666666,0.20048,0.20936,0.1089333333333333,0.20936,0.0075866666666666,0.0148933333333333,0.0,0.0115066666666666,0.0460933333333333,0.0192666666666666,0.0205066666666666,0.0247066666666666,0.12624,0.0192666666666666,0.0031066666666666,0.03472,0.0308533333333333,0.0633866666666666,0.02556,0.0231866666666666,0.0260266666666666,0.0231866666666666,0.0308533333333333,0.0304266666666666,0.0231866666666666,0.0326533333333333,0.0231866666666666,0.0404666666666666,0.02112,0.02112,0.0421333333333333,0.0421333333333333,0.0328,0.0328,0.0202533333333333,0.02448,0.03892,0.0,0.0050666666666666,0.0031066666666666,0.02112,0.02972,0.0254133333333333,0.03472,0.02112,0.1085066666666666,0.20436,0.0838266666666666,0.0272666666666666,0.0221733333333333
PluralityWRunoff PUT,0.06468,0.3333333333333333,0.27704,0.0550133333333333,0.07256,0.0524933333333333,0.0797866666666666,0.0797866666666666,0.0797866666666666,0.0797866666666666,0.07256,0.0797866666666666,0.07256,0.2865733333333333,0.07256,0.0797866666666666,0.2005066666666666,0.2046266666666666,0.11264,0.2046266666666666,0.0069333333333333,0.0234133333333333,0.0115066666666666,0.0,0.0498,0.0231466666666666,0.0251866666666666,0.0302533333333333,0.1258666666666666,0.0228933333333333,0.01192,0.0411733333333333,0.0338266666666666,0.0680933333333333,0.0300533333333333,0.0271333333333333,0.0281466666666666,0.0271333333333333,0.0338266666666666,0.0329733333333333,0.0271333333333333,0.03524,0.0271333333333333,0.04528,0.0257333333333333,0.0257333333333333,0.0451066666666666,0.0451066666666666,0.0389733333333333,0.0389733333333333,0.0247066666666666,0.0343333333333333,0.04548,0.0115066666666666,0.00644,0.01192,0.0257333333333333,0.0412266666666666,0.0308533333333333,0.0411733333333333,0.0257333333333333,0.1122133333333333,0.1995866666666666,0.0887733333333333,0.0380666666666666,0.0289333333333333
Coombs,0.0649333333333333,0.3333333333333333,0.2766666666666666,0.05492,0.10268,0.077,0.10688,0.10688,0.10688,0.10688,0.10268,0.10688,0.10268,0.2839866666666666,0.10268,0.10688,0.2035866666666666,0.2095733333333333,0.0768,0.2095733333333333,0.05368,0.0400933333333333,0.0460933333333333,0.0498,0.0,0.0291333333333333,0.0294266666666666,0.03272,0.1309466666666666,0.02992,0.0429866666666666,0.0432266666666666,0.0382133333333333,0.0719733333333333,0.0341066666666666,0.0314666666666666,0.0354,0.0314666666666666,0.0382133333333333,0.039,0.0314666666666666,0.0406533333333333,0.0314666666666666,0.0490933333333333,0.0298666666666666,0.0298666666666666,0.05044,0.05044,0.0421733333333333,0.0421733333333333,0.02996,0.0522,0.0458266666666666,0.0460933333333333,0.04336,0.0429866666666666,0.0298666666666666,0.0608933333333333,0.03356,0.0432266666666666,0.0298666666666666,0.0763733333333333,0.2045733333333333,0.0637066666666666,0.0582666666666666,0.0550533333333333
Baldwin,0.0549866666666666,0.3333333333333333,0.27684,0.0459866666666666,0.0815733333333333,0.0612666666666666,0.0873466666666666,0.0873466666666666,0.0873466666666666,0.0873466666666666,0.0815733333333333,0.0873466666666666,0.0815733333333333,0.2860533333333333,0.0815733333333333,0.0873466666666666,0.20124,0.2060266666666666,0.0969733333333333,0.2060266666666666,0.0268533333333333,0.0175733333333333,0.0192666666666666,0.0231466666666666,0.0291333333333333,0.0,0.0034133333333333,0.0152533333333333,0.12244,0.0033066666666666,0.01616,0.0283066666666666,0.0229066666666666,0.06172,0.0159333333333333,0.0102933333333333,0.01868,0.0102933333333333,0.0229066666666666,0.0247066666666666,0.0102933333333333,0.0281066666666666,0.0102933333333333,0.0355733333333333,0.0060666666666666,0.0060666666666666,0.0388,0.0388,0.02336,0.02336,0.0046666666666666,0.0306933333333333,0.0354933333333333,0.0192666666666666,0.0167066666666666,0.01616,0.0060666666666666,0.03956,0.0166533333333333,0.0283066666666666,0.0060666666666666,0.0965466666666666,0.2010266666666666,0.0743733333333333,0.0357066666666666,0.0324266666666666
Strict Nanson,0.0524533333333333,0.3333333333333333,0.2769333333333333,0.0425733333333333,0.0802,0.0593733333333333,0.0854933333333333,0.0854933333333333,0.0854933333333333,0.0854933333333333,0.0802,0.0854933333333333,0.0802,0.2849866666666666,0.0802,0.0854933333333333,0.2012266666666666,0.2078133333333333,0.0948133333333333,0.2078133333333333,0.0280933333333333,0.01548,0.0205066666666666,0.0251866666666666,0.0294266666666666,0.0034133333333333,0.0,0.01184,0.12412,0.00672,0.0174,0.0248933333333333,0.0222,0.0627733333333333,0.0136533333333333,0.0080133333333333,0.0212533333333333,0.0080133333333333,0.0222,0.0264933333333333,0.0080133333333333,0.0298933333333333,0.0080133333333333,0.0355866666666666,0.0026533333333333,0.0026533333333333,0.0405866666666666,0.0405866666666666,0.0199466666666666,0.0199466666666666,0.0032266666666666,0.02932,0.03208,0.0205066666666666,0.0187466666666666,0.0174,0.0026533333333333,0.0381866666666666,0.01324,0.0248933333333333,0.0026533333333333,0.0943866666666666,0.2028133333333333,0.07116,0.034,0.0310533333333333
Weak Nanson,0.0464266666666666,0.3333333333333333,0.2766533333333333,0.0307333333333333,0.0778666666666666,0.0565466666666666,0.0807733333333333,0.0807733333333333,0.0807733333333333,0.0807733333333333,0.0778666666666666,0.0807733333333333,0.0778666666666666,0.2830533333333333,0.0778666666666666,0.0807733333333333,0.2018133333333333,0.21212,0.09256,0.21212,0.0322933333333333,0.0159333333333333,0.0247066666666666,0.0302533333333333,0.03272,0.0152533333333333,0.01184,0.0,0.1275333333333333,0.01856,0.0216,0.0130533333333333,0.02844,0.0644266666666666,0.0086133333333333,0.0142533333333333,0.0274933333333333,0.0142533333333333,0.02844,0.0327333333333333,0.0142533333333333,0.0342,0.0142533333333333,0.03652,0.0091866666666666,0.0091866666666666,0.0448933333333333,0.0448933333333333,0.0152,0.0152,0.0150666666666666,0.0269866666666666,0.02024,0.0247066666666666,0.0238133333333333,0.0216,0.0091866666666666,0.0358533333333333,0.0014,0.0130533333333333,0.0091866666666666,0.0921333333333333,0.20712,0.06588,0.03028,0.02756
Iterated Removal Condorcet Loser,0.15996,0.2935733333333333,0.2781066666666666,0.1407733333333333,0.1594,0.16136,0.1716,0.1716,0.1716,0.1716,0.1594,0.1716,0.1594,0.3091066666666666,0.1594,0.1716,0.22976,0.15804,0.1672,0.15804,0.1304666666666666,0.1262666666666666,0.12624,0.1258666666666666,0.1309466666666666,0.12244,0.12412,0.1275333333333333,0.0,0.1216266666666666,0.1238,0.1364,0.1091066666666666,0.1177866666666666,0.1206666666666666,0.11752,0.1103466666666666,0.11752,0.1091066666666666,0.1019333333333333,0.11752,0.0990266666666666,0.11752,0.1290533333333333,0.1223733333333333,0.1223733333333333,0.1043066666666666,0.1043066666666666,0.1346933333333333,0.1346933333333333,0.1238933333333333,0.12692,0.1347066666666666,0.12624,0.1229066666666666,0.1238,0.1223733333333333,0.1357866666666666,0.1272266666666666,0.1364,0.1223733333333333,0.1669066666666666,0.1563066666666666,0.15784,0.1398266666666666,0.13704
Raynaud,0.0568533333333333,0.3333333333333333,0.2768666666666666,0.0492933333333333,0.0834533333333333,0.06276,0.08964,0.08964,0.08964,0.08964,0.0834533333333333,0.08964,0.0834533333333333,0.2864933333333333,0.0834533333333333,0.08964,0.2011333333333333,0.2050133333333333,0.0985866666666666,0.2050133333333333,0.0268533333333333,0.02004,0.0192666666666666,0.0228933333333333,0.02992,0.0033066666666666,0.00672,0.01856,0.1216266666666666,0.0,0.01616,0.0316133333333333,0.02396,0.0610533333333333,0.01808,0.01244,0.01696,0.01244,0.02396,0.0236933333333333,0.01244,0.0270933333333333,0.01244,0.03596,0.0093733333333333,0.0093733333333333,0.0377866666666666,0.0377866666666666,0.0266666666666666,0.0266666666666666,0.0052266666666666,0.0325733333333333,0.0388,0.0192666666666666,0.0164533333333333,0.01616,0.0093733333333333,0.04144,0.01996,0.0316133333333333,0.0093733333333333,0.09816,0.2000133333333333,0.0767733333333333,0.0378666666666666,0.0339466666666666
Tideman Alternative Top Cycle,0.0586666666666666,0.3333333333333333,0.2767066666666666,0.0486533333333333,0.07428,0.0543466666666666,0.0813866666666666,0.0813866666666666,0.0813866666666666,0.0813866666666666,0.07428,0.0813866666666666,0.07428,0.2852933333333333,0.07428,0.0813866666666666,0.2007066666666666,0.2074666666666666,0.10628,0.2074666666666666,0.0106933333333333,0.01312,0.0031066666666666,0.01192,0.0429866666666666,0.01616,0.0174,0.0216,0.1238,0.01616,0.0,0.03396,0.0277466666666666,0.0622133333333333,0.0224533333333333,0.02008,0.02292,0.02008,0.0277466666666666,0.02732,0.02008,0.0295466666666666,0.02008,0.04112,0.0180133333333333,0.0180133333333333,0.04024,0.04024,0.03204,0.03204,0.0171466666666666,0.0234,0.03816,0.0031066666666666,0.00548,0.0,0.0180133333333333,0.0322666666666666,0.0223066666666666,0.03396,0.0180133333333333,0.1058533333333333,0.2024666666666666,0.08128,0.0303466666666666,0.0252266666666666
Knockout Voting,0.0350533333333333,0.3333333333333333,0.2768533333333333,0.01768,0.0762533333333333,0.04656,0.0765333333333333,0.0765333333333333,0.0765333333333333,0.0765333333333333,0.0762533333333333,0.0765333333333333,0.0762533333333333,0.27908,0.0762533333333333,0.0765333333333333,0.20208,0.21936,0.0899466666666666,0.21936,0.0423066666666666,0.0267066666666666,0.03472,0.0411733333333333,0.0432266666666666,0.0283066666666666,0.0248933333333333,0.0130533333333333,0.1364,0.0316133333333333,0.03396,0.0,0.0396533333333333,0.0680266666666666,0.0198266666666666,0.0254666666666666,0.0387066666666666,0.0254666666666666,0.0396533333333333,0.0439466666666666,0.0254666666666666,0.0454133333333333,0.0254666666666666,0.03584,0.02224,0.02224,0.0521333333333333,0.0521333333333333,0.0049466666666666,0.0049466666666666,0.02812,0.0337333333333333,0.0071866666666666,0.03472,0.0347333333333333,0.03396,0.02224,0.03424,0.0116533333333333,0.0,0.02224,0.08952,0.2146666666666666,0.0600533333333333,0.0276,0.0270933333333333
Banks,0.0703066666666666,0.3333333333333333,0.2768666666666666,0.0476,0.08336,0.0722,0.0933466666666666,0.0933466666666666,0.0933466666666666,0.0933466666666666,0.08336,0.0933466666666666,0.08336,0.29116,0.08336,0.0933466666666666,0.2028133333333333,0.18952,0.0965466666666666,0.18952,0.03844,0.02736,0.0308533333333333,0.0338266666666666,0.0382133333333333,0.0229066666666666,0.0222,0.02844,0.1091066666666666,0.02396,0.0277466666666666,0.0396533333333333,0.0,0.0543066666666666,0.0198266666666666,0.0141866666666666,0.01848,0.0141866666666666,0.0,0.0082,0.0141866666666666,0.0116,0.0141866666666666,0.0376266666666666,0.0203066666666666,0.0203066666666666,0.0222933333333333,0.0222933333333333,0.0376,0.0376,0.0217733333333333,0.03248,0.0371066666666666,0.0308533333333333,0.0273866666666666,0.0277466666666666,0.0203066666666666,0.0413466666666666,0.028,0.0396533333333333,0.0203066666666666,0.09612,0.18452,0.07576,0.0458533333333333,0.0401733333333333
Condorcet,0.0789866666666666,0.3129866666666667,0.2771866666666667,0.0775066666666666,0.10924,0.0833333333333333,0.1136533333333333,0.1136533333333333,0.1136533333333333,0.1136533333333333,0.10924,0.1136533333333333,0.10924,0.29116,0.10924,0.1136533333333333,0.21788,0.2101333333333333,0.1220933333333333,0.2101333333333333,0.0709733333333333,0.0635866666666666,0.0633866666666666,0.0680933333333333,0.0719733333333333,0.06172,0.0627733333333333,0.0644266666666666,0.1177866666666666,0.0610533333333333,0.0622133333333333,0.0680266666666666,0.0543066666666666,0.0,0.06072,0.0589866666666666,0.0545333333333333,0.0589866666666666,0.0543066666666666,0.0498533333333333,0.0589866666666666,0.048,0.0589866666666666,0.06356,0.0616,0.0616,0.0429066666666666,0.0429066666666666,0.0671733333333333,0.0671733333333333,0.0625333333333333,0.0643866666666666,0.0670133333333333,0.0633866666666666,0.0616533333333333,0.0622133333333333,0.0616,0.0672266666666666,0.0641866666666666,0.0680266666666666,0.0616,0.1216666666666666,0.2060933333333333,0.1012533333333333,0.06948,0.06884
Copeland,0.05048,0.3333333333333333,0.27696,0.0375066666666666,0.0797733333333333,0.0575733333333333,0.0846533333333333,0.0846533333333333,0.0846533333333333,0.0846533333333333,0.0797733333333333,0.0846533333333333,0.0797733333333333,0.2851066666666667,0.0797733333333333,0.0846533333333333,0.20256,0.2035066666666666,0.0938533333333333,0.2035066666666666,0.0331466666666666,0.0193466666666666,0.02556,0.0300533333333333,0.0341066666666666,0.0159333333333333,0.0136533333333333,0.0086133333333333,0.1206666666666666,0.01808,0.0224533333333333,0.0198266666666666,0.0198266666666666,0.06072,0.0,0.00564,0.01888,0.00564,0.0198266666666666,0.02412,0.00564,0.0255866666666666,0.00564,0.0279066666666666,0.01176,0.01176,0.03628,0.03628,0.0177733333333333,0.0177733333333333,0.0132266666666666,0.0288933333333333,0.0270133333333333,0.02556,0.0236133333333333,0.0224533333333333,0.01176,0.03776,0.0081733333333333,0.0198266666666666,0.01176,0.0934266666666666,0.1985066666666666,0.0687466666666666,0.033,0.02736
Llull,0.05612,0.3333333333333333,0.27692,0.0431466666666666,0.0811466666666666,0.0626133333333333,0.0876,0.0876,0.0876,0.0876,0.0811466666666666,0.0876,0.0811466666666666,0.28696,0.0811466666666666,0.0876,0.2021333333333333,0.1998,0.0947333333333333,0.1998,0.0307733333333333,0.0168933333333333,0.0231866666666666,0.0271333333333333,0.0314666666666666,0.0102933333333333,0.0080133333333333,0.0142533333333333,0.11752,0.01244,0.02008,0.0254666666666666,0.0141866666666666,0.0589866666666666,0.00564,0.0,0.01324,0.0,0.0141866666666666,0.01848,0.0,0.02188,0.0,0.0275733333333333,0.00612,0.00612,0.0325733333333333,0.0325733333333333,0.0234133333333333,0.0234133333333333,0.0075866666666666,0.0302666666666666,0.0326533333333333,0.0231866666666666,0.0206933333333333,0.02008,0.00612,0.0391333333333333,0.0138133333333333,0.0254666666666666,0.00612,0.0943066666666666,0.1948,0.07152,0.0353733333333333,0.033
Uncovered Set,0.06936,0.3333333333333333,0.2768933333333333,0.05268,0.08588,0.0746266666666666,0.09452,0.09452,0.09452,0.09452,0.08588,0.09452,0.08588,0.29116,0.08588,0.09452,0.2019733333333333,0.1916,0.0991733333333333,0.1916,0.0336133333333333,0.0258266666666666,0.0260266666666666,0.0281466666666666,0.0354,0.01868,0.0212533333333333,0.0274933333333333,0.1103466666666666,0.01696,0.02292,0.0387066666666666,0.01848,0.0545333333333333,0.01888,0.01324,0.0,0.01324,0.01848,0.01028,0.01324,0.01368,0.01324,0.0282,0.01936,0.01936,0.0243733333333333,0.0243733333333333,0.0366533333333333,0.0366533333333333,0.0208266666666666,0.035,0.0421866666666666,0.0260266666666666,0.0217066666666666,0.02292,0.01936,0.0438666666666666,0.0270533333333333,0.0387066666666666,0.01936,0.0987466666666666,0.1866,0.0784133333333333,0.0441466666666666,0.0431066666666666
Uncovered Set - Fishburn,0.05612,0.3333333333333333,0.27692,0.0431466666666666,0.0811466666666666,0.0626133333333333,0.0876,0.0876,0.0876,0.0876,0.0811466666666666,0.0876,0.0811466666666666,0.28696,0.0811466666666666,0.0876,0.2021333333333333,0.1998,0.0947333333333333,0.1998,0.0307733333333333,0.0168933333333333,0.0231866666666666,0.0271333333333333,0.0314666666666666,0.0102933333333333,0.0080133333333333,0.0142533333333333,0.11752,0.01244,0.02008,0.0254666666666666,0.0141866666666666,0.0589866666666666,0.00564,0.0,0.01324,0.0,0.0141866666666666,0.01848,0.0,0.02188,0.0,0.0275733333333333,0.00612,0.00612,0.0325733333333333,0.0325733333333333,0.0234133333333333,0.0234133333333333,0.0075866666666666,0.0302666666666666,0.0326533333333333,0.0231866666666666,0.0206933333333333,0.02008,0.00612,0.0391333333333333,0.0138133333333333,0.0254666666666666,0.00612,0.0943066666666666,0.1948,0.07152,0.0353733333333333,0.033
Uncovered Set - Bordes,0.0703066666666666,0.3333333333333333,0.2768666666666666,0.0476,0.08336,0.0722,0.0933466666666666,0.0933466666666666,0.0933466666666666,0.0933466666666666,0.08336,0.0933466666666666,0.08336,0.29116,0.08336,0.0933466666666666,0.2028133333333333,0.18952,0.0965466666666666,0.18952,0.03844,0.02736,0.0308533333333333,0.0338266666666666,0.0382133333333333,0.0229066666666666,0.0222,0.02844,0.1091066666666666,0.02396,0.0277466666666666,0.0396533333333333,0.0,0.0543066666666666,0.0198266666666666,0.0141866666666666,0.01848,0.0141866666666666,0.0,0.0082,0.0141866666666666,0.0116,0.0141866666666666,0.0376266666666666,0.0203066666666666,0.0203066666666666,0.0222933333333333,0.0222933333333333,0.0376,0.0376,0.0217733333333333,0.03248,0.0371066666666666,0.0308533333333333,0.0273866666666666,0.0277466666666666,0.0203066666666666,0.0413466666666666,0.028,0.0396533333333333,0.0203066666666666,0.09612,0.18452,0.07576,0.0458533333333333,0.0401733333333333
