Unnamed: 0,Min Violations Committee,Max Violations Committee,Random Choice,Borda ranking,Plurality ranking,STV,Approval Voting (AV),Proportional Approval Voting (PAV),Approval Chamberlin-Courant (CC),Lexicographic Chamberlin-Courant (lex-CC),Sequential Approval Chamberlin-Courant (seq-CC),Monroe's Approval Rule (Monroe),Greedy Monroe,Minimax Approval Voting (MAV),Method of Equal Shares (aka Rule X) with Phragmén phase,E Pluribus Hugo (EPH),Random Serial Dictator
Min Violations Committee,0.0,0.5714285714285714,0.4082171428571428,9.142857142857145e-05,0.0337142857142857,0.0003314285714285,0.0,4.571428571428571e-05,0.4085942857142857,9.142857142857145e-05,0.4094171428571428,0.3512457142857142,0.00768,0.2136228571428571,9.142857142857145e-05,0.0,0.1406857142857142
Max Violations Committee,0.5714285714285714,0.0,0.4082285714285714,0.5714285714285714,0.57112,0.5714285714285714,0.5714285714285714,0.5714285714285714,0.4237257142857142,0.5714285714285714,0.3948457142857143,0.4440114285714285,0.5714285714285714,0.5703542857142857,0.5714285714285714,0.5714285714285714,0.5704457142857143
Random Choice,0.4082171428571428,0.4082285714285714,0.0,0.4082171428571428,0.4081257142857142,0.40824,0.4082171428571428,0.4081942857142857,0.4088914285714286,0.4082171428571428,0.4061485714285714,0.4082971428571428,0.4079885714285714,0.4085371428571429,0.4082171428571428,0.4082171428571428,0.4082628571428571
Borda ranking,9.142857142857145e-05,0.5714285714285714,0.4082171428571428,0.0,0.03368,0.0002628571428571,9.142857142857145e-05,4.571428571428571e-05,0.4086057142857143,0.0,0.4094171428571428,0.3512571428571429,0.0076571428571428,0.2136,0.0,9.142857142857145e-05,0.1407085714285714
Plurality ranking,0.0337142857142857,0.57112,0.4081257142857142,0.03368,0.0,0.0335771428571428,0.0337142857142857,0.0336914285714285,0.4164685714285714,0.03368,0.4009828571428571,0.3613257142857143,0.0397257142857142,0.2302514285714285,0.03368,0.0337142857142857,0.1563314285714285
STV,0.0003314285714285,0.5714285714285714,0.40824,0.0002628571428571,0.0335771428571428,0.0,0.0003314285714285,0.0002857142857142,0.4086171428571428,0.0002628571428571,0.4094628571428571,0.3512457142857142,0.0077828571428571,0.2136914285714285,0.0002628571428571,0.0003314285714285,0.1407885714285714
Approval Voting (AV),0.0,0.5714285714285714,0.4082171428571428,9.142857142857145e-05,0.0337142857142857,0.0003314285714285,0.0,4.571428571428571e-05,0.4085942857142857,9.142857142857145e-05,0.4094171428571428,0.3512457142857142,0.00768,0.2136228571428571,9.142857142857145e-05,0.0,0.1406857142857142
Proportional Approval Voting (PAV),4.571428571428571e-05,0.5714285714285714,0.4081942857142857,4.571428571428571e-05,0.0336914285714285,0.0002857142857142,4.571428571428571e-05,0.0,0.4085942857142857,4.571428571428571e-05,0.4094057142857142,0.3512457142857142,0.0076571428571428,0.2136114285714285,4.571428571428571e-05,4.571428571428571e-05,0.1406857142857142
Approval Chamberlin-Courant (CC),0.4085942857142857,0.4237257142857142,0.4088914285714286,0.4086057142857143,0.4164685714285714,0.4086171428571428,0.4085942857142857,0.4085942857142857,0.0,0.4086057142857143,0.5714285714285714,0.0675771428571428,0.4113257142857143,0.2860342857142857,0.4086057142857143,0.4085942857142857,0.4077485714285714
Lexicographic Chamberlin-Courant (lex-CC),9.142857142857145e-05,0.5714285714285714,0.4082171428571428,0.0,0.03368,0.0002628571428571,9.142857142857145e-05,4.571428571428571e-05,0.4086057142857143,0.0,0.4094171428571428,0.3512571428571429,0.0076571428571428,0.2136,0.0,9.142857142857145e-05,0.1407085714285714
Sequential Approval Chamberlin-Courant (seq-CC),0.4094171428571428,0.3948457142857143,0.4061485714285714,0.4094171428571428,0.4009828571428571,0.4094628571428571,0.4094171428571428,0.4094057142857142,0.5714285714285714,0.4094171428571428,0.0,0.5444114285714285,0.4066285714285714,0.5035542857142857,0.4094171428571428,0.4094171428571428,0.4088228571428571
Monroe's Approval Rule (Monroe),0.3512457142857142,0.4440114285714285,0.4082971428571428,0.3512571428571429,0.3613257142857143,0.3512457142857142,0.3512457142857142,0.3512457142857142,0.0675771428571428,0.3512571428571429,0.5444114285714285,0.0,0.3536114285714286,0.2768228571428571,0.3512571428571429,0.3512457142857142,0.3634514285714286
Greedy Monroe,0.00768,0.5714285714285714,0.4079885714285714,0.0076571428571428,0.0397257142857142,0.0077828571428571,0.00768,0.0076571428571428,0.4113257142857143,0.0076571428571428,0.4066285714285714,0.3536114285714286,0.0,0.2173257142857143,0.0076571428571428,0.00768,0.1431771428571428
Minimax Approval Voting (MAV),0.2136228571428571,0.5703542857142857,0.4085371428571429,0.2136,0.2302514285714285,0.2136914285714285,0.2136228571428571,0.2136114285714285,0.2860342857142857,0.2136,0.5035542857142857,0.2768228571428571,0.2173257142857143,0.0,0.2136,0.2136228571428571,0.2495542857142857
Method of Equal Shares (aka Rule X) with Phragmén phase,9.142857142857145e-05,0.5714285714285714,0.4082171428571428,0.0,0.03368,0.0002628571428571,9.142857142857145e-05,4.571428571428571e-05,0.4086057142857143,0.0,0.4094171428571428,0.3512571428571429,0.0076571428571428,0.2136,0.0,9.142857142857145e-05,0.1407085714285714
E Pluribus Hugo (EPH),0.0,0.5714285714285714,0.4082171428571428,9.142857142857145e-05,0.0337142857142857,0.0003314285714285,0.0,4.571428571428571e-05,0.4085942857142857,9.142857142857145e-05,0.4094171428571428,0.3512457142857142,0.00768,0.2136228571428571,9.142857142857145e-05,0.0,0.1406857142857142
Random Serial Dictator,0.1406857142857142,0.5704457142857143,0.4082628571428571,0.1407085714285714,0.1563314285714285,0.1407885714285714,0.1406857142857142,0.1406857142857142,0.4077485714285714,0.1407085714285714,0.4088228571428571,0.3634514285714286,0.1431771428571428,0.2495542857142857,0.1407085714285714,0.1406857142857142,0.0
NN-all,3.314285714285714e-05,0.5714285714285715,0.4082062857142857,6.057142857142858e-05,0.0336834285714285,0.0002982857142857,3.314285714285714e-05,1.4857142857142857e-05,0.4086057142857143,6.057142857142858e-05,0.4094051428571429,0.351257142857143,0.0076708571428571,0.213612,6.057142857142858e-05,3.314285714285714e-05,0.1406971428571428
NN-root,4.5621218428691166e-05,0.5714285714285715,0.4086748746842158,0.0,0.0333833265851947,0.0001254583506789,4.5621218428691166e-05,0.0,0.4083099049367859,0.0,0.4074773177004623,0.3516027304299229,0.0076643646960201,0.2140091356489903,0.0,4.5621218428691166e-05,0.1412432922552279
