Unnamed: 0,Min Violations Committee,Max Violations Committee,Random Choice,Borda ranking,Plurality ranking,STV,Approval Voting (AV),Proportional Approval Voting (PAV),Approval Chamberlin-Courant (CC),Lexicographic Chamberlin-Courant (lex-CC),Sequential Approval Chamberlin-Courant (seq-CC),Monroe's Approval Rule (Monroe),Greedy Monroe,Minimax Approval Voting (MAV),Method of Equal Shares (aka Rule X) with Phragmén phase,E Pluribus Hugo (EPH),Random Serial Dictator,Anti-Plurality,Two-Approval,Three-Approval,Instant Runoff,Bottom-Two-Runoff Instant Runoff,Benham,PluralityWRunoff PUT,Coombs,Baldwin,Strict Nanson,Weak Nanson,Iterated Removal Condorcet Loser,Raynaud,Tideman Alternative Top Cycle,Knockout Voting,Banks,Condorcet,Copeland,Llull,Uncovered Set,Uncovered Set - Fishburn,Uncovered Set - Bordes,Uncovered Set - McKelvey,Slater,Top Cycle,GOCHA,Bipartisan Set,Minimax,Split Cycle,Ranked Pairs ZT,Ranked Pairs TB,Simple Stable Voting,Stable Voting,Loss-Trimmer Voting,Daunou,Blacks,Condorcet IRV,Condorcet IRV PUT,Smith IRV,Smith-Minimax,Condorcet Plurality,Copeland-Local-Borda,Copeland-Global-Borda,Borda-Minimax Faceoff,Bucklin,Simplified Bucklin,Weighted Bucklin,Bracket Voting,Superior Voting
Min Violations Committee,0.0,0.3333333333333333,0.27824,0.10544,0.1879733333333333,0.0997733333333333,0.1798266666666666,0.1798266666666666,0.1798266666666666,0.1798266666666666,0.1879733333333333,0.1798266666666666,0.1879733333333333,0.22628,0.1879733333333333,0.1798266666666666,0.26244,0.21052,0.15244,0.1509733333333333,0.1253466666666666,0.0981866666666666,0.10308,0.14696,0.1224133333333333,0.09408,0.0922266666666666,0.0858266666666666,0.2625066666666666,0.09956,0.10568,0.0741466666666666,0.1357466666666666,0.1532266666666666,0.08252,0.0925733333333333,0.13076,0.0937066666666666,0.13588,0.14268,0.09656,0.15028,0.09384,0.09472,0.0887733333333333,0.0966266666666666,0.1499866666666666,0.1499866666666666,0.0679333333333333,0.0679333333333333,0.0858266666666666,0.1169066666666666,0.0904,0.1057066666666666,0.1113866666666666,0.10728,0.0887866666666666,0.11824,0.0749333333333333,0.07064,0.0906,0.1505733333333333,0.2296133333333333,0.10904,0.0950933333333333,0.0846666666666666
Max Violations Committee,0.3333333333333333,0.0,0.2770266666666666,0.3234266666666666,0.30904,0.32552,0.31796,0.31796,0.31796,0.31796,0.30904,0.31796,0.30904,0.3062266666666666,0.30904,0.31796,0.2884,0.3057733333333333,0.31568,0.3167466666666667,0.32096,0.3245866666666667,0.3236,0.3141333333333333,0.32108,0.3251066666666666,0.3256133333333333,0.326,0.1928933333333333,0.3239333333333333,0.3238133333333333,0.3264266666666666,0.30264,0.2458266666666666,0.3237466666666667,0.32032,0.3061733333333333,0.3146266666666666,0.3024,0.29588,0.3212266666666666,0.2656933333333333,0.30608,0.3134,0.3238133333333333,0.3214133333333333,0.27364,0.27364,0.3274133333333333,0.3274133333333333,0.32612,0.3189733333333333,0.3246533333333333,0.3232533333333333,0.31956,0.3233866666666666,0.3238266666666666,0.3177733333333333,0.3272266666666666,0.32688,0.3246133333333333,0.3168133333333333,0.28752,0.3235866666666667,0.32464,0.3256133333333333
Random Choice,0.27824,0.2770266666666666,0.0,0.2773733333333333,0.2772133333333333,0.2776266666666667,0.2779333333333333,0.2779333333333333,0.2779333333333333,0.2779333333333333,0.2772133333333333,0.2779333333333333,0.2772133333333333,0.27788,0.2772133333333333,0.2779333333333333,0.2776,0.27768,0.27788,0.27808,0.27668,0.2774933333333333,0.2765466666666666,0.27624,0.2778666666666666,0.2774266666666666,0.2772266666666667,0.2773333333333333,0.2764666666666667,0.2770933333333333,0.2763733333333333,0.2775866666666666,0.2768133333333333,0.27692,0.2778266666666666,0.2779466666666667,0.2768933333333333,0.2777333333333333,0.2768533333333333,0.27644,0.2772933333333333,0.2767466666666666,0.2777466666666666,0.27744,0.2776533333333333,0.2772266666666667,0.2763733333333333,0.2763733333333333,0.2776133333333333,0.2776133333333333,0.2772266666666667,0.2765466666666666,0.2773733333333333,0.2766,0.2764266666666666,0.2765466666666666,0.2776666666666667,0.2768666666666666,0.2776,0.2773733333333333,0.2773733333333333,0.2781066666666666,0.2774533333333333,0.2771733333333333,0.2774266666666666,0.2770933333333333
Borda ranking,0.10544,0.3234266666666666,0.2773733333333333,0.0,0.1716133333333333,0.1216933333333333,0.17248,0.17248,0.17248,0.17248,0.1716133333333333,0.17248,0.1716133333333333,0.27952,0.1716133333333333,0.17248,0.2610933333333333,0.18504,0.12264,0.1075733333333333,0.1231733333333333,0.09976,0.10704,0.13636,0.1137866666666666,0.09824,0.0939333333333333,0.08692,0.2444,0.1042533333333333,0.10644,0.04784,0.1148666666666666,0.1506,0.0735733333333333,0.0876,0.1175466666666666,0.0946133333333333,0.11496,0.1221733333333333,0.0944666666666666,0.1392666666666666,0.0986266666666666,0.1069466666666666,0.08472,0.0884266666666666,0.14264,0.14264,0.0652533333333333,0.0652533333333333,0.09588,0.11288,0.01504,0.10836,0.1088133333333333,0.1076533333333333,0.08464,0.11584,0.07448,0.0492266666666666,0.0704,0.1071866666666666,0.19152,0.0352533333333333,0.1041466666666666,0.0780933333333333
Plurality ranking,0.1879733333333333,0.30904,0.2772133333333333,0.1716133333333333,0.0,0.1625466666666666,0.0618533333333333,0.0618533333333333,0.0618533333333333,0.0618533333333333,0.0,0.0618533333333333,0.0,0.2872533333333333,0.0,0.0618533333333333,0.25164,0.2534266666666667,0.1794,0.2154666666666666,0.14848,0.1565466666666666,0.15808,0.1183333333333333,0.20696,0.1753333333333333,0.1735733333333333,0.1731733333333333,0.2453466666666666,0.1770533333333333,0.1611466666666666,0.17212,0.1795333333333333,0.2007733333333333,0.1722,0.1735466666666666,0.1812133333333333,0.17476,0.17944,0.1819333333333333,0.1739733333333333,0.1917066666666666,0.17616,0.1795733333333333,0.1727466666666666,0.1728533333333333,0.19428,0.19428,0.1713466666666666,0.1713466666666666,0.175,0.0954266666666666,0.1705333333333333,0.1558133333333333,0.1609866666666666,0.1587866666666666,0.1727066666666666,0.0697333333333333,0.1730266666666666,0.17164,0.1713066666666666,0.2151866666666666,0.2269466666666666,0.1769466666666666,0.14188,0.1595733333333333
STV,0.0997733333333333,0.32552,0.2776266666666667,0.1216933333333333,0.1625466666666666,0.0,0.1567466666666666,0.1567466666666666,0.1567466666666666,0.1567466666666666,0.1625466666666666,0.1567466666666666,0.1625466666666666,0.2638,0.1625466666666666,0.1567466666666666,0.2592,0.22564,0.1494666666666666,0.1663733333333333,0.0690133333333333,0.0972533333333333,0.0776,0.1217866666666666,0.15104,0.1132266666666666,0.1105466666666666,0.1070533333333333,0.25996,0.11836,0.0857866666666666,0.1003466666666666,0.1417866666666666,0.1642933333333333,0.1068666666666666,0.11556,0.14476,0.1182266666666666,0.1418,0.1485333333333333,0.1144533333333333,0.1589333333333333,0.1212133333333333,0.1209866666666666,0.11204,0.1158,0.1593733333333333,0.1593733333333333,0.09728,0.09728,0.1076,0.1123066666666666,0.1108533333333333,0.07556,0.0863066666666666,0.082,0.1119866666666666,0.1139466666666666,0.1021733333333333,0.1005066666666666,0.1116666666666666,0.1659866666666666,0.22788,0.1253066666666666,0.0864266666666666,0.0911333333333333
Approval Voting (AV),0.1798266666666666,0.31796,0.2779333333333333,0.17248,0.0618533333333333,0.1567466666666666,0.0,0.0,0.0,0.0,0.0618533333333333,0.0,0.0618533333333333,0.2645866666666667,0.0618533333333333,0.0,0.2521733333333333,0.2566133333333333,0.1832533333333333,0.21784,0.1534933333333333,0.1605733333333333,0.1622933333333333,0.1335733333333333,0.2081466666666666,0.17968,0.1776266666666666,0.1762133333333333,0.2683066666666667,0.1825733333333333,0.1660933333333333,0.1728133333333333,0.19404,0.2134533333333333,0.1759466666666666,0.1808666666666666,0.1939066666666666,0.1833066666666666,0.1940266666666666,0.19688,0.1803466666666666,0.2059333333333333,0.1848266666666666,0.1871866666666666,0.17804,0.1793466666666666,0.2081066666666666,0.2081066666666666,0.1712266666666666,0.1712266666666666,0.1789733333333333,0.1181466666666666,0.1713866666666666,0.1601333333333333,0.1690133333333333,0.1635066666666666,0.1780133333333333,0.10416,0.1742,0.1714,0.1766,0.2175333333333333,0.24724,0.1766666666666666,0.1414533333333333,0.1609866666666666
Proportional Approval Voting (PAV),0.1798266666666666,0.31796,0.2779333333333333,0.17248,0.0618533333333333,0.1567466666666666,0.0,0.0,0.0,0.0,0.0618533333333333,0.0,0.0618533333333333,0.2645866666666667,0.0618533333333333,0.0,0.2521733333333333,0.2566133333333333,0.1832533333333333,0.21784,0.1534933333333333,0.1605733333333333,0.1622933333333333,0.1335733333333333,0.2081466666666666,0.17968,0.1776266666666666,0.1762133333333333,0.2683066666666667,0.1825733333333333,0.1660933333333333,0.1728133333333333,0.19404,0.2134533333333333,0.1759466666666666,0.1808666666666666,0.1939066666666666,0.1833066666666666,0.1940266666666666,0.19688,0.1803466666666666,0.2059333333333333,0.1848266666666666,0.1871866666666666,0.17804,0.1793466666666666,0.2081066666666666,0.2081066666666666,0.1712266666666666,0.1712266666666666,0.1789733333333333,0.1181466666666666,0.1713866666666666,0.1601333333333333,0.1690133333333333,0.1635066666666666,0.1780133333333333,0.10416,0.1742,0.1714,0.1766,0.2175333333333333,0.24724,0.1766666666666666,0.1414533333333333,0.1609866666666666
Approval Chamberlin-Courant (CC),0.1798266666666666,0.31796,0.2779333333333333,0.17248,0.0618533333333333,0.1567466666666666,0.0,0.0,0.0,0.0,0.0618533333333333,0.0,0.0618533333333333,0.2645866666666667,0.0618533333333333,0.0,0.2521733333333333,0.2566133333333333,0.1832533333333333,0.21784,0.1534933333333333,0.1605733333333333,0.1622933333333333,0.1335733333333333,0.2081466666666666,0.17968,0.1776266666666666,0.1762133333333333,0.2683066666666667,0.1825733333333333,0.1660933333333333,0.1728133333333333,0.19404,0.2134533333333333,0.1759466666666666,0.1808666666666666,0.1939066666666666,0.1833066666666666,0.1940266666666666,0.19688,0.1803466666666666,0.2059333333333333,0.1848266666666666,0.1871866666666666,0.17804,0.1793466666666666,0.2081066666666666,0.2081066666666666,0.1712266666666666,0.1712266666666666,0.1789733333333333,0.1181466666666666,0.1713866666666666,0.1601333333333333,0.1690133333333333,0.1635066666666666,0.1780133333333333,0.10416,0.1742,0.1714,0.1766,0.2175333333333333,0.24724,0.1766666666666666,0.1414533333333333,0.1609866666666666
Lexicographic Chamberlin-Courant (lex-CC),0.1798266666666666,0.31796,0.2779333333333333,0.17248,0.0618533333333333,0.1567466666666666,0.0,0.0,0.0,0.0,0.0618533333333333,0.0,0.0618533333333333,0.2645866666666667,0.0618533333333333,0.0,0.2521733333333333,0.2566133333333333,0.1832533333333333,0.21784,0.1534933333333333,0.1605733333333333,0.1622933333333333,0.1335733333333333,0.2081466666666666,0.17968,0.1776266666666666,0.1762133333333333,0.2683066666666667,0.1825733333333333,0.1660933333333333,0.1728133333333333,0.19404,0.2134533333333333,0.1759466666666666,0.1808666666666666,0.1939066666666666,0.1833066666666666,0.1940266666666666,0.19688,0.1803466666666666,0.2059333333333333,0.1848266666666666,0.1871866666666666,0.17804,0.1793466666666666,0.2081066666666666,0.2081066666666666,0.1712266666666666,0.1712266666666666,0.1789733333333333,0.1181466666666666,0.1713866666666666,0.1601333333333333,0.1690133333333333,0.1635066666666666,0.1780133333333333,0.10416,0.1742,0.1714,0.1766,0.2175333333333333,0.24724,0.1766666666666666,0.1414533333333333,0.1609866666666666
Sequential Approval Chamberlin-Courant (seq-CC),0.1879733333333333,0.30904,0.2772133333333333,0.1716133333333333,0.0,0.1625466666666666,0.0618533333333333,0.0618533333333333,0.0618533333333333,0.0618533333333333,0.0,0.0618533333333333,0.0,0.2872533333333333,0.0,0.0618533333333333,0.25164,0.2534266666666667,0.1794,0.2154666666666666,0.14848,0.1565466666666666,0.15808,0.1183333333333333,0.20696,0.1753333333333333,0.1735733333333333,0.1731733333333333,0.2453466666666666,0.1770533333333333,0.1611466666666666,0.17212,0.1795333333333333,0.2007733333333333,0.1722,0.1735466666666666,0.1812133333333333,0.17476,0.17944,0.1819333333333333,0.1739733333333333,0.1917066666666666,0.17616,0.1795733333333333,0.1727466666666666,0.1728533333333333,0.19428,0.19428,0.1713466666666666,0.1713466666666666,0.175,0.0954266666666666,0.1705333333333333,0.1558133333333333,0.1609866666666666,0.1587866666666666,0.1727066666666666,0.0697333333333333,0.1730266666666666,0.17164,0.1713066666666666,0.2151866666666666,0.2269466666666666,0.1769466666666666,0.14188,0.1595733333333333
Monroe's Approval Rule (Monroe),0.1798266666666666,0.31796,0.2779333333333333,0.17248,0.0618533333333333,0.1567466666666666,0.0,0.0,0.0,0.0,0.0618533333333333,0.0,0.0618533333333333,0.2645866666666667,0.0618533333333333,0.0,0.2521733333333333,0.2566133333333333,0.1832533333333333,0.21784,0.1534933333333333,0.1605733333333333,0.1622933333333333,0.1335733333333333,0.2081466666666666,0.17968,0.1776266666666666,0.1762133333333333,0.2683066666666667,0.1825733333333333,0.1660933333333333,0.1728133333333333,0.19404,0.2134533333333333,0.1759466666666666,0.1808666666666666,0.1939066666666666,0.1833066666666666,0.1940266666666666,0.19688,0.1803466666666666,0.2059333333333333,0.1848266666666666,0.1871866666666666,0.17804,0.1793466666666666,0.2081066666666666,0.2081066666666666,0.1712266666666666,0.1712266666666666,0.1789733333333333,0.1181466666666666,0.1713866666666666,0.1601333333333333,0.1690133333333333,0.1635066666666666,0.1780133333333333,0.10416,0.1742,0.1714,0.1766,0.2175333333333333,0.24724,0.1766666666666666,0.1414533333333333,0.1609866666666666
Greedy Monroe,0.1879733333333333,0.30904,0.2772133333333333,0.1716133333333333,0.0,0.1625466666666666,0.0618533333333333,0.0618533333333333,0.0618533333333333,0.0618533333333333,0.0,0.0618533333333333,0.0,0.2872533333333333,0.0,0.0618533333333333,0.25164,0.2534266666666667,0.1794,0.2154666666666666,0.14848,0.1565466666666666,0.15808,0.1183333333333333,0.20696,0.1753333333333333,0.1735733333333333,0.1731733333333333,0.2453466666666666,0.1770533333333333,0.1611466666666666,0.17212,0.1795333333333333,0.2007733333333333,0.1722,0.1735466666666666,0.1812133333333333,0.17476,0.17944,0.1819333333333333,0.1739733333333333,0.1917066666666666,0.17616,0.1795733333333333,0.1727466666666666,0.1728533333333333,0.19428,0.19428,0.1713466666666666,0.1713466666666666,0.175,0.0954266666666666,0.1705333333333333,0.1558133333333333,0.1609866666666666,0.1587866666666666,0.1727066666666666,0.0697333333333333,0.1730266666666666,0.17164,0.1713066666666666,0.2151866666666666,0.2269466666666666,0.1769466666666666,0.14188,0.1595733333333333
Minimax Approval Voting (MAV),0.22628,0.3062266666666666,0.27788,0.27952,0.2872533333333333,0.2638,0.2645866666666667,0.2645866666666667,0.2645866666666667,0.2645866666666667,0.2872533333333333,0.2645866666666667,0.2872533333333333,0.0,0.2872533333333333,0.2645866666666667,0.27832,0.2900533333333333,0.2854533333333333,0.2851066666666667,0.2842933333333333,0.2843866666666667,0.28392,0.2921866666666666,0.2834933333333333,0.2875333333333333,0.2870133333333333,0.28364,0.3283733333333333,0.2899333333333333,0.286,0.27868,0.30532,0.30532,0.2856533333333333,0.2916,0.30532,0.29264,0.30532,0.30532,0.2907866666666667,0.30532,0.2926933333333333,0.2934533333333333,0.2882,0.2912266666666667,0.30532,0.30532,0.2772266666666667,0.2772266666666667,0.2855866666666666,0.2844533333333333,0.2791866666666667,0.2839866666666666,0.29088,0.2853066666666666,0.2882,0.2832266666666667,0.28008,0.27744,0.2882933333333333,0.2850266666666666,0.3291066666666666,0.2774533333333333,0.2776933333333333,0.2788533333333333
Method of Equal Shares (aka Rule X) with Phragmén phase,0.1879733333333333,0.30904,0.2772133333333333,0.1716133333333333,0.0,0.1625466666666666,0.0618533333333333,0.0618533333333333,0.0618533333333333,0.0618533333333333,0.0,0.0618533333333333,0.0,0.2872533333333333,0.0,0.0618533333333333,0.25164,0.2534266666666667,0.1794,0.2154666666666666,0.14848,0.1565466666666666,0.15808,0.1183333333333333,0.20696,0.1753333333333333,0.1735733333333333,0.1731733333333333,0.2453466666666666,0.1770533333333333,0.1611466666666666,0.17212,0.1795333333333333,0.2007733333333333,0.1722,0.1735466666666666,0.1812133333333333,0.17476,0.17944,0.1819333333333333,0.1739733333333333,0.1917066666666666,0.17616,0.1795733333333333,0.1727466666666666,0.1728533333333333,0.19428,0.19428,0.1713466666666666,0.1713466666666666,0.175,0.0954266666666666,0.1705333333333333,0.1558133333333333,0.1609866666666666,0.1587866666666666,0.1727066666666666,0.0697333333333333,0.1730266666666666,0.17164,0.1713066666666666,0.2151866666666666,0.2269466666666666,0.1769466666666666,0.14188,0.1595733333333333
E Pluribus Hugo (EPH),0.1798266666666666,0.31796,0.2779333333333333,0.17248,0.0618533333333333,0.1567466666666666,0.0,0.0,0.0,0.0,0.0618533333333333,0.0,0.0618533333333333,0.2645866666666667,0.0618533333333333,0.0,0.2521733333333333,0.2566133333333333,0.1832533333333333,0.21784,0.1534933333333333,0.1605733333333333,0.1622933333333333,0.1335733333333333,0.2081466666666666,0.17968,0.1776266666666666,0.1762133333333333,0.2683066666666667,0.1825733333333333,0.1660933333333333,0.1728133333333333,0.19404,0.2134533333333333,0.1759466666666666,0.1808666666666666,0.1939066666666666,0.1833066666666666,0.1940266666666666,0.19688,0.1803466666666666,0.2059333333333333,0.1848266666666666,0.1871866666666666,0.17804,0.1793466666666666,0.2081066666666666,0.2081066666666666,0.1712266666666666,0.1712266666666666,0.1789733333333333,0.1181466666666666,0.1713866666666666,0.1601333333333333,0.1690133333333333,0.1635066666666666,0.1780133333333333,0.10416,0.1742,0.1714,0.1766,0.2175333333333333,0.24724,0.1766666666666666,0.1414533333333333,0.1609866666666666
Random Serial Dictator,0.26244,0.2884,0.2776,0.2610933333333333,0.25164,0.2592,0.2521733333333333,0.2521733333333333,0.2521733333333333,0.2521733333333333,0.25164,0.2521733333333333,0.25164,0.27832,0.25164,0.2521733333333333,0.0,0.2727333333333333,0.2614133333333333,0.2665333333333333,0.2579733333333333,0.2593866666666666,0.2586666666666666,0.2557066666666667,0.2647066666666666,0.2605866666666667,0.2605466666666666,0.2606533333333333,0.2735466666666666,0.26116,0.2591733333333333,0.2610666666666666,0.2622933333333333,0.2662933333333333,0.26024,0.2607866666666666,0.26216,0.26072,0.26236,0.2624,0.2606933333333333,0.2643066666666667,0.2611733333333333,0.2622133333333333,0.2601333333333333,0.2602933333333333,0.26448,0.26448,0.26024,0.26024,0.2608533333333333,0.2552133333333333,0.2612533333333333,0.25864,0.25896,0.25872,0.2600933333333333,0.25408,0.26064,0.26092,0.2608266666666666,0.2664666666666667,0.2673066666666667,0.2614533333333333,0.2579733333333333,0.2594533333333333
Anti-Plurality,0.21052,0.3057733333333333,0.27768,0.18504,0.2534266666666667,0.22564,0.2566133333333333,0.2566133333333333,0.2566133333333333,0.2566133333333333,0.2534266666666667,0.2566133333333333,0.2534266666666667,0.2900533333333333,0.2534266666666667,0.2566133333333333,0.2727333333333333,0.0,0.2373333333333333,0.21828,0.2256933333333333,0.21124,0.2142933333333333,0.2289466666666666,0.1816533333333333,0.2013733333333333,0.20076,0.1999866666666666,0.2481066666666666,0.2027866666666666,0.2125466666666666,0.1934933333333333,0.1999866666666666,0.2170533333333333,0.19548,0.1970933333333333,0.2025333333333333,0.1988266666666666,0.2000133333333333,0.20188,0.1994933333333333,0.20868,0.19948,0.2026533333333333,0.1985333333333333,0.1985866666666666,0.2112266666666666,0.2112266666666666,0.1964266666666666,0.1964266666666666,0.2019333333333333,0.22216,0.1882133333333333,0.2158533333333333,0.2134133333333333,0.21448,0.1985066666666666,0.2238133333333333,0.1971866666666666,0.19288,0.1961333333333333,0.2183466666666666,0.22936,0.2026133333333333,0.2143333333333333,0.2008133333333333
Two-Approval,0.15244,0.31568,0.27788,0.12264,0.1794,0.1494666666666666,0.1832533333333333,0.1832533333333333,0.1832533333333333,0.1832533333333333,0.1794,0.1832533333333333,0.1794,0.2854533333333333,0.1794,0.1832533333333333,0.2614133333333333,0.2373333333333333,0.0,0.1602533333333333,0.1442933333333333,0.1354266666666666,0.1404,0.1585466666666666,0.1708133333333333,0.1414933333333333,0.1387333333333333,0.13668,0.24132,0.1442133333333333,0.1402133333333333,0.1292266666666666,0.1468933333333333,0.1755066666666666,0.1322533333333333,0.1362133333333333,0.1499333333333333,0.1389866666666666,0.1468933333333333,0.15148,0.13868,0.1648133333333333,0.1418666666666666,0.1460666666666666,0.13484,0.1352933333333333,0.1672666666666666,0.1672666666666666,0.12992,0.12992,0.1405466666666666,0.1412,0.12376,0.1395866666666666,0.13976,0.1393866666666666,0.1348,0.1467866666666666,0.1327466666666666,0.1279466666666666,0.13216,0.1596,0.1984,0.1270133333333333,0.1444533333333333,0.1348666666666666
Three-Approval,0.1509733333333333,0.3167466666666667,0.27808,0.1075733333333333,0.2154666666666666,0.1663733333333333,0.21784,0.21784,0.21784,0.21784,0.2154666666666666,0.21784,0.2154666666666666,0.2851066666666667,0.2154666666666666,0.21784,0.2665333333333333,0.21828,0.1602533333333333,0.0,0.16588,0.1483733333333333,0.1534666666666666,0.18144,0.1508133333333333,0.1405733333333333,0.13808,0.1349333333333333,0.2430666666666666,0.1438533333333333,0.1516533333333333,0.1230266666666666,0.1442533333333333,0.1748133333333333,0.1277733333333333,0.13216,0.1484,0.1364266666666666,0.1444266666666666,0.14936,0.1367066666666666,0.1632666666666666,0.1396,0.14492,0.1320666666666666,0.13308,0.16652,0.16652,0.1266533333333333,0.1266533333333333,0.13948,0.1640266666666666,0.1130133333333333,0.15464,0.1520666666666666,0.15312,0.13204,0.16816,0.1298666666666666,0.12176,0.1285733333333333,0.0006533333333333,0.1693733333333333,0.10272,0.1574933333333333,0.1364533333333333
Instant Runoff,0.1253466666666666,0.32096,0.27668,0.1231733333333333,0.14848,0.0690133333333333,0.1534933333333333,0.1534933333333333,0.1534933333333333,0.1534933333333333,0.14848,0.1534933333333333,0.14848,0.2842933333333333,0.14848,0.1534933333333333,0.2579733333333333,0.2256933333333333,0.1442933333333333,0.16588,0.0,0.0672933333333333,0.026,0.0868266666666666,0.14604,0.0920933333333333,0.0913066666666666,0.0938933333333333,0.23772,0.0937466666666666,0.0407866666666666,0.1032266666666666,0.11736,0.1516,0.10036,0.09932,0.1106266666666666,0.1021333333333333,0.1174133333333333,0.11964,0.0948666666666666,0.13724,0.1054133333333333,0.11448,0.0970933333333333,0.0954933333333333,0.1428133333333333,0.1428133333333333,0.1015333333333333,0.1015333333333333,0.0944933333333333,0.10144,0.11296,0.01964,0.0437333333333333,0.03228,0.0970533333333333,0.10572,0.09716,0.1043333333333333,0.0952933333333333,0.1654666666666666,0.2040266666666666,0.1280533333333333,0.0847733333333333,0.0924
Bottom-Two-Runoff Instant Runoff,0.0981866666666666,0.3245866666666667,0.2774933333333333,0.09976,0.1565466666666666,0.0972533333333333,0.1605733333333333,0.1605733333333333,0.1605733333333333,0.1605733333333333,0.1565466666666666,0.1605733333333333,0.1565466666666666,0.2843866666666667,0.1565466666666666,0.1605733333333333,0.2593866666666666,0.21124,0.1354266666666666,0.1483733333333333,0.0672933333333333,0.0,0.04508,0.0967733333333333,0.1152533333333333,0.0590533333333333,0.0560266666666666,0.0560666666666666,0.2342666666666666,0.0630133333333333,0.0433466666666666,0.0694266666666666,0.0901066666666666,0.1311733333333333,0.0660133333333333,0.0630666666666666,0.0827333333333333,0.0667066666666666,0.0902933333333333,0.0951066666666666,0.0565466666666666,0.1156533333333333,0.0702133333333333,0.0856933333333333,0.0616666666666666,0.0598666666666666,0.1224,0.1224,0.0678666666666666,0.0678666666666666,0.0599066666666666,0.07916,0.08472,0.0476533333333333,0.0532133333333333,0.0463466666666666,0.0616,0.0868133333333333,0.0603466666666666,0.0718,0.05908,0.1479733333333333,0.1974933333333333,0.1062933333333333,0.07272,0.0691333333333333
Benham,0.10308,0.3236,0.2765466666666666,0.10704,0.15808,0.0776,0.1622933333333333,0.1622933333333333,0.1622933333333333,0.1622933333333333,0.15808,0.1622933333333333,0.15808,0.28392,0.15808,0.1622933333333333,0.2586666666666666,0.2142933333333333,0.1404,0.1534666666666666,0.026,0.04508,0.0,0.09172,0.1258,0.0688,0.06804,0.07068,0.2353866666666666,0.0706533333333333,0.0161333333333333,0.08004,0.0967066666666666,0.1319466666666666,0.0769733333333333,0.0765733333333333,0.0893466666666666,0.07956,0.0968266666666666,0.09932,0.0716666666666666,0.1174133333333333,0.0830266666666666,0.0923733333333333,0.0744,0.0728266666666666,0.123,0.123,0.0784133333333333,0.0784133333333333,0.07112,0.0838533333333333,0.092,0.00636,0.0272,0.0162933333333333,0.0743466666666666,0.0883466666666666,0.0734,0.0811333333333333,0.0723733333333333,0.15304,0.2005466666666666,0.1131866666666666,0.07044,0.0678
PluralityWRunoff PUT,0.14696,0.3141333333333333,0.27624,0.13636,0.1183333333333333,0.1217866666666666,0.1335733333333333,0.1335733333333333,0.1335733333333333,0.1335733333333333,0.1183333333333333,0.1335733333333333,0.1183333333333333,0.2921866666666666,0.1183333333333333,0.1335733333333333,0.2557066666666667,0.2289466666666666,0.1585466666666666,0.18144,0.0868266666666666,0.0967733333333333,0.09172,0.0,0.16036,0.1143333333333333,0.11336,0.1151333333333333,0.22792,0.1154533333333333,0.0950266666666666,0.1225066666666666,0.1250533333333333,0.1582266666666666,0.1187066666666666,0.11608,0.12104,0.1178266666666666,0.12508,0.1268,0.1135733333333333,0.14288,0.12068,0.1277466666666666,0.11716,0.1147866666666666,0.14944,0.14944,0.1225733333333333,0.1225733333333333,0.1167733333333333,0.1043733333333333,0.12872,0.09116,0.0918933333333333,0.0943333333333333,0.1170933333333333,0.1022933333333333,0.11812,0.1234666666666666,0.1144933333333333,0.1811866666666666,0.2026133333333333,0.1423466666666666,0.0987866666666666,0.1064266666666666
Coombs,0.1224133333333333,0.32108,0.2778666666666666,0.1137866666666666,0.20696,0.15104,0.2081466666666666,0.2081466666666666,0.2081466666666666,0.2081466666666666,0.20696,0.2081466666666666,0.20696,0.2834933333333333,0.20696,0.2081466666666666,0.2647066666666666,0.1816533333333333,0.1708133333333333,0.1508133333333333,0.14604,0.1152533333333333,0.1258,0.16036,0.0,0.09136,0.08984,0.0896933333333333,0.23728,0.0941066666666666,0.1223866666666666,0.0959733333333333,0.1138533333333333,0.1493866666666666,0.0944666666666666,0.09468,0.1094,0.0984266666666666,0.1140666666666666,0.1178266666666666,0.0924933333333333,0.1347333333333333,0.1016,0.1118133333333333,0.0932933333333333,0.09184,0.1410533333333333,0.1410533333333333,0.0953066666666666,0.0953066666666666,0.0932,0.14064,0.1038533333333333,0.12792,0.1248933333333333,0.1248266666666666,0.0932533333333333,0.144,0.0913066666666666,0.0972533333333333,0.0906666666666666,0.1505733333333333,0.1994933333333333,0.1212666666666666,0.1304666666666666,0.11024
Baldwin,0.09408,0.3251066666666666,0.2774266666666666,0.09824,0.1753333333333333,0.1132266666666666,0.17968,0.17968,0.17968,0.17968,0.1753333333333333,0.17968,0.1753333333333333,0.2875333333333333,0.1753333333333333,0.17968,0.2605866666666667,0.2013733333333333,0.1414933333333333,0.1405733333333333,0.0920933333333333,0.0590533333333333,0.0688,0.1143333333333333,0.09136,0.0,0.01232,0.0317066666666666,0.2293466666666666,0.01572,0.0623066666666666,0.05716,0.07904,0.1273466666666666,0.05656,0.04492,0.06768,0.0487466666666666,0.0792,0.08512,0.03432,0.1101066666666666,0.0533866666666666,0.07356,0.03516,0.0301866666666666,0.11656,0.11656,0.05096,0.05096,0.0218666666666666,0.10024,0.0832,0.0724533333333333,0.06716,0.0671866666666666,0.0350933333333333,0.1056,0.0497466666666666,0.0661066666666666,0.03404,0.1402266666666666,0.1868,0.1045866666666666,0.0846133333333333,0.0730266666666666
Strict Nanson,0.0922266666666666,0.3256133333333333,0.2772266666666667,0.0939333333333333,0.1735733333333333,0.1105466666666666,0.1776266666666666,0.1776266666666666,0.1776266666666666,0.1776266666666666,0.1735733333333333,0.1776266666666666,0.1735733333333333,0.2870133333333333,0.1735733333333333,0.1776266666666666,0.2605466666666666,0.20076,0.1387333333333333,0.13808,0.0913066666666666,0.0560266666666666,0.06804,0.11336,0.08984,0.01232,0.0,0.0231333333333333,0.23032,0.0231466666666666,0.0616133333333333,0.05148,0.0784933333333333,0.1280933333333333,0.0528,0.0418533333333333,0.0698666666666666,0.04708,0.0786666666666666,0.0867066666666666,0.02792,0.1112,0.0517066666666666,0.0743066666666666,0.0322666666666666,0.0260133333333333,0.1176666666666666,0.1176666666666666,0.0459333333333333,0.0459333333333333,0.02392,0.09816,0.0788933333333333,0.0716666666666666,0.0669466666666666,0.0666133333333333,0.0322,0.10384,0.04468,0.06156,0.03032,0.1377066666666666,0.1871066666666666,0.1003466666666666,0.0812266666666666,0.0692666666666666
Weak Nanson,0.0858266666666666,0.326,0.2773333333333333,0.08692,0.1731733333333333,0.1070533333333333,0.1762133333333333,0.1762133333333333,0.1762133333333333,0.1762133333333333,0.1731733333333333,0.1762133333333333,0.1731733333333333,0.28364,0.1731733333333333,0.1762133333333333,0.2606533333333333,0.1999866666666666,0.13668,0.1349333333333333,0.0938933333333333,0.0560666666666666,0.07068,0.1151333333333333,0.0896933333333333,0.0317066666666666,0.0231333333333333,0.0,0.2338933333333333,0.0407066666666666,0.0650533333333333,0.04496,0.0848133333333333,0.1309066666666666,0.0464666666666666,0.0459466666666666,0.0776533333333333,0.05172,0.08504,0.0932533333333333,0.0344,0.1150266666666666,0.0561866666666666,0.07508,0.0369866666666666,0.03244,0.1213066666666666,0.1213066666666666,0.0381066666666666,0.0381066666666666,0.03836,0.0968666666666666,0.07188,0.0742533333333333,0.07128,0.0695733333333333,0.0368933333333333,0.10344,0.0352,0.0524666666666666,0.03524,0.13452,0.1903733333333333,0.0936666666666666,0.0792266666666666,0.0621466666666666
Iterated Removal Condorcet Loser,0.2625066666666666,0.1928933333333333,0.2764666666666667,0.2444,0.2453466666666666,0.25996,0.2683066666666667,0.2683066666666667,0.2683066666666667,0.2683066666666667,0.2453466666666666,0.2683066666666667,0.2453466666666666,0.3283733333333333,0.2453466666666666,0.2683066666666667,0.2735466666666666,0.2481066666666666,0.24132,0.2430666666666666,0.23772,0.2342666666666666,0.2353866666666666,0.22792,0.23728,0.2293466666666666,0.23032,0.2338933333333333,0.0,0.2261733333333333,0.2327066666666666,0.24076,0.1848133333333333,0.1333733333333333,0.2292666666666666,0.2177066666666666,0.1902133333333333,0.20792,0.1844666666666666,0.16992,0.2204666666666666,0.1216533333333333,0.1953733333333333,0.21352,0.2268266666666666,0.22276,0.14732,0.14732,0.2427733333333333,0.2427733333333333,0.2308266666666666,0.2334,0.2402666666666666,0.2354666666666666,0.2244,0.23328,0.2268266666666666,0.2370133333333333,0.2377333333333333,0.2421733333333333,0.2272,0.2430666666666666,0.16812,0.2475066666666666,0.2443733333333333,0.24148
Raynaud,0.09956,0.3239333333333333,0.2770933333333333,0.1042533333333333,0.1770533333333333,0.11836,0.1825733333333333,0.1825733333333333,0.1825733333333333,0.1825733333333333,0.1770533333333333,0.1825733333333333,0.1770533333333333,0.2899333333333333,0.1770533333333333,0.1825733333333333,0.26116,0.2027866666666666,0.1442133333333333,0.1438533333333333,0.0937466666666666,0.0630133333333333,0.0706533333333333,0.1154533333333333,0.0941066666666666,0.01572,0.0231466666666666,0.0407066666666666,0.2261733333333333,0.0,0.0641066666666666,0.0647733333333333,0.0794266666666666,0.1246666666666666,0.0623466666666666,0.0499066666666666,0.0626,0.0529333333333333,0.07956,0.0816,0.0418533333333333,0.10684,0.05736,0.07424,0.04076,0.0368666666666666,0.11296,0.11296,0.0601733333333333,0.0601733333333333,0.02528,0.1021066666666666,0.0892133333333333,0.0741066666666666,0.06728,0.0690933333333333,0.04072,0.10732,0.0570933333333333,0.073,0.04016,0.1435066666666666,0.1851333333333333,0.1105733333333333,0.0885333333333333,0.0781333333333333
Tideman Alternative Top Cycle,0.10568,0.3238133333333333,0.2763733333333333,0.10644,0.1611466666666666,0.0857866666666666,0.1660933333333333,0.1660933333333333,0.1660933333333333,0.1660933333333333,0.1611466666666666,0.1660933333333333,0.1611466666666666,0.286,0.1611466666666666,0.1660933333333333,0.2591733333333333,0.2125466666666666,0.1402133333333333,0.1516533333333333,0.0407866666666666,0.0433466666666666,0.0161333333333333,0.0950266666666666,0.1223866666666666,0.0623066666666666,0.0616133333333333,0.0650533333333333,0.2327066666666666,0.0641066666666666,0.0,0.0787066666666666,0.0914933333333333,0.13032,0.0730666666666666,0.07132,0.0835333333333333,0.0743066666666666,0.0916,0.0943333333333333,0.0660666666666666,0.1136133333333333,0.0777333333333333,0.0903733333333333,0.0687733333333333,0.06672,0.12092,0.12092,0.0771866666666666,0.0771866666666666,0.0649733333333333,0.08336,0.0914,0.0211466666666666,0.0321466666666666,0.0091466666666666,0.0687066666666666,0.0914133333333333,0.0694,0.0798133333333333,0.0665866666666666,0.1512533333333333,0.1967066666666666,0.1129066666666666,0.07552,0.0715866666666666
Knockout Voting,0.0741466666666666,0.3264266666666666,0.2775866666666666,0.04784,0.17212,0.1003466666666666,0.1728133333333333,0.1728133333333333,0.1728133333333333,0.1728133333333333,0.17212,0.1728133333333333,0.17212,0.27868,0.17212,0.1728133333333333,0.2610666666666666,0.1934933333333333,0.1292266666666666,0.1230266666666666,0.1032266666666666,0.0694266666666666,0.08004,0.1225066666666666,0.0959733333333333,0.05716,0.05148,0.04496,0.24076,0.0647733333333333,0.0787066666666666,0.0,0.0994266666666666,0.13612,0.0462933333333333,0.0553333333333333,0.0941733333333333,0.0626266666666666,0.0996133333333333,0.1071066666666666,0.05228,0.1246,0.06748,0.07856,0.05308,0.0558666666666666,0.12824,0.12824,0.0339866666666666,0.0339866666666666,0.0545866666666666,0.0985466666666666,0.0328,0.0835866666666666,0.0837333333333333,0.0819333333333333,0.053,0.1023866666666666,0.038,0.0299333333333333,0.0406533333333333,0.12264,0.19604,0.0647333333333333,0.0782533333333333,0.05604
Banks,0.1357466666666666,0.30264,0.2768133333333333,0.1148666666666666,0.1795333333333333,0.1417866666666666,0.19404,0.19404,0.19404,0.19404,0.1795333333333333,0.19404,0.1795333333333333,0.30532,0.1795333333333333,0.19404,0.2622933333333333,0.1999866666666666,0.1468933333333333,0.1442533333333333,0.11736,0.0901066666666666,0.0967066666666666,0.1250533333333333,0.1138533333333333,0.07904,0.0784933333333333,0.0848133333333333,0.1848133333333333,0.0794266666666666,0.0914933333333333,0.0994266666666666,0.0,0.0884933333333333,0.0792133333333333,0.06348,0.04864,0.0513733333333333,0.00056,0.0209066666666666,0.0623866666666666,0.06424,0.05652,0.0679066666666666,0.07692,0.07044,0.07552,0.07552,0.1009333333333333,0.1009333333333333,0.0797733333333333,0.1053333333333333,0.0998266666666666,0.09772,0.08496,0.09372,0.0768666666666666,0.1098,0.0928,0.09992,0.07624,0.14392,0.1564533333333333,0.1220666666666666,0.11268,0.09784
Condorcet,0.1532266666666666,0.2458266666666666,0.27692,0.1506,0.2007733333333333,0.1642933333333333,0.2134533333333333,0.2134533333333333,0.2134533333333333,0.2134533333333333,0.2007733333333333,0.2134533333333333,0.2007733333333333,0.30532,0.2007733333333333,0.2134533333333333,0.2662933333333333,0.2170533333333333,0.1755066666666666,0.1748133333333333,0.1516,0.1311733333333333,0.1319466666666666,0.1582266666666666,0.1493866666666666,0.1273466666666666,0.1280933333333333,0.1309066666666666,0.1333733333333333,0.1246666666666666,0.13032,0.13612,0.0884933333333333,0.0,0.1274266666666666,0.11768,0.0935466666666666,0.1088,0.0881466666666666,0.0758266666666666,0.1198266666666666,0.0313333333333333,0.0969866666666666,0.1125466666666666,0.12508,0.12136,0.0351066666666666,0.0351066666666666,0.1374,0.1374,0.12876,0.13068,0.13556,0.13196,0.1223466666666666,0.1308666666666666,0.1251066666666666,0.13104,0.1342933333333333,0.1371733333333333,0.1256933333333333,0.1745066666666666,0.1826266666666666,0.1553066666666666,0.1451733333333333,0.13648
Copeland,0.08252,0.3237466666666667,0.2778266666666666,0.0735733333333333,0.1722,0.1068666666666666,0.1759466666666666,0.1759466666666666,0.1759466666666666,0.1759466666666666,0.1722,0.1759466666666666,0.1722,0.2856533333333333,0.1722,0.1759466666666666,0.26024,0.19548,0.1322533333333333,0.1277733333333333,0.10036,0.0660133333333333,0.0769733333333333,0.1187066666666666,0.0944666666666666,0.05656,0.0528,0.0464666666666666,0.2292666666666666,0.0623466666666666,0.0730666666666666,0.0462933333333333,0.0792133333333333,0.1274266666666666,0.0,0.0300666666666666,0.07712,0.0420933333333333,0.0794266666666666,0.0889333333333333,0.0451866666666666,0.10984,0.0484933333333333,0.0679466666666666,0.0447333333333333,0.04992,0.1181066666666666,0.1181066666666666,0.03976,0.03976,0.04908,0.0958666666666666,0.0585333333333333,0.08072,0.0781866666666666,0.0763066666666666,0.0446666666666666,0.1024666666666666,0.0182133333333333,0.02588,0.0410533333333333,0.1273733333333333,0.1834933333333333,0.08216,0.0796933333333333,0.03964
Llull,0.0925733333333333,0.32032,0.2779466666666667,0.0876,0.1735466666666666,0.11556,0.1808666666666666,0.1808666666666666,0.1808666666666666,0.1808666666666666,0.1735466666666666,0.1808666666666666,0.1735466666666666,0.2916,0.1735466666666666,0.1808666666666666,0.2607866666666666,0.1970933333333333,0.1362133333333333,0.13216,0.09932,0.0630666666666666,0.0765733333333333,0.11608,0.09468,0.04492,0.0418533333333333,0.0459466666666666,0.2177066666666666,0.0499066666666666,0.07132,0.0553333333333333,0.06348,0.11768,0.0300666666666666,0.0,0.0541066666666666,0.01504,0.0636933333333333,0.0697466666666666,0.02888,0.0978,0.02504,0.0571866666666666,0.0284133333333333,0.0344266666666666,0.1062666666666666,0.1062666666666666,0.0529866666666666,0.0529866666666666,0.0342133333333333,0.0978,0.07256,0.07968,0.0732666666666666,0.07488,0.02836,0.1038133333333333,0.0413466666666666,0.0522133333333333,0.0298666666666666,0.1317866666666666,0.17332,0.09488,0.0832533333333333,0.0665866666666666
Uncovered Set,0.13076,0.3061733333333333,0.2768933333333333,0.1175466666666666,0.1812133333333333,0.14476,0.1939066666666666,0.1939066666666666,0.1939066666666666,0.1939066666666666,0.1812133333333333,0.1939066666666666,0.1812133333333333,0.30532,0.1812133333333333,0.1939066666666666,0.26216,0.2025333333333333,0.1499333333333333,0.1484,0.1106266666666666,0.0827333333333333,0.0893466666666666,0.12104,0.1094,0.06768,0.0698666666666666,0.0776533333333333,0.1902133333333333,0.0626,0.0835333333333333,0.0941733333333333,0.04864,0.0935466666666666,0.07712,0.0541066666666666,0.0,0.0396,0.0486666666666666,0.02952,0.0555066666666666,0.0695866666666666,0.0511466666666666,0.04792,0.0698133333333333,0.0612933333333333,0.0808533333333333,0.0808533333333333,0.09576,0.09576,0.0741466666666666,0.1071733333333333,0.1025066666666666,0.0909866666666666,0.0776533333333333,0.08664,0.06976,0.11148,0.0876933333333333,0.0970266666666666,0.06868,0.1480666666666666,0.1630266666666666,0.12412,0.1097466666666666,0.1015466666666666
Uncovered Set - Fishburn,0.0937066666666666,0.3146266666666666,0.2777333333333333,0.0946133333333333,0.17476,0.1182266666666666,0.1833066666666666,0.1833066666666666,0.1833066666666666,0.1833066666666666,0.17476,0.1833066666666666,0.17476,0.29264,0.17476,0.1833066666666666,0.26072,0.1988266666666666,0.1389866666666666,0.1364266666666666,0.1021333333333333,0.0667066666666666,0.07956,0.1178266666666666,0.0984266666666666,0.0487466666666666,0.04708,0.05172,0.20792,0.0529333333333333,0.0743066666666666,0.0626266666666666,0.0513733333333333,0.1088,0.0420933333333333,0.01504,0.0396,0.0,0.0514933333333333,0.05604,0.0328133333333333,0.08796,0.0147066666666666,0.0461866666666666,0.03188,0.0373066666666666,0.09736,0.09736,0.0597466666666666,0.0597466666666666,0.0359866666666666,0.0996266666666666,0.0795733333333333,0.0824933333333333,0.0746133333333333,0.0776,0.0318266666666666,0.1050266666666666,0.0508666666666666,0.06172,0.0358266666666666,0.1360533333333333,0.17192,0.1019866666666666,0.08784,0.0744266666666666
