Unnamed: 0,Min Violations Committee,Max Violations Committee,Random Choice,Borda ranking,Plurality ranking,STV,Approval Voting (AV),Proportional Approval Voting (PAV),Approval Chamberlin-Courant (CC),Lexicographic Chamberlin-Courant (lex-CC),Sequential Approval Chamberlin-Courant (seq-CC),Monroe's Approval Rule (Monroe),Greedy Monroe,Minimax Approval Voting (MAV),Method of Equal Shares (aka Rule X) with Phragmén phase,E Pluribus Hugo (EPH),Random Serial Dictator,Anti-Plurality,Two-Approval,Three-Approval,Instant Runoff,Bottom-Two-Runoff Instant Runoff,Benham,PluralityWRunoff PUT,Coombs,Baldwin,Strict Nanson,Weak Nanson,Iterated Removal Condorcet Loser,Raynaud,Tideman Alternative Top Cycle,Knockout Voting,Banks,Condorcet,Copeland,Llull,Uncovered Set,Uncovered Set - Fishburn,Uncovered Set - Bordes,Uncovered Set - McKelvey,Slater,Top Cycle,GOCHA,Bipartisan Set,Minimax,Split Cycle,Ranked Pairs ZT,Ranked Pairs TB,Simple Stable Voting,Stable Voting,Loss-Trimmer Voting,Daunou,Blacks,Condorcet IRV,Condorcet IRV PUT,Smith IRV,Smith-Minimax,Condorcet Plurality,Copeland-Local-Borda,Copeland-Global-Borda,Borda-Minimax Faceoff,Bucklin,Simplified Bucklin,Weighted Bucklin,Bracket Voting,Superior Voting
Min Violations Committee,0.0,0.3333333333333333,0.2759733333333333,0.05764,0.1782933333333333,0.0938266666666666,0.1773066666666666,0.1773066666666666,0.1773066666666666,0.1773066666666666,0.1782933333333333,0.1773066666666666,0.1782933333333333,0.27112,0.1782933333333333,0.1773066666666666,0.2467866666666666,0.2127066666666666,0.1045466666666666,0.1084533333333333,0.1078933333333333,0.0274533333333333,0.0242133333333333,0.1228533333333333,0.03732,0.02856,0.02788,0.0263866666666666,0.12632,0.0292533333333333,0.0309866666666666,0.01848,0.0329066666666666,0.0356666666666666,0.02608,0.0281866666666666,0.03272,0.0282133333333333,0.0329066666666666,0.0340933333333333,0.0284133333333333,0.0345333333333333,0.0282133333333333,0.01868,0.0278666666666666,0.02812,0.03532,0.03532,0.01532,0.01532,0.0276666666666666,0.0289866666666666,0.0207866666666666,0.0257733333333333,0.0267333333333333,0.0311066666666666,0.0278666666666666,0.02484,0.02528,0.01636,0.02868,0.0741733333333333,0.12432,0.0563866666666666,0.0483066666666666,0.0193066666666666
Max Violations Committee,0.3333333333333333,0.0,0.2783333333333333,0.3324533333333333,0.32252,0.3317733333333333,0.3236533333333333,0.3236533333333333,0.3236533333333333,0.3236533333333333,0.32252,0.3236533333333333,0.32252,0.2862133333333333,0.32252,0.3236533333333333,0.2994,0.3237866666666666,0.3304666666666667,0.3312666666666666,0.3310933333333333,0.3331466666666666,0.33308,0.33012,0.3330266666666667,0.3332666666666666,0.33328,0.3332533333333333,0.3028266666666667,0.3332133333333333,0.3330666666666667,0.3332266666666666,0.3329066666666667,0.3245733333333333,0.33324,0.3332266666666666,0.333,0.3331866666666667,0.3329066666666667,0.33276,0.3332266666666666,0.33228,0.33312,0.3330666666666667,0.33328,0.3332666666666666,0.3286933333333333,0.3286933333333333,0.3332933333333333,0.3332933333333333,0.3332666666666666,0.33276,0.3331333333333333,0.3328533333333333,0.3328666666666666,0.3330666666666667,0.33328,0.33208,0.3333333333333333,0.3332933333333333,0.3332133333333333,0.3316933333333333,0.3286,0.3323466666666667,0.33248,0.3331733333333333
Random Choice,0.2759733333333333,0.2783333333333333,0.0,0.2765466666666666,0.27808,0.2768266666666666,0.2779333333333333,0.2779333333333333,0.2779333333333333,0.2779333333333333,0.27808,0.2779333333333333,0.27808,0.27572,0.27808,0.2779333333333333,0.2779066666666667,0.2769066666666667,0.27616,0.2768933333333333,0.2777466666666666,0.276,0.27648,0.2773466666666667,0.2763733333333333,0.2758933333333333,0.27596,0.2761333333333333,0.27712,0.2759466666666667,0.2761066666666666,0.2759733333333333,0.2762533333333333,0.2766,0.27608,0.276,0.2759866666666666,0.2759866666666666,0.2762533333333333,0.27624,0.2759866666666666,0.2761733333333333,0.276,0.27624,0.27596,0.2759733333333333,0.2765866666666666,0.2765866666666666,0.27612,0.27612,0.2759333333333333,0.2760533333333333,0.2761066666666666,0.2764933333333333,0.27644,0.27612,0.2759466666666667,0.27628,0.2760933333333333,0.27592,0.27608,0.27548,0.2763733333333333,0.2755733333333333,0.2764666666666667,0.2763866666666666
Borda ranking,0.05764,0.3324533333333333,0.2765466666666666,0.0,0.20652,0.12792,0.2068933333333333,0.2068933333333333,0.2068933333333333,0.2068933333333333,0.20652,0.2068933333333333,0.20652,0.2791466666666666,0.20652,0.2068933333333333,0.25428,0.1876666666666666,0.1146133333333333,0.07124,0.1321466666666666,0.0570666666666666,0.0606933333333333,0.1516533333333333,0.0572133333333333,0.0559866666666666,0.05552,0.0546933333333333,0.1399733333333333,0.05648,0.0578133333333333,0.0404,0.0568533333333333,0.0672933333333333,0.0547733333333333,0.0557333333333333,0.0573733333333333,0.05588,0.0568533333333333,0.0576133333333333,0.05596,0.05844,0.05592,0.05744,0.0552666666666666,0.0553466666666666,0.06572,0.06572,0.0503466666666666,0.0503466666666666,0.05592,0.06044,0.0368533333333333,0.0616,0.0612133333333333,0.0579066666666666,0.0552666666666666,0.06784,0.0543466666666666,0.04372,0.0535466666666666,0.0720533333333333,0.1259466666666666,0.04824,0.0911066666666666,0.0624533333333333
Plurality ranking,0.1782933333333333,0.32252,0.27808,0.20652,0.0,0.1376666666666666,0.0275466666666666,0.0275466666666666,0.0275466666666666,0.0275466666666666,0.0,0.0275466666666666,0.0,0.2826133333333333,0.0,0.0275466666666666,0.2242933333333333,0.26956,0.19416,0.2421733333333333,0.13176,0.1747733333333333,0.17192,0.1073866666666666,0.18472,0.17736,0.1773866666666666,0.1777866666666666,0.20412,0.1774266666666666,0.1763066666666666,0.1838533333333333,0.1779066666666666,0.1834666666666666,0.1780933333333333,0.1774666666666666,0.17768,0.17752,0.1779066666666666,0.1778133333333333,0.17736,0.1781066666666666,0.1775466666666666,0.1777333333333333,0.1773733333333333,0.1773733333333333,0.1817466666666666,0.1817466666666666,0.1808266666666666,0.1808266666666666,0.1776,0.1693066666666666,0.1846133333333333,0.1705466666666666,0.1712666666666666,0.17612,0.17736,0.1536266666666666,0.17816,0.18244,0.17808,0.2092666666666666,0.204,0.1936533333333333,0.1537333333333333,0.1686933333333333
STV,0.0938266666666666,0.3317733333333333,0.2768266666666666,0.12792,0.1376666666666666,0.0,0.13628,0.13628,0.13628,0.13628,0.1376666666666666,0.13628,0.1376666666666666,0.2718666666666666,0.1376666666666666,0.13628,0.2364933333333333,0.2351466666666666,0.13816,0.1720666666666666,0.0351866666666666,0.1004133333333333,0.0941333333333333,0.0826666666666666,0.11092,0.1035066666666666,0.1031333333333333,0.10288,0.1684933333333333,0.1039866666666666,0.1016266666666666,0.1015333333333333,0.10472,0.1109733333333333,0.1025466666666666,0.1031866666666666,0.10572,0.1032133333333333,0.10472,0.1056,0.1033333333333333,0.10604,0.10328,0.0999466666666666,0.1031333333333333,0.1032533333333333,0.1099333333333333,0.1099333333333333,0.1003333333333333,0.1003333333333333,0.10292,0.0998133333333333,0.10252,0.0920266666666666,0.0930533333333333,0.1013733333333333,0.1031333333333333,0.0953866666666666,0.10248,0.1004533333333333,0.10376,0.1393466666666666,0.1573333333333333,0.1216,0.0728,0.09212
Approval Voting (AV),0.1773066666666666,0.3236533333333333,0.2779333333333333,0.2068933333333333,0.0275466666666666,0.13628,0.0,0.0,0.0,0.0,0.0275466666666666,0.0,0.0275466666666666,0.27296,0.0275466666666666,0.0,0.2249066666666666,0.27436,0.1953333333333333,0.24204,0.1328533333333333,0.1754266666666666,0.1724666666666666,0.11056,0.18544,0.1782266666666666,0.1782266666666666,0.17864,0.2097066666666666,0.1783333333333333,0.1772,0.1838933333333333,0.1792533333333333,0.1846133333333333,0.179,0.1784133333333333,0.1788266666666666,0.1784933333333333,0.1792533333333333,0.1792266666666666,0.17832,0.1795866666666666,0.1785333333333333,0.17772,0.17832,0.1783466666666666,0.1832133333333333,0.1832133333333333,0.1808933333333333,0.1808933333333333,0.1784,0.17044,0.18468,0.1711066666666666,0.1718933333333333,0.1769866666666666,0.1783066666666666,0.1570266666666666,0.1789333333333333,0.18252,0.1790133333333333,0.2096,0.2086133333333333,0.1937333333333333,0.1538133333333333,0.1693066666666666
Proportional Approval Voting (PAV),0.1773066666666666,0.3236533333333333,0.2779333333333333,0.2068933333333333,0.0275466666666666,0.13628,0.0,0.0,0.0,0.0,0.0275466666666666,0.0,0.0275466666666666,0.27296,0.0275466666666666,0.0,0.2249066666666666,0.27436,0.1953333333333333,0.24204,0.1328533333333333,0.1754266666666666,0.1724666666666666,0.11056,0.18544,0.1782266666666666,0.1782266666666666,0.17864,0.2097066666666666,0.1783333333333333,0.1772,0.1838933333333333,0.1792533333333333,0.1846133333333333,0.179,0.1784133333333333,0.1788266666666666,0.1784933333333333,0.1792533333333333,0.1792266666666666,0.17832,0.1795866666666666,0.1785333333333333,0.17772,0.17832,0.1783466666666666,0.1832133333333333,0.1832133333333333,0.1808933333333333,0.1808933333333333,0.1784,0.17044,0.18468,0.1711066666666666,0.1718933333333333,0.1769866666666666,0.1783066666666666,0.1570266666666666,0.1789333333333333,0.18252,0.1790133333333333,0.2096,0.2086133333333333,0.1937333333333333,0.1538133333333333,0.1693066666666666
Approval Chamberlin-Courant (CC),0.1773066666666666,0.3236533333333333,0.2779333333333333,0.2068933333333333,0.0275466666666666,0.13628,0.0,0.0,0.0,0.0,0.0275466666666666,0.0,0.0275466666666666,0.27296,0.0275466666666666,0.0,0.2249066666666666,0.27436,0.1953333333333333,0.24204,0.1328533333333333,0.1754266666666666,0.1724666666666666,0.11056,0.18544,0.1782266666666666,0.1782266666666666,0.17864,0.2097066666666666,0.1783333333333333,0.1772,0.1838933333333333,0.1792533333333333,0.1846133333333333,0.179,0.1784133333333333,0.1788266666666666,0.1784933333333333,0.1792533333333333,0.1792266666666666,0.17832,0.1795866666666666,0.1785333333333333,0.17772,0.17832,0.1783466666666666,0.1832133333333333,0.1832133333333333,0.1808933333333333,0.1808933333333333,0.1784,0.17044,0.18468,0.1711066666666666,0.1718933333333333,0.1769866666666666,0.1783066666666666,0.1570266666666666,0.1789333333333333,0.18252,0.1790133333333333,0.2096,0.2086133333333333,0.1937333333333333,0.1538133333333333,0.1693066666666666
Lexicographic Chamberlin-Courant (lex-CC),0.1773066666666666,0.3236533333333333,0.2779333333333333,0.2068933333333333,0.0275466666666666,0.13628,0.0,0.0,0.0,0.0,0.0275466666666666,0.0,0.0275466666666666,0.27296,0.0275466666666666,0.0,0.2249066666666666,0.27436,0.1953333333333333,0.24204,0.1328533333333333,0.1754266666666666,0.1724666666666666,0.11056,0.18544,0.1782266666666666,0.1782266666666666,0.17864,0.2097066666666666,0.1783333333333333,0.1772,0.1838933333333333,0.1792533333333333,0.1846133333333333,0.179,0.1784133333333333,0.1788266666666666,0.1784933333333333,0.1792533333333333,0.1792266666666666,0.17832,0.1795866666666666,0.1785333333333333,0.17772,0.17832,0.1783466666666666,0.1832133333333333,0.1832133333333333,0.1808933333333333,0.1808933333333333,0.1784,0.17044,0.18468,0.1711066666666666,0.1718933333333333,0.1769866666666666,0.1783066666666666,0.1570266666666666,0.1789333333333333,0.18252,0.1790133333333333,0.2096,0.2086133333333333,0.1937333333333333,0.1538133333333333,0.1693066666666666
Sequential Approval Chamberlin-Courant (seq-CC),0.1782933333333333,0.32252,0.27808,0.20652,0.0,0.1376666666666666,0.0275466666666666,0.0275466666666666,0.0275466666666666,0.0275466666666666,0.0,0.0275466666666666,0.0,0.2826133333333333,0.0,0.0275466666666666,0.2242933333333333,0.26956,0.19416,0.2421733333333333,0.13176,0.1747733333333333,0.17192,0.1073866666666666,0.18472,0.17736,0.1773866666666666,0.1777866666666666,0.20412,0.1774266666666666,0.1763066666666666,0.1838533333333333,0.1779066666666666,0.1834666666666666,0.1780933333333333,0.1774666666666666,0.17768,0.17752,0.1779066666666666,0.1778133333333333,0.17736,0.1781066666666666,0.1775466666666666,0.1777333333333333,0.1773733333333333,0.1773733333333333,0.1817466666666666,0.1817466666666666,0.1808266666666666,0.1808266666666666,0.1776,0.1693066666666666,0.1846133333333333,0.1705466666666666,0.1712666666666666,0.17612,0.17736,0.1536266666666666,0.17816,0.18244,0.17808,0.2092666666666666,0.204,0.1936533333333333,0.1537333333333333,0.1686933333333333
Monroe's Approval Rule (Monroe),0.1773066666666666,0.3236533333333333,0.2779333333333333,0.2068933333333333,0.0275466666666666,0.13628,0.0,0.0,0.0,0.0,0.0275466666666666,0.0,0.0275466666666666,0.27296,0.0275466666666666,0.0,0.2249066666666666,0.27436,0.1953333333333333,0.24204,0.1328533333333333,0.1754266666666666,0.1724666666666666,0.11056,0.18544,0.1782266666666666,0.1782266666666666,0.17864,0.2097066666666666,0.1783333333333333,0.1772,0.1838933333333333,0.1792533333333333,0.1846133333333333,0.179,0.1784133333333333,0.1788266666666666,0.1784933333333333,0.1792533333333333,0.1792266666666666,0.17832,0.1795866666666666,0.1785333333333333,0.17772,0.17832,0.1783466666666666,0.1832133333333333,0.1832133333333333,0.1808933333333333,0.1808933333333333,0.1784,0.17044,0.18468,0.1711066666666666,0.1718933333333333,0.1769866666666666,0.1783066666666666,0.1570266666666666,0.1789333333333333,0.18252,0.1790133333333333,0.2096,0.2086133333333333,0.1937333333333333,0.1538133333333333,0.1693066666666666
Greedy Monroe,0.1782933333333333,0.32252,0.27808,0.20652,0.0,0.1376666666666666,0.0275466666666666,0.0275466666666666,0.0275466666666666,0.0275466666666666,0.0,0.0275466666666666,0.0,0.2826133333333333,0.0,0.0275466666666666,0.2242933333333333,0.26956,0.19416,0.2421733333333333,0.13176,0.1747733333333333,0.17192,0.1073866666666666,0.18472,0.17736,0.1773866666666666,0.1777866666666666,0.20412,0.1774266666666666,0.1763066666666666,0.1838533333333333,0.1779066666666666,0.1834666666666666,0.1780933333333333,0.1774666666666666,0.17768,0.17752,0.1779066666666666,0.1778133333333333,0.17736,0.1781066666666666,0.1775466666666666,0.1777333333333333,0.1773733333333333,0.1773733333333333,0.1817466666666666,0.1817466666666666,0.1808266666666666,0.1808266666666666,0.1776,0.1693066666666666,0.1846133333333333,0.1705466666666666,0.1712666666666666,0.17612,0.17736,0.1536266666666666,0.17816,0.18244,0.17808,0.2092666666666666,0.204,0.1936533333333333,0.1537333333333333,0.1686933333333333
Minimax Approval Voting (MAV),0.27112,0.2862133333333333,0.27572,0.2791466666666666,0.2826133333333333,0.2718666666666666,0.27296,0.27296,0.27296,0.27296,0.2826133333333333,0.27296,0.2826133333333333,0.0,0.2826133333333333,0.27296,0.2771466666666666,0.3261066666666666,0.28284,0.2800133333333333,0.2811733333333333,0.2816933333333333,0.2799333333333333,0.2849866666666666,0.28116,0.2822666666666666,0.2819866666666666,0.2814266666666666,0.3033733333333333,0.2825733333333333,0.2825466666666666,0.2782666666666666,0.2841466666666666,0.2841466666666666,0.2816266666666667,0.28244,0.2841466666666666,0.2824666666666666,0.2841466666666666,0.2841466666666666,0.2824533333333333,0.2841466666666666,0.2824666666666666,0.2791333333333333,0.2821733333333333,0.28224,0.2841466666666666,0.2841466666666666,0.2774933333333333,0.2774933333333333,0.2820266666666666,0.2808133333333333,0.2783733333333333,0.2799466666666667,0.2806266666666667,0.2825066666666667,0.2821733333333333,0.27828,0.2809466666666667,0.2778933333333333,0.2824266666666666,0.28028,0.3035066666666666,0.2785466666666666,0.27764,0.2780666666666667
Method of Equal Shares (aka Rule X) with Phragmén phase,0.1782933333333333,0.32252,0.27808,0.20652,0.0,0.1376666666666666,0.0275466666666666,0.0275466666666666,0.0275466666666666,0.0275466666666666,0.0,0.0275466666666666,0.0,0.2826133333333333,0.0,0.0275466666666666,0.2242933333333333,0.26956,0.19416,0.2421733333333333,0.13176,0.1747733333333333,0.17192,0.1073866666666666,0.18472,0.17736,0.1773866666666666,0.1777866666666666,0.20412,0.1774266666666666,0.1763066666666666,0.1838533333333333,0.1779066666666666,0.1834666666666666,0.1780933333333333,0.1774666666666666,0.17768,0.17752,0.1779066666666666,0.1778133333333333,0.17736,0.1781066666666666,0.1775466666666666,0.1777333333333333,0.1773733333333333,0.1773733333333333,0.1817466666666666,0.1817466666666666,0.1808266666666666,0.1808266666666666,0.1776,0.1693066666666666,0.1846133333333333,0.1705466666666666,0.1712666666666666,0.17612,0.17736,0.1536266666666666,0.17816,0.18244,0.17808,0.2092666666666666,0.204,0.1936533333333333,0.1537333333333333,0.1686933333333333
E Pluribus Hugo (EPH),0.1773066666666666,0.3236533333333333,0.2779333333333333,0.2068933333333333,0.0275466666666666,0.13628,0.0,0.0,0.0,0.0,0.0275466666666666,0.0,0.0275466666666666,0.27296,0.0275466666666666,0.0,0.2249066666666666,0.27436,0.1953333333333333,0.24204,0.1328533333333333,0.1754266666666666,0.1724666666666666,0.11056,0.18544,0.1782266666666666,0.1782266666666666,0.17864,0.2097066666666666,0.1783333333333333,0.1772,0.1838933333333333,0.1792533333333333,0.1846133333333333,0.179,0.1784133333333333,0.1788266666666666,0.1784933333333333,0.1792533333333333,0.1792266666666666,0.17832,0.1795866666666666,0.1785333333333333,0.17772,0.17832,0.1783466666666666,0.1832133333333333,0.1832133333333333,0.1808933333333333,0.1808933333333333,0.1784,0.17044,0.18468,0.1711066666666666,0.1718933333333333,0.1769866666666666,0.1783066666666666,0.1570266666666666,0.1789333333333333,0.18252,0.1790133333333333,0.2096,0.2086133333333333,0.1937333333333333,0.1538133333333333,0.1693066666666666
Random Serial Dictator,0.2467866666666666,0.2994,0.2779066666666667,0.25428,0.2242933333333333,0.2364933333333333,0.2249066666666666,0.2249066666666666,0.2249066666666666,0.2249066666666666,0.2242933333333333,0.2249066666666666,0.2242933333333333,0.2771466666666666,0.2242933333333333,0.2249066666666666,0.0,0.27588,0.2512533333333333,0.2650933333333333,0.23512,0.2459333333333333,0.24476,0.2301333333333333,0.2474933333333333,0.2464933333333333,0.2465066666666666,0.2466133333333333,0.2554133333333333,0.24644,0.246,0.248,0.24688,0.2485333333333333,0.2466,0.2466533333333333,0.2466933333333333,0.2466933333333333,0.24688,0.24672,0.2465066666666666,0.2468533333333333,0.24668,0.24636,0.2465066666666666,0.2464666666666666,0.2478133333333333,0.2478133333333333,0.24712,0.24712,0.2466,0.2451066666666666,0.2485066666666666,0.24448,0.24456,0.2459866666666666,0.2465066666666666,0.2431733333333333,0.24664,0.2476266666666666,0.2466533333333333,0.2542,0.2537066666666667,0.2503066666666667,0.23932,0.24468
Anti-Plurality,0.2127066666666666,0.3237866666666666,0.2769066666666667,0.1876666666666666,0.26956,0.2351466666666666,0.27436,0.27436,0.27436,0.27436,0.26956,0.27436,0.26956,0.3261066666666666,0.26956,0.27436,0.27588,0.0,0.21,0.18456,0.2297733333333333,0.2027466666666666,0.2063466666666666,0.2398,0.2009866666666666,0.2007066666666666,0.2006666666666666,0.2011866666666666,0.19456,0.2005733333333333,0.2013466666666666,0.2014,0.1984666666666666,0.2039733333333333,0.2005333333333333,0.19984,0.1989866666666666,0.1998533333333333,0.1984533333333333,0.1978666666666666,0.2000533333333333,0.1977333333333333,0.1998666666666666,0.2047466666666666,0.2004533333333333,0.2004533333333333,0.20116,0.20116,0.2052,0.2052,0.2006533333333333,0.2051866666666666,0.2002266666666666,0.20712,0.2061733333333333,0.2014933333333333,0.20044,0.21268,0.20128,0.20292,0.19948,0.1966,0.1721733333333333,0.1987733333333333,0.21892,0.20836
Two-Approval,0.1045466666666666,0.3304666666666667,0.27616,0.1146133333333333,0.19416,0.13816,0.1953333333333333,0.1953333333333333,0.1953333333333333,0.1953333333333333,0.19416,0.1953333333333333,0.19416,0.28284,0.19416,0.1953333333333333,0.2512533333333333,0.21,0.0,0.1579733333333333,0.1404,0.10276,0.1039466666666666,0.1536666666666666,0.10756,0.1029733333333333,0.10276,0.1026666666666666,0.16316,0.10296,0.1030666666666666,0.1042133333333333,0.10332,0.112,0.10284,0.1029066666666666,0.1032933333333333,0.1029066666666666,0.10332,0.1033066666666666,0.10288,0.1038266666666666,0.1029466666666666,0.1035066666666666,0.1027066666666666,0.10288,0.1103466666666666,0.1103466666666666,0.1026133333333333,0.1026133333333333,0.1029333333333333,0.10364,0.1052666666666666,0.10416,0.10364,0.1030933333333333,0.1027066666666666,0.10616,0.10264,0.1035066666666666,0.1029866666666666,0.07512,0.0910533333333333,0.1009466666666666,0.1132,0.1039733333333333
Three-Approval,0.1084533333333333,0.3312666666666666,0.2768933333333333,0.07124,0.2421733333333333,0.1720666666666666,0.24204,0.24204,0.24204,0.24204,0.2421733333333333,0.24204,0.2421733333333333,0.2800133333333333,0.2421733333333333,0.24204,0.2650933333333333,0.18456,0.1579733333333333,0.0,0.1757466666666666,0.10896,0.1122133333333333,0.1953733333333333,0.1041733333333333,0.1067866666666666,0.1064666666666666,0.1059866666666666,0.1729333333333333,0.1069466666666666,0.1083466666666666,0.0979733333333333,0.10644,0.11576,0.1056,0.1063733333333333,0.1071333333333333,0.1064933333333333,0.1064266666666666,0.107,0.1066133333333333,0.1075333333333333,0.1064933333333333,0.1072533333333333,0.1062933333333333,0.1062933333333333,0.1142,0.1142,0.10224,0.10224,0.1066,0.1116266666666666,0.0961466666666666,0.1129066666666666,0.1124533333333333,0.1083866666666666,0.1062933333333333,0.1185466666666666,0.10564,0.09944,0.1054533333333333,0.0855466666666666,0.1568,0.0820133333333333,0.1406133333333333,0.1137066666666666
Instant Runoff,0.1078933333333333,0.3310933333333333,0.2777466666666666,0.1321466666666666,0.13176,0.0351866666666666,0.1328533333333333,0.1328533333333333,0.1328533333333333,0.1328533333333333,0.13176,0.1328533333333333,0.13176,0.2811733333333333,0.13176,0.1328533333333333,0.23512,0.2297733333333333,0.1404,0.1757466666666666,0.0,0.0948533333333333,0.0858,0.0661066666666666,0.1100533333333333,0.0985333333333333,0.0986933333333333,0.0996933333333333,0.15764,0.0985733333333333,0.0945466666666666,0.1059866666666666,0.09972,0.1109066666666666,0.0999333333333333,0.0990266666666666,0.0990933333333333,0.0990133333333333,0.09972,0.09972,0.09892,0.10028,0.09908,0.10344,0.09888,0.09884,0.1089333333333333,0.1089333333333333,0.1054666666666666,0.1054666666666666,0.0987733333333333,0.0988666666666666,0.1070533333333333,0.0823066666666666,0.08504,0.0941466666666666,0.09888,0.0992266666666666,0.0999866666666666,0.10516,0.0990933333333333,0.1436133333333333,0.153,0.1258666666666666,0.0762666666666666,0.09684
Bottom-Two-Runoff Instant Runoff,0.0274533333333333,0.3331466666666666,0.276,0.0570666666666666,0.1747733333333333,0.1004133333333333,0.1754266666666666,0.1754266666666666,0.1754266666666666,0.1754266666666666,0.1747733333333333,0.1754266666666666,0.1747733333333333,0.2816933333333333,0.1747733333333333,0.1754266666666666,0.2459333333333333,0.2027466666666666,0.10276,0.10896,0.0948533333333333,0.0,0.01092,0.1116266666666666,0.0247866666666666,0.0081066666666666,0.0082533333333333,0.0092266666666666,0.10788,0.00836,0.0085466666666666,0.0183066666666666,0.0110933333333333,0.0270266666666666,0.0100533333333333,0.0088266666666666,0.0097333333333333,0.0088,0.0110933333333333,0.0111733333333333,0.0085333333333333,0.01284,0.0088933333333333,0.018,0.0085466666666666,0.00848,0.02468,0.02468,0.0177333333333333,0.0177333333333333,0.0084133333333333,0.01268,0.0202133333333333,0.0125466666666666,0.0119866666666666,0.0087066666666666,0.0085333333333333,0.0211466666666666,0.0098533333333333,0.0173333333333333,0.0087466666666666,0.0746133333333333,0.1134266666666666,0.05668,0.0467466666666666,0.0171333333333333
Benham,0.0242133333333333,0.33308,0.27648,0.0606933333333333,0.17192,0.0941333333333333,0.1724666666666666,0.1724666666666666,0.1724666666666666,0.1724666666666666,0.17192,0.1724666666666666,0.17192,0.2799333333333333,0.17192,0.1724666666666666,0.24476,0.2063466666666666,0.1039466666666666,0.1122133333333333,0.0858,0.01092,0.0,0.1070933333333333,0.0300266666666666,0.0146666666666666,0.0148133333333333,0.01576,0.1114,0.0146666666666666,0.01092,0.02252,0.0161333333333333,0.0286533333333333,0.01592,0.01512,0.01556,0.01512,0.0161333333333333,0.0163066666666666,0.0149866666666666,0.0170933333333333,0.0151733333333333,0.0197066666666666,0.0151466666666666,0.01508,0.0266533333333333,0.0266533333333333,0.02184,0.02184,0.01476,0.0164,0.02384,0.0034933333333333,0.0051866666666666,0.01112,0.0151466666666666,0.0182933333333333,0.0160133333333333,0.0214266666666666,0.0153466666666666,0.0772533333333333,0.1164,0.0591466666666666,0.0412933333333333,0.0115466666666666
PluralityWRunoff PUT,0.1228533333333333,0.33012,0.2773466666666667,0.1516533333333333,0.1073866666666666,0.0826666666666666,0.11056,0.11056,0.11056,0.11056,0.1073866666666666,0.11056,0.1073866666666666,0.2849866666666666,0.1073866666666666,0.11056,0.2301333333333333,0.2398,0.1536666666666666,0.1953733333333333,0.0661066666666666,0.1116266666666666,0.1070933333333333,0.0,0.12488,0.11408,0.1142533333333333,0.11524,0.1623733333333333,0.1142,0.1122533333333333,0.1231866666666666,0.11508,0.1254,0.1155333333333333,0.1145066666666666,0.1143066666666666,0.11452,0.11508,0.1147866666666666,0.1144533333333333,0.1153066666666666,0.1145333333333333,0.1181866666666666,0.1144266666666666,0.1143333333333333,0.1234266666666666,0.1234266666666666,0.1210266666666666,0.1210266666666666,0.1143466666666666,0.1133866666666666,0.12428,0.1061333333333333,0.1067066666666666,0.11204,0.1144133333333333,0.1109866666666666,0.1157066666666666,0.12196,0.1149466666666666,0.16124,0.16484,0.1446266666666666,0.0905466666666666,0.1099466666666666
Coombs,0.03732,0.3330266666666667,0.2763733333333333,0.0572133333333333,0.18472,0.11092,0.18544,0.18544,0.18544,0.18544,0.18472,0.18544,0.18472,0.28116,0.18472,0.18544,0.2474933333333333,0.2009866666666666,0.10756,0.1041733333333333,0.1100533333333333,0.0247866666666666,0.0300266666666666,0.12488,0.0,0.0204533333333333,0.0200133333333333,0.01964,0.11452,0.0205733333333333,0.0248533333333333,0.02636,0.0218533333333333,0.0374933333333333,0.01996,0.0202666666666666,0.0216666666666666,0.0203866666666666,0.0218533333333333,0.02232,0.0202266666666666,0.0238666666666666,0.0205333333333333,0.0292666666666666,0.01992,0.0198933333333333,0.0353466666666666,0.0353466666666666,0.02584,0.02584,0.0201866666666666,0.0298,0.0276266666666666,0.0311066666666666,0.0304666666666666,0.0251866666666666,0.01992,0.0367733333333333,0.0195066666666666,0.02584,0.0201866666666666,0.0733866666666666,0.1152133333333333,0.0576,0.0615466666666666,0.03152
Baldwin,0.02856,0.3332666666666666,0.2758933333333333,0.0559866666666666,0.17736,0.1035066666666666,0.1782266666666666,0.1782266666666666,0.1782266666666666,0.1782266666666666,0.17736,0.1782266666666666,0.17736,0.2822666666666666,0.17736,0.1782266666666666,0.2464933333333333,0.2007066666666666,0.1029733333333333,0.1067866666666666,0.0985333333333333,0.0081066666666666,0.0146666666666666,0.11408,0.0204533333333333,0.0,0.0011733333333333,0.00408,0.1056933333333333,0.00108,0.0078,0.0163866666666666,0.0071733333333333,0.0261866666666666,0.0058,0.00336,0.0059866666666666,0.0034266666666666,0.0071733333333333,0.0076933333333333,0.0029733333333333,0.0101866666666666,0.0035733333333333,0.0167466666666666,0.0022133333333333,0.0019333333333333,0.0237333333333333,0.0237333333333333,0.01476,0.01476,0.0016666666666666,0.0139333333333333,0.0191333333333333,0.0162266666666666,0.01532,0.0080933333333333,0.0022,0.0237333333333333,0.00548,0.0152,0.00288,0.0727733333333333,0.11156,0.05528,0.0481733333333333,0.0182
Strict Nanson,0.02788,0.33328,0.27596,0.05552,0.1773866666666666,0.1031333333333333,0.1782266666666666,0.1782266666666666,0.1782266666666666,0.1782266666666666,0.1773866666666666,0.1782266666666666,0.1773866666666666,0.2819866666666666,0.1773866666666666,0.1782266666666666,0.2465066666666666,0.2006666666666666,0.10276,0.1064666666666666,0.0986933333333333,0.0082533333333333,0.0148133333333333,0.1142533333333333,0.0200133333333333,0.0011733333333333,0.0,0.00304,0.1060666666666666,0.0020933333333333,0.00804,0.0159066666666666,0.007,0.0263866666666666,0.0050666666666666,0.0026266666666666,0.00664,0.0028,0.007,0.00816,0.0021466666666666,0.0106266666666666,0.00296,0.01676,0.00132,0.00108,0.024,0.024,0.0137866666666666,0.0137866666666666,0.0013733333333333,0.0139733333333333,0.0186666666666666,0.0163866666666666,0.0154933333333333,0.0083466666666666,0.0013066666666666,0.02376,0.0045466666666666,0.0143866666666666,0.0023866666666666,0.07232,0.1115866666666666,0.0546133333333333,0.0481066666666666,0.0179466666666666
Weak Nanson,0.0263866666666666,0.3332533333333333,0.2761333333333333,0.0546933333333333,0.1777866666666666,0.10288,0.17864,0.17864,0.17864,0.17864,0.1777866666666666,0.17864,0.1777866666666666,0.2814266666666666,0.1777866666666666,0.17864,0.2466133333333333,0.2011866666666666,0.1026666666666666,0.1059866666666666,0.0996933333333333,0.0092266666666666,0.01576,0.11524,0.01964,0.00408,0.00304,0.0,0.10704,0.0049733333333333,0.0091466666666666,0.0149066666666666,0.0087333333333333,0.027,0.0035333333333333,0.0042666666666666,0.0084266666666666,0.0044133333333333,0.0087333333333333,0.0098933333333333,0.00404,0.0117066666666666,0.0045466666666666,0.0169466666666666,0.0029333333333333,0.00284,0.02472,0.02472,0.0120666666666666,0.0120666666666666,0.004,0.0146533333333333,0.01784,0.0173866666666666,0.0166,0.0093733333333333,0.00292,0.02416,0.0021066666666666,0.01232,0.00396,0.0714666666666666,0.1118933333333333,0.0537866666666666,0.0485066666666666,0.0173333333333333
Iterated Removal Condorcet Loser,0.12632,0.3028266666666667,0.27712,0.1399733333333333,0.20412,0.1684933333333333,0.2097066666666666,0.2097066666666666,0.2097066666666666,0.2097066666666666,0.20412,0.2097066666666666,0.20412,0.3033733333333333,0.20412,0.2097066666666666,0.2554133333333333,0.19456,0.16316,0.1729333333333333,0.15764,0.10788,0.1114,0.1623733333333333,0.11452,0.1056933333333333,0.1060666666666666,0.10704,0.0,0.1052533333333333,0.10564,0.1149733333333333,0.1012933333333333,0.1079333333333333,0.10588,0.1044266666666666,0.1016666666666666,0.1041333333333333,0.10128,0.0990666666666666,0.10452,0.0959333333333333,0.1038266666666666,0.1122533333333333,0.10576,0.10564,0.1056266666666666,0.1056266666666666,0.1159466666666666,0.1159466666666666,0.1059866666666666,0.10832,0.1152533333333333,0.11192,0.1103066666666666,0.1056666666666666,0.1057466666666666,0.11692,0.10752,0.1151066666666666,0.10528,0.1497466666666666,0.14788,0.1396533333333333,0.1317466666666666,0.1151333333333333
Raynaud,0.0292533333333333,0.3332133333333333,0.2759466666666667,0.05648,0.1774266666666666,0.1039866666666666,0.1783333333333333,0.1783333333333333,0.1783333333333333,0.1783333333333333,0.1774266666666666,0.1783333333333333,0.1774266666666666,0.2825733333333333,0.1774266666666666,0.1783333333333333,0.24644,0.2005733333333333,0.10296,0.1069466666666666,0.0985733333333333,0.00836,0.0146666666666666,0.1142,0.0205733333333333,0.00108,0.0020933333333333,0.0049733333333333,0.1052533333333333,0.0,0.0077733333333333,0.0168933333333333,0.0071733333333333,0.02588,0.0065466666666666,0.0040533333333333,0.0052266666666666,0.0040666666666666,0.0071733333333333,0.0072266666666666,0.0036133333333333,0.0097333333333333,0.0042266666666666,0.0165733333333333,0.0031066666666666,0.00284,0.0234,0.0234,0.0157866666666666,0.0157866666666666,0.0021333333333333,0.0140666666666666,0.0196266666666666,0.0162666666666666,0.01532,0.0080533333333333,0.0030933333333333,0.0238,0.0063466666666666,0.01608,0.0035066666666666,0.073,0.1114533333333333,0.0558266666666666,0.0485066666666666,0.01868
Tideman Alternative Top Cycle,0.0309866666666666,0.3330666666666667,0.2761066666666666,0.0578133333333333,0.1763066666666666,0.1016266666666666,0.1772,0.1772,0.1772,0.1772,0.1763066666666666,0.1772,0.1763066666666666,0.2825466666666666,0.1763066666666666,0.1772,0.246,0.2013466666666666,0.1030666666666666,0.1083466666666666,0.0945466666666666,0.0085466666666666,0.01092,0.1122533333333333,0.0248533333333333,0.0078,0.00804,0.0091466666666666,0.10564,0.0077733333333333,0.0,0.0194,0.0095466666666666,0.0262666666666666,0.00968,0.0085733333333333,0.0082533333333333,0.00852,0.0095466666666666,0.0093466666666666,0.0083466666666666,0.0101333333333333,0.0086133333333333,0.0192,0.0084533333333333,0.0084266666666666,0.0238666666666666,0.0238666666666666,0.0195866666666666,0.0195866666666666,0.0081066666666666,0.0123733333333333,0.02096,0.01224,0.0112933333333333,0.0005066666666666,0.0084533333333333,0.02268,0.0096133333333333,0.0189066666666666,0.00828,0.07432,0.1122666666666666,0.0571866666666666,0.04816,0.0180666666666666
Knockout Voting,0.01848,0.3332266666666666,0.2759733333333333,0.0404,0.1838533333333333,0.1015333333333333,0.1838933333333333,0.1838933333333333,0.1838933333333333,0.1838933333333333,0.1838533333333333,0.1838933333333333,0.1838533333333333,0.2782666666666666,0.1838533333333333,0.1838933333333333,0.248,0.2014,0.1042133333333333,0.0979733333333333,0.1059866666666666,0.0183066666666666,0.02252,0.1231866666666666,0.02636,0.0163866666666666,0.0159066666666666,0.0149066666666666,0.1149733333333333,0.0168933333333333,0.0194,0.0,0.0192933333333333,0.0305066666666666,0.0152666666666666,0.01632,0.01884,0.0164533333333333,0.0192933333333333,0.01996,0.0162133333333333,0.0212133333333333,0.0165866666666666,0.0184666666666666,0.0158266666666666,0.0158,0.0289333333333333,0.0289333333333333,0.01076,0.01076,0.0162533333333333,0.0225866666666666,0.0035466666666666,0.02368,0.0234133333333333,0.01964,0.0158266666666666,0.0302266666666666,0.0145466666666666,0.0041733333333333,0.0143333333333333,0.0678,0.1168666666666666,0.0474266666666666,0.05528,0.0246266666666666
Banks,0.0329066666666666,0.3329066666666667,0.2762533333333333,0.0568533333333333,0.1779066666666666,0.10472,0.1792533333333333,0.1792533333333333,0.1792533333333333,0.1792533333333333,0.1779066666666666,0.1792533333333333,0.1779066666666666,0.2841466666666666,0.1779066666666666,0.1792533333333333,0.24688,0.1984666666666666,0.10332,0.10644,0.09972,0.0110933333333333,0.0161333333333333,0.11508,0.0218533333333333,0.0071733333333333,0.007,0.0087333333333333,0.1012933333333333,0.0071733333333333,0.0095466666666666,0.0192933333333333,0.0,0.02348,0.0077333333333333,0.0052933333333333,0.0056533333333333,0.0048933333333333,1.3333333333333332e-05,0.0026,0.00516,0.0056533333333333,0.005,0.01736,0.0067733333333333,0.0064933333333333,0.0204,0.0204,0.0197333333333333,0.0197333333333333,0.0068933333333333,0.0153466666666666,0.02,0.0174133333333333,0.01616,0.0097066666666666,0.00676,0.02428,0.00968,0.0188666666666666,0.00732,0.0726133333333333,0.1086133333333333,0.05608,0.0502266666666666,0.01872
Condorcet,0.0356666666666666,0.3245733333333333,0.2766,0.0672933333333333,0.1834666666666666,0.1109733333333333,0.1846133333333333,0.1846133333333333,0.1846133333333333,0.1846133333333333,0.1834666666666666,0.1846133333333333,0.1834666666666666,0.2841466666666666,0.1834666666666666,0.1846133333333333,0.2485333333333333,0.2039733333333333,0.112,0.11576,0.1109066666666666,0.0270266666666666,0.0286533333333333,0.1254,0.0374933333333333,0.0261866666666666,0.0263866666666666,0.027,0.1079333333333333,0.02588,0.0262666666666666,0.0305066666666666,0.02348,0.0,0.02644,0.0254533333333333,0.0237466666666666,0.0252533333333333,0.0234666666666666,0.02216,0.02556,0.0199466666666666,0.0249866666666666,0.0286933333333333,0.0262133333333333,0.0261333333333333,0.0068133333333333,0.0068133333333333,0.0309466666666666,0.0309466666666666,0.0263466666666666,0.028,0.03044,0.0286,0.02764,0.0262933333333333,0.0262133333333333,0.02984,0.0273333333333333,0.0305333333333333,0.02592,0.0823466666666666,0.1189333333333333,0.0664,0.0597466666666666,0.0304266666666666
Copeland,0.02608,0.33324,0.27608,0.0547733333333333,0.1780933333333333,0.1025466666666666,0.179,0.179,0.179,0.179,0.1780933333333333,0.179,0.1780933333333333,0.2816266666666667,0.1780933333333333,0.179,0.2466,0.2005333333333333,0.10284,0.1056,0.0999333333333333,0.0100533333333333,0.01592,0.1155333333333333,0.01996,0.0058,0.0050666666666666,0.0035333333333333,0.10588,0.0065466666666666,0.00968,0.0152666666666666,0.0077333333333333,0.02644,0.0,0.0029066666666666,0.0077333333333333,0.0032933333333333,0.0077333333333333,0.0090666666666666,0.0035866666666666,0.0105066666666666,0.0034266666666666,0.01524,0.0043066666666666,0.00448,0.0241466666666666,0.0241466666666666,0.0125066666666666,0.0125066666666666,0.00476,0.0154666666666666,0.01792,0.0176266666666666,0.0167866666666666,0.00988,0.0042933333333333,0.0244666666666666,0.00224,0.01144,0.0054533333333333,0.07108,0.1112533333333333,0.0540133333333333,0.0486933333333333,0.0163733333333333
Llull,0.0281866666666666,0.3332266666666666,0.276,0.0557333333333333,0.1774666666666666,0.1031866666666666,0.1784133333333333,0.1784133333333333,0.1784133333333333,0.1784133333333333,0.1774666666666666,0.1784133333333333,0.1774666666666666,0.28244,0.1774666666666666,0.1784133333333333,0.2466533333333333,0.19984,0.1029066666666666,0.1063733333333333,0.0990266666666666,0.0088266666666666,0.01512,0.1145066666666666,0.0202666666666666,0.00336,0.0026266666666666,0.0042666666666666,0.1044266666666666,0.0040533333333333,0.0085733333333333,0.01632,0.0052933333333333,0.0254533333333333,0.0029066666666666,0.0,0.0049733333333333,0.0004133333333333,0.0052933333333333,0.0064666666666666,0.00096,0.0089333333333333,0.00064,0.01484,0.0018133333333333,0.0020133333333333,0.0229066666666666,0.0229066666666666,0.0148533333333333,0.0148533333333333,0.0022266666666666,0.0145866666666666,0.01888,0.01672,0.01576,0.0088133333333333,0.0018,0.02384,0.00476,0.0140933333333333,0.0031466666666666,0.0721733333333333,0.1106,0.0549333333333333,0.04828,0.01772
Uncovered Set,0.03272,0.333,0.2759866666666666,0.0573733333333333,0.17768,0.10572,0.1788266666666666,0.1788266666666666,0.1788266666666666,0.1788266666666666,0.17768,0.1788266666666666,0.17768,0.2841466666666666,0.17768,0.1788266666666666,0.2466933333333333,0.1989866666666666,0.1032933333333333,0.1071333333333333,0.0990933333333333,0.0097333333333333,0.01556,0.1143066666666666,0.0216666666666666,0.0059866666666666,0.00664,0.0084266666666666,0.1016666666666666,0.0052266666666666,0.0082533333333333,0.01884,0.0056533333333333,0.0237466666666666,0.0077333333333333,0.0049733333333333,0.0,0.00456,0.0056533333333333,0.00308,0.0048933333333333,0.0059733333333333,0.0049066666666666,0.0144133333333333,0.0064933333333333,0.0061866666666666,0.0208,0.0208,0.0195466666666666,0.0195466666666666,0.0067066666666666,0.01508,0.02052,0.0167866666666666,0.01524,0.00848,0.00648,0.0240533333333333,0.0095066666666666,0.0187733333333333,0.0060933333333333,0.07332,0.1096,0.0568,0.05,0.0204133333333333
Uncovered Set - Fishburn,0.0282133333333333,0.3331866666666667,0.2759866666666666,0.05588,0.17752,0.1032133333333333,0.1784933333333333,0.1784933333333333,0.1784933333333333,0.1784933333333333,0.17752,0.1784933333333333,0.17752,0.2824666666666666,0.17752,0.1784933333333333,0.2466933333333333,0.1998533333333333,0.1029066666666666,0.1064933333333333,0.0990133333333333,0.0088,0.01512,0.11452,0.0203866666666666,0.0034266666666666,0.0028,0.0044133333333333,0.1041333333333333,0.0040666666666666,0.00852,0.0164533333333333,0.0048933333333333,0.0252533333333333,0.0032933333333333,0.0004133333333333,0.00456,0.0,0.0048933333333333,0.0060666666666666,0.0010533333333333,0.00864,0.0003466666666666,0.0144533333333333,0.0019333333333333,0.0021066666666666,0.0226,0.0226,0.0150533333333333,0.0150533333333333,0.0021466666666666,0.0146666666666666,0.0190266666666666,0.0167066666666666,0.0157466666666666,0.0087733333333333,0.00192,0.0238933333333333,0.00496,0.0143066666666666,0.0032933333333333,0.07224,0.11048,0.05516,0.0485066666666666,0.0179333333333333
