Unnamed: 0,Min Violations Committee,Max Violations Committee,Random Choice,Borda ranking,Plurality ranking,STV,Approval Voting (AV),Proportional Approval Voting (PAV),Approval Chamberlin-Courant (CC),Lexicographic Chamberlin-Courant (lex-CC),Sequential Approval Chamberlin-Courant (seq-CC),Monroe's Approval Rule (Monroe),Greedy Monroe,Minimax Approval Voting (MAV),Method of Equal Shares (aka Rule X) with Phragmén phase,E Pluribus Hugo (EPH),Random Serial Dictator,Anti-Plurality,Two-Approval,Three-Approval,Instant Runoff,Bottom-Two-Runoff Instant Runoff,Benham,PluralityWRunoff PUT,Coombs,Baldwin,Strict Nanson,Weak Nanson,Iterated Removal Condorcet Loser,Raynaud,Tideman Alternative Top Cycle,Knockout Voting,Banks,Condorcet,Copeland,Llull,Uncovered Set,Uncovered Set - Fishburn,Uncovered Set - Bordes,Uncovered Set - McKelvey,Slater,Top Cycle,GOCHA,Bipartisan Set,Minimax,Split Cycle,Ranked Pairs ZT,Ranked Pairs TB,Simple Stable Voting,Stable Voting,Loss-Trimmer Voting,Daunou,Blacks,Condorcet IRV,Condorcet IRV PUT,Smith IRV,Smith-Minimax,Condorcet Plurality,Copeland-Local-Borda,Copeland-Global-Borda,Borda-Minimax Faceoff,Bucklin,Simplified Bucklin,Weighted Bucklin,Bracket Voting,Superior Voting
Min Violations Committee,0.0,0.2857142857142857,0.2445387898769763,0.076671218865531,0.0667973281068757,0.0487751918494688,0.0646831269606358,0.0646831269606358,0.0646831269606358,0.0646831269606358,0.0667973281068757,0.0646831269606358,0.0667973281068757,0.2088145045626746,0.0667973281068757,0.0646831269606358,0.1370116623906472,0.2314650271132012,0.1371487997622952,0.1696046443856531,0.0529578816847326,0.0390041541195495,0.0414726268092133,0.0558263383750364,0.045678172873085,0.0389127292051175,0.0379870519464935,0.0371299433736936,0.1158582228139445,0.0413469175518693,0.0423640197249252,0.0361814098864616,0.0544092522013405,0.0601004531247321,0.0392670007485414,0.0404440965218534,0.0532435845423325,0.0421011730959333,0.0544663927728605,0.0563863159759323,0.0403069591502054,0.0591290634088922,0.0421011730959333,0.0448439205288931,0.0359871319432937,0.0387070231476455,0.0597004691240921,0.0597004691240921,0.0326272663379179,0.0326272663379179,0.0364328284011496,0.0428897129829092,0.0411640677230053,0.0427525756112612,0.0439182432702691,0.0435639717268452,0.0359299913717737,0.0430268503545572,0.0343529115978218,0.0339529275971818,0.0372670807453416,0.0699172033118675,0.0788311324689869,0.0568205843194843,0.0408097961795813,0.0388670167479015
Max Violations Committee,0.2857142857142857,0.0,0.2456016045072482,0.2832343849103179,0.2816458770220619,0.2844000525693258,0.2825486980520779,0.2825486980520779,0.2825486980520779,0.2825486980520779,0.2816458770220619,0.2825486980520779,0.2816458770220619,0.2562183226956636,0.2816458770220619,0.2825486980520779,0.2715548520916306,0.2725948104932945,0.28041164067723,0.2796231007902541,0.2839772123400778,0.2843200557691978,0.2841714902832458,0.2829143977098059,0.2830972475386699,0.2843200557691978,0.2842857714262858,0.2844229087979338,0.248790048398064,0.2839200717685578,0.2839543561114698,0.2839086436542538,0.2790402669607501,0.2622980795053912,0.2830743913100619,0.2827315478809419,0.280217362734062,0.281451599078894,0.2789031295891021,0.2779888804447822,0.2829143977098059,0.2697377819172947,0.2766860754141262,0.281200180564206,0.2841372059403338,0.2838972155399498,0.2694977915169108,0.2694977915169108,0.2842514870833738,0.2842514870833738,0.2841372059403338,0.2836000845680458,0.2837943625112138,0.2843314838835018,0.2839314998828618,0.2842971995405898,0.2841600621689418,0.2833715222819659,0.2836457970252618,0.2839772123400778,0.2839543561114698,0.281051615078254,0.2782745833023822,0.2827201197666379,0.2836115126823498,0.2841372059403338
Random Choice,0.2445387898769763,0.2456016045072482,0.0,0.2441616621049443,0.2442530870193763,0.2446416429057123,0.2442188026764643,0.2442188026764643,0.2442188026764643,0.2442188026764643,0.2442530870193763,0.2442188026764643,0.2442530870193763,0.2444359368482403,0.2442530870193763,0.2442188026764643,0.2451444799350883,0.2444245087339363,0.2446073585628003,0.2448587770774883,0.2448587770774883,0.2447216397058403,0.2446987834772323,0.2444587930768483,0.2445616461055843,0.2446759272486243,0.2444816493054563,0.2442873713622883,0.2442645151336803,0.2446987834772323,0.2446987834772323,0.2444816493054563,0.2446073585628003,0.2443445119338083,0.2448473489631843,0.2448359208488803,0.2442188026764643,0.2446187866771043,0.2445845023341923,0.2443445119338083,0.2447102115915363,0.2445616461055843,0.2447787802773603,0.2442073745621603,0.2444130806196323,0.2444016525053283,0.2443102275908963,0.2443102275908963,0.2445959304484963,0.2445959304484963,0.2447102115915363,0.2442873713622883,0.2443330838195043,0.2445845023341923,0.2446644991343203,0.2446987834772323,0.2444359368482403,0.2442302307907683,0.2447559240487523,0.2448244927345763,0.2443673681624163,0.2446187866771043,0.2446530710200163,0.2446530710200163,0.2442645151336803,0.2442530870193763
Borda ranking,0.076671218865531,0.2832343849103179,0.2441616621049443,0.0,0.0951733359237059,0.0848080362499785,0.0948762049518019,0.0948762049518019,0.0948762049518019,0.0948762049518019,0.0951733359237059,0.0948762049518019,0.0951733359237059,0.2325049855148651,0.0951733359237059,0.0948762049518019,0.1468626969206946,0.218014136577394,0.108738507602553,0.1270577748318638,0.0845680458495945,0.0724999571445713,0.0760083882358991,0.0873907900826824,0.0700314844549075,0.0732313564600273,0.0705571777128914,0.0682715548520916,0.1350345986160553,0.0752084202346191,0.0757112572639951,0.0516779328826846,0.077939739553275,0.0895278474575302,0.0632774689012439,0.0664544846777557,0.0794482506414029,0.0733456376030673,0.078008308239099,0.0799510876707788,0.0710257303993554,0.0857794259658185,0.0758255384070351,0.0762026661790671,0.0649574017039318,0.0662830629631957,0.0877679178547143,0.0877679178547143,0.0607632837543641,0.0607632837543641,0.0732199283457233,0.0760769569217231,0.0358385664573417,0.0762255224076751,0.076842640580091,0.0762026661790671,0.0648202643322838,0.076968349837435,0.061974663870588,0.0506379744810207,0.0589233573514202,0.0698372065117395,0.0820538607027147,0.0545806739159005,0.0755626917780431,0.0717799859434194
Plurality ranking,0.0667973281068757,0.2816458770220619,0.2442530870193763,0.0951733359237059,0.0,0.0493008851074528,0.0117709577331192,0.0117709577331192,0.0117709577331192,0.0117709577331192,0.0,0.0117709577331192,0.0,0.2358534230059369,0.0,0.0117709577331192,0.1280634488906158,0.2359448479203689,0.1479712240081825,0.1886667390447239,0.0472209683041249,0.0503294153948127,0.0551292234024924,0.0420897449816293,0.062614638271612,0.0586490826081242,0.0560891850040284,0.0559863319752924,0.1109098493203129,0.0604318684395481,0.0569348654625243,0.0607175712971481,0.0668544686783957,0.0762026661790671,0.062614638271612,0.06132326135526,0.0666259063923157,0.062283222956796,0.0669230373642197,0.0683058391950036,0.0595633317524441,0.0728770849166033,0.0645002771317718,0.0651973921043158,0.0552892170027484,0.0551406515167964,0.0741227493757392,0.0741227493757392,0.0561120412326364,0.0561120412326364,0.0595519036381401,0.029907375133566,0.0655173793048278,0.0523750478552286,0.0537807059146205,0.0538035621432285,0.0553806419171804,0.0243875959247344,0.0602261623820761,0.06252321335718,0.0569691498054363,0.0917791859754181,0.092704863234042,0.0735741998891472,0.0494151662504928,0.0540092682007005
STV,0.0487751918494688,0.2844000525693258,0.2446416429057123,0.0848080362499785,0.0493008851074528,0.0,0.0486951950493408,0.0486951950493408,0.0486951950493408,0.0486951950493408,0.0493008851074528,0.0486951950493408,0.0493008851074528,0.2314878833418092,0.0493008851074528,0.0486951950493408,0.1308519087807916,0.2300250847108972,0.1417886141697189,0.1765757941110927,0.0168793248270069,0.0351414514847977,0.0293016850754541,0.030764483706366,0.0550149422594524,0.0412897769803493,0.0416783328666853,0.0415411954950373,0.1130583348094647,0.0428325724113892,0.0325815538807019,0.045632460415869,0.0554606387173084,0.0652545326758358,0.046740987503357,0.046478140874365,0.0561006131183324,0.0479295113909729,0.0554606387173084,0.0574491306062043,0.045838166473341,0.0629460535864279,0.0515979360825566,0.0512093801962207,0.0422725948104932,0.0423754478392292,0.0635060311873239,0.0635060311873239,0.0411983520659173,0.0411983520659173,0.0395641317204454,0.0391870039484134,0.0515865079682527,0.0243761678104304,0.0261132411846383,0.0273246213008622,0.0421925980103653,0.0393127132057574,0.0450381984720611,0.046820984303485,0.0422497385818853,0.0792996851554509,0.0830938191043786,0.0646488426177238,0.0371185152593896,0.0347986080556777
Approval Voting (AV),0.0646831269606358,0.2825486980520779,0.2442188026764643,0.0948762049518019,0.0117709577331192,0.0486951950493408,0.0,0.0,0.0,0.0,0.0117709577331192,0.0,0.0117709577331192,0.2325392698577771,0.0117709577331192,0.0,0.1273091933465518,0.2368819532932968,0.1482683549800865,0.1887238796162439,0.0485694857919968,0.0507179712811487,0.0560320444325084,0.0441125212134371,0.062260366728188,0.0593347694663642,0.0566834469478363,0.0564320284331483,0.1154010982417846,0.061220408326524,0.0579748238641882,0.0603290154108121,0.0694029381681875,0.0785568577256909,0.0630831909580759,0.062031804442108,0.0692429445679315,0.0638260183878359,0.0694715068540115,0.0708428805704914,0.0599861719816921,0.0754712668636111,0.0660545006771157,0.0673115932505556,0.0558949070608604,0.0561234693469404,0.077014062294651,0.077014062294651,0.0563634597473243,0.0563634597473243,0.0593461975806682,0.0343643397121258,0.0656088042192598,0.0532435845423325,0.0550835109452764,0.0547063831732445,0.0559863319752924,0.030455924620158,0.0595404755238361,0.062511785242876,0.0572777088916443,0.0914706268892101,0.0943505116938179,0.0741113212614352,0.0492780288788448,0.0544778208871645
Proportional Approval Voting (PAV),0.0646831269606358,0.2825486980520779,0.2442188026764643,0.0948762049518019,0.0117709577331192,0.0486951950493408,0.0,0.0,0.0,0.0,0.0117709577331192,0.0,0.0117709577331192,0.2325392698577771,0.0117709577331192,0.0,0.1273091933465518,0.2368819532932968,0.1482683549800865,0.1887238796162439,0.0485694857919968,0.0507179712811487,0.0560320444325084,0.0441125212134371,0.062260366728188,0.0593347694663642,0.0566834469478363,0.0564320284331483,0.1154010982417846,0.061220408326524,0.0579748238641882,0.0603290154108121,0.0694029381681875,0.0785568577256909,0.0630831909580759,0.062031804442108,0.0692429445679315,0.0638260183878359,0.0694715068540115,0.0708428805704914,0.0599861719816921,0.0754712668636111,0.0660545006771157,0.0673115932505556,0.0558949070608604,0.0561234693469404,0.077014062294651,0.077014062294651,0.0563634597473243,0.0563634597473243,0.0593461975806682,0.0343643397121258,0.0656088042192598,0.0532435845423325,0.0550835109452764,0.0547063831732445,0.0559863319752924,0.030455924620158,0.0595404755238361,0.062511785242876,0.0572777088916443,0.0914706268892101,0.0943505116938179,0.0741113212614352,0.0492780288788448,0.0544778208871645
Approval Chamberlin-Courant (CC),0.0646831269606358,0.2825486980520779,0.2442188026764643,0.0948762049518019,0.0117709577331192,0.0486951950493408,0.0,0.0,0.0,0.0,0.0117709577331192,0.0,0.0117709577331192,0.2325392698577771,0.0117709577331192,0.0,0.1273091933465518,0.2368819532932968,0.1482683549800865,0.1887238796162439,0.0485694857919968,0.0507179712811487,0.0560320444325084,0.0441125212134371,0.062260366728188,0.0593347694663642,0.0566834469478363,0.0564320284331483,0.1154010982417846,0.061220408326524,0.0579748238641882,0.0603290154108121,0.0694029381681875,0.0785568577256909,0.0630831909580759,0.062031804442108,0.0692429445679315,0.0638260183878359,0.0694715068540115,0.0708428805704914,0.0599861719816921,0.0754712668636111,0.0660545006771157,0.0673115932505556,0.0558949070608604,0.0561234693469404,0.077014062294651,0.077014062294651,0.0563634597473243,0.0563634597473243,0.0593461975806682,0.0343643397121258,0.0656088042192598,0.0532435845423325,0.0550835109452764,0.0547063831732445,0.0559863319752924,0.030455924620158,0.0595404755238361,0.062511785242876,0.0572777088916443,0.0914706268892101,0.0943505116938179,0.0741113212614352,0.0492780288788448,0.0544778208871645
Lexicographic Chamberlin-Courant (lex-CC),0.0646831269606358,0.2825486980520779,0.2442188026764643,0.0948762049518019,0.0117709577331192,0.0486951950493408,0.0,0.0,0.0,0.0,0.0117709577331192,0.0,0.0117709577331192,0.2325392698577771,0.0117709577331192,0.0,0.1273091933465518,0.2368819532932968,0.1482683549800865,0.1887238796162439,0.0485694857919968,0.0507179712811487,0.0560320444325084,0.0441125212134371,0.062260366728188,0.0593347694663642,0.0566834469478363,0.0564320284331483,0.1154010982417846,0.061220408326524,0.0579748238641882,0.0603290154108121,0.0694029381681875,0.0785568577256909,0.0630831909580759,0.062031804442108,0.0692429445679315,0.0638260183878359,0.0694715068540115,0.0708428805704914,0.0599861719816921,0.0754712668636111,0.0660545006771157,0.0673115932505556,0.0558949070608604,0.0561234693469404,0.077014062294651,0.077014062294651,0.0563634597473243,0.0563634597473243,0.0593461975806682,0.0343643397121258,0.0656088042192598,0.0532435845423325,0.0550835109452764,0.0547063831732445,0.0559863319752924,0.030455924620158,0.0595404755238361,0.062511785242876,0.0572777088916443,0.0914706268892101,0.0943505116938179,0.0741113212614352,0.0492780288788448,0.0544778208871645
Sequential Approval Chamberlin-Courant (seq-CC),0.0667973281068757,0.2816458770220619,0.2442530870193763,0.0951733359237059,0.0,0.0493008851074528,0.0117709577331192,0.0117709577331192,0.0117709577331192,0.0117709577331192,0.0,0.0117709577331192,0.0,0.2358534230059369,0.0,0.0117709577331192,0.1280634488906158,0.2359448479203689,0.1479712240081825,0.1886667390447239,0.0472209683041249,0.0503294153948127,0.0551292234024924,0.0420897449816293,0.062614638271612,0.0586490826081242,0.0560891850040284,0.0559863319752924,0.1109098493203129,0.0604318684395481,0.0569348654625243,0.0607175712971481,0.0668544686783957,0.0762026661790671,0.062614638271612,0.06132326135526,0.0666259063923157,0.062283222956796,0.0669230373642197,0.0683058391950036,0.0595633317524441,0.0728770849166033,0.0645002771317718,0.0651973921043158,0.0552892170027484,0.0551406515167964,0.0741227493757392,0.0741227493757392,0.0561120412326364,0.0561120412326364,0.0595519036381401,0.029907375133566,0.0655173793048278,0.0523750478552286,0.0537807059146205,0.0538035621432285,0.0553806419171804,0.0243875959247344,0.0602261623820761,0.06252321335718,0.0569691498054363,0.0917791859754181,0.092704863234042,0.0735741998891472,0.0494151662504928,0.0540092682007005
Monroe's Approval Rule (Monroe),0.0646831269606358,0.2825486980520779,0.2442188026764643,0.0948762049518019,0.0117709577331192,0.0486951950493408,0.0,0.0,0.0,0.0,0.0117709577331192,0.0,0.0117709577331192,0.2325392698577771,0.0117709577331192,0.0,0.1273091933465518,0.2368819532932968,0.1482683549800865,0.1887238796162439,0.0485694857919968,0.0507179712811487,0.0560320444325084,0.0441125212134371,0.062260366728188,0.0593347694663642,0.0566834469478363,0.0564320284331483,0.1154010982417846,0.061220408326524,0.0579748238641882,0.0603290154108121,0.0694029381681875,0.0785568577256909,0.0630831909580759,0.062031804442108,0.0692429445679315,0.0638260183878359,0.0694715068540115,0.0708428805704914,0.0599861719816921,0.0754712668636111,0.0660545006771157,0.0673115932505556,0.0558949070608604,0.0561234693469404,0.077014062294651,0.077014062294651,0.0563634597473243,0.0563634597473243,0.0593461975806682,0.0343643397121258,0.0656088042192598,0.0532435845423325,0.0550835109452764,0.0547063831732445,0.0559863319752924,0.030455924620158,0.0595404755238361,0.062511785242876,0.0572777088916443,0.0914706268892101,0.0943505116938179,0.0741113212614352,0.0492780288788448,0.0544778208871645
Greedy Monroe,0.0667973281068757,0.2816458770220619,0.2442530870193763,0.0951733359237059,0.0,0.0493008851074528,0.0117709577331192,0.0117709577331192,0.0117709577331192,0.0117709577331192,0.0,0.0117709577331192,0.0,0.2358534230059369,0.0,0.0117709577331192,0.1280634488906158,0.2359448479203689,0.1479712240081825,0.1886667390447239,0.0472209683041249,0.0503294153948127,0.0551292234024924,0.0420897449816293,0.062614638271612,0.0586490826081242,0.0560891850040284,0.0559863319752924,0.1109098493203129,0.0604318684395481,0.0569348654625243,0.0607175712971481,0.0668544686783957,0.0762026661790671,0.062614638271612,0.06132326135526,0.0666259063923157,0.062283222956796,0.0669230373642197,0.0683058391950036,0.0595633317524441,0.0728770849166033,0.0645002771317718,0.0651973921043158,0.0552892170027484,0.0551406515167964,0.0741227493757392,0.0741227493757392,0.0561120412326364,0.0561120412326364,0.0595519036381401,0.029907375133566,0.0655173793048278,0.0523750478552286,0.0537807059146205,0.0538035621432285,0.0553806419171804,0.0243875959247344,0.0602261623820761,0.06252321335718,0.0569691498054363,0.0917791859754181,0.092704863234042,0.0735741998891472,0.0494151662504928,0.0540092682007005
Minimax Approval Voting (MAV),0.2088145045626746,0.2562183226956636,0.2444359368482403,0.2325049855148651,0.2358534230059369,0.2314878833418092,0.2325392698577771,0.2325392698577771,0.2325392698577771,0.2325392698577771,0.2358534230059369,0.2325392698577771,0.2358534230059369,0.0,0.2358534230059369,0.2325392698577771,0.2353277297479529,0.2713262898055506,0.2442873713622883,0.2459215917077602,0.2359791322632809,0.2346534710040169,0.2353277297479529,0.2363676881496168,0.233133531801585,0.2347563240327529,0.2345849023181929,0.234242058889073,0.2533270097767517,0.2361619820921449,0.2360248447204969,0.2328592570582891,0.2427674321598564,0.2427674321598564,0.2366419628929128,0.2376704931802727,0.2427674321598564,0.2390190106681447,0.2427674321598564,0.2427674321598564,0.2365391098641768,0.2427674321598564,0.2390190106681447,0.2397389818692966,0.234264915117681,0.2356477169484649,0.2427674321598564,0.2427674321598564,0.2322878513430891,0.2322878513430891,0.2345849023181929,0.234127777746033,0.2326306947722091,0.2357505699772009,0.2371447999222888,0.2364019724925288,0.234207774546161,0.234230630774769,0.2329735382013291,0.2320250047140971,0.2348134646042729,0.233727793745393,0.2418988954727525,0.2325735542006891,0.233202100487409,0.233807790545521
Method of Equal Shares (aka Rule X) with Phragmén phase,0.0667973281068757,0.2816458770220619,0.2442530870193763,0.0951733359237059,0.0,0.0493008851074528,0.0117709577331192,0.0117709577331192,0.0117709577331192,0.0117709577331192,0.0,0.0117709577331192,0.0,0.2358534230059369,0.0,0.0117709577331192,0.1280634488906158,0.2359448479203689,0.1479712240081825,0.1886667390447239,0.0472209683041249,0.0503294153948127,0.0551292234024924,0.0420897449816293,0.062614638271612,0.0586490826081242,0.0560891850040284,0.0559863319752924,0.1109098493203129,0.0604318684395481,0.0569348654625243,0.0607175712971481,0.0668544686783957,0.0762026661790671,0.062614638271612,0.06132326135526,0.0666259063923157,0.062283222956796,0.0669230373642197,0.0683058391950036,0.0595633317524441,0.0728770849166033,0.0645002771317718,0.0651973921043158,0.0552892170027484,0.0551406515167964,0.0741227493757392,0.0741227493757392,0.0561120412326364,0.0561120412326364,0.0595519036381401,0.029907375133566,0.0655173793048278,0.0523750478552286,0.0537807059146205,0.0538035621432285,0.0553806419171804,0.0243875959247344,0.0602261623820761,0.06252321335718,0.0569691498054363,0.0917791859754181,0.092704863234042,0.0735741998891472,0.0494151662504928,0.0540092682007005
E Pluribus Hugo (EPH),0.0646831269606358,0.2825486980520779,0.2442188026764643,0.0948762049518019,0.0117709577331192,0.0486951950493408,0.0,0.0,0.0,0.0,0.0117709577331192,0.0,0.0117709577331192,0.2325392698577771,0.0117709577331192,0.0,0.1273091933465518,0.2368819532932968,0.1482683549800865,0.1887238796162439,0.0485694857919968,0.0507179712811487,0.0560320444325084,0.0441125212134371,0.062260366728188,0.0593347694663642,0.0566834469478363,0.0564320284331483,0.1154010982417846,0.061220408326524,0.0579748238641882,0.0603290154108121,0.0694029381681875,0.0785568577256909,0.0630831909580759,0.062031804442108,0.0692429445679315,0.0638260183878359,0.0694715068540115,0.0708428805704914,0.0599861719816921,0.0754712668636111,0.0660545006771157,0.0673115932505556,0.0558949070608604,0.0561234693469404,0.077014062294651,0.077014062294651,0.0563634597473243,0.0563634597473243,0.0593461975806682,0.0343643397121258,0.0656088042192598,0.0532435845423325,0.0550835109452764,0.0547063831732445,0.0559863319752924,0.030455924620158,0.0595404755238361,0.062511785242876,0.0572777088916443,0.0914706268892101,0.0943505116938179,0.0741113212614352,0.0492780288788448,0.0544778208871645
Random Serial Dictator,0.1370116623906472,0.2715548520916306,0.2451444799350883,0.1468626969206946,0.1280634488906158,0.1308519087807916,0.1273091933465518,0.1273091933465518,0.1273091933465518,0.1273091933465518,0.1280634488906158,0.1273091933465518,0.1280634488906158,0.2353277297479529,0.1280634488906158,0.1273091933465518,0.0,0.2407903683852646,0.1863125474981,0.2082430988474746,0.1320518607827115,0.1334460907277994,0.1344060523293354,0.1313433176958636,0.1378002022776231,0.1360517007891113,0.1364745410183592,0.1359488477603753,0.1566108784220059,0.1367945282188712,0.1353774420451753,0.1365431097041832,0.1383258955356071,0.1428285725713828,0.1363945442182312,0.1363602598753192,0.1388973012508071,0.1367716719902632,0.1383258955356071,0.139194432222711,0.1367031033044392,0.1412629209117349,0.1376173524487592,0.1382344706211751,0.1356745730170793,0.1358574228459433,0.1416743330266789,0.1416743330266789,0.1354574388453033,0.1354574388453033,0.1357545698172073,0.1319832920968875,0.1374002182769832,0.1331146754129834,0.1334232344991914,0.1338346466141354,0.1356745730170793,0.1308976212380076,0.1361431257035432,0.1366345346186152,0.1359602758746793,0.1458570228619426,0.1448056363459747,0.140211534395767,0.1332975252418474,0.1354002982737833
Anti-Plurality,0.2314650271132012,0.2725948104932945,0.2444245087339363,0.218014136577394,0.2359448479203689,0.2300250847108972,0.2368819532932968,0.2368819532932968,0.2368819532932968,0.2368819532932968,0.2359448479203689,0.2368819532932968,0.2359448479203689,0.2713262898055506,0.2359448479203689,0.2368819532932968,0.2407903683852646,0.0,0.2253738421891696,0.217762718062706,0.2293051135097453,0.2273166216208494,0.2267795002485615,0.2301279377396332,0.2258195386470255,0.2255795482466415,0.2255338357894255,0.2260366728188015,0.2232482129286257,0.2255109795608175,0.2259795322472815,0.2236139125863536,0.2229967944139377,0.2250767112172656,0.2236824812721776,0.2230425068711537,0.2226082385276017,0.2233167816144497,0.2228596570422897,0.2220596890410097,0.2247338677881456,0.2225510979560817,0.2226425228705137,0.2240596090442096,0.2248481489311856,0.2247795802453616,0.2226310947562097,0.2226310947562097,0.2247338677881456,0.2247338677881456,0.2258195386470255,0.2306079185404012,0.2227339477849457,0.2274766152211054,0.2271223436776814,0.2264480849337455,0.2248024364739696,0.2311450399126892,0.2252367048175216,0.2242767432159856,0.2240024684726896,0.2293508259669613,0.2279794522504814,0.2284137205940334,0.2288708451661933,0.2260595290474095
Two-Approval,0.1371487997622952,0.28041164067723,0.2446073585628003,0.108738507602553,0.1479712240081825,0.1417886141697189,0.1482683549800865,0.1482683549800865,0.1482683549800865,0.1482683549800865,0.1479712240081825,0.1482683549800865,0.1479712240081825,0.2442873713622883,0.1479712240081825,0.1482683549800865,0.1863125474981,0.2253738421891696,0.0,0.1332746690132394,0.1407143714251429,0.1317890141537195,0.1358917071888553,0.1436971092584868,0.1339832121000874,0.1322804230687915,0.1291262635208877,0.1287148514059437,0.1788271326289805,0.1332175284417194,0.1352631609021353,0.1256978292296879,0.1313318895815595,0.1422000262846629,0.124577874027896,0.1260863851160239,0.1334918031850154,0.1303719279800236,0.1312747490100396,0.1328975412412075,0.1289205574634157,0.1381087613638311,0.1325204134691755,0.1322461387258795,0.1283377236339118,0.1285548578056877,0.140257246852983,0.140257246852983,0.1267377876313518,0.1267377876313518,0.1319375796396715,0.1327718319838635,0.1228865131109041,0.1345660459295914,0.1345203334723753,0.1346803270726314,0.1282805830623918,0.1337089373567914,0.124680727056632,0.1218579828235442,0.1279605958618798,0.1043501117098173,0.1132297565240247,0.1118926671504568,0.1344060523293354,0.1348517487871913
Three-Approval,0.1696046443856531,0.2796231007902541,0.2448587770774883,0.1270577748318638,0.1886667390447239,0.1765757941110927,0.1887238796162439,0.1887238796162439,0.1887238796162439,0.1887238796162439,0.1886667390447239,0.1887238796162439,0.1886667390447239,0.2459215917077602,0.1886667390447239,0.1887238796162439,0.2082430988474746,0.217762718062706,0.1332746690132394,0.0,0.1773186215408526,0.1694332226710931,0.170873165073397,0.1815470238333323,0.1665876222093973,0.1668161844954773,0.1655705200363414,0.1637763060906135,0.2069517219311227,0.1678218585542292,0.1702789031295891,0.1569880061940379,0.1681532738690452,0.1768043563971726,0.1604964372853657,0.1622792231167896,0.1690903792419731,0.1667590439239573,0.1681532738690452,0.1686103984412052,0.1651476798070934,0.1732159285057169,0.1683361236979092,0.1676504368396692,0.1625077854028696,0.1632277566040215,0.1749187175370128,0.1749187175370128,0.1600621689418137,0.1600621689418137,0.1670104624386453,0.1722788231327889,0.1514339426422943,0.171296005302645,0.171433142674293,0.170861736959093,0.1624392167170456,0.1734559189061009,0.1611478398006937,0.154999514305142,0.1603135874565017,0.1263035192877999,0.1481312176084385,0.1413886301690789,0.1721645419897489,0.1687818201557652
Instant Runoff,0.0529578816847326,0.2839772123400778,0.2448587770774883,0.0845680458495945,0.0472209683041249,0.0168793248270069,0.0485694857919968,0.0485694857919968,0.0485694857919968,0.0485694857919968,0.0472209683041249,0.0485694857919968,0.0472209683041249,0.2359791322632809,0.0472209683041249,0.0485694857919968,0.1320518607827115,0.2293051135097453,0.1407143714251429,0.1773186215408526,0.0,0.0275417554726382,0.0170278903129589,0.0199077751175667,0.0537235653431005,0.0359071351431657,0.0377013490888935,0.0390041541195495,0.1075156993720251,0.0366613906872296,0.0216677047203826,0.0449239173290211,0.0504436965378527,0.062500357128572,0.045872450816253,0.0436896809841892,0.0470838309324769,0.0447867799573731,0.0504436965378527,0.0507065431668447,0.0417811858954213,0.0577348334638043,0.0483752078488289,0.0478038021336289,0.0401583936642534,0.0388441605192935,0.0599633157530841,0.0599633157530841,0.0418497545812453,0.0418497545812453,0.0378384864605415,0.0376670647459815,0.0513350894535647,0.0109481335032313,0.014376567794431,0.014959401623935,0.0400783968641254,0.0389355854337255,0.0441925180135651,0.0472781088756449,0.0390727228053735,0.0804539247001548,0.0818595827595467,0.0645117052460758,0.0370728028021736,0.0341243493117418
Bottom-Two-Runoff Instant Runoff,0.0390041541195495,0.2843200557691978,0.2447216397058403,0.0724999571445713,0.0503294153948127,0.0351414514847977,0.0507179712811487,0.0507179712811487,0.0507179712811487,0.0507179712811487,0.0503294153948127,0.0507179712811487,0.0503294153948127,0.2346534710040169,0.0503294153948127,0.0507179712811487,0.1334460907277994,0.2273166216208494,0.1317890141537195,0.1694332226710931,0.0275417554726382,0.0,0.0165250532835829,0.0322044261086699,0.0371527996023016,0.0211191552337906,0.0189935259732467,0.0195535035741427,0.1058129103407292,0.0239876119240944,0.0171878839132149,0.0274160462152942,0.0377242053175015,0.0517579296828126,0.0296445285045741,0.0274617586725102,0.0348786048558057,0.029895947019262,0.0377242053175015,0.0392098601770214,0.0231762158085105,0.046889552989309,0.0336443685109738,0.0352900169707497,0.0218962670064626,0.0204791808327666,0.0494380224791008,0.0494380224791008,0.0231533595799025,0.0231533595799025,0.0236790528378864,0.0241361774100464,0.0366613906872296,0.0165936219694069,0.0171307433416949,0.0173021650562548,0.0218162702063346,0.0259418194700783,0.0250847108972783,0.030741627477758,0.0219991200351985,0.0691629477678035,0.0730485066311633,0.0533692937996765,0.0274846149011182,0.0228448004936945
Benham,0.0414726268092133,0.2841714902832458,0.2446987834772323,0.0760083882358991,0.0551292234024924,0.0293016850754541,0.0560320444325084,0.0560320444325084,0.0560320444325084,0.0560320444325084,0.0551292234024924,0.0560320444325084,0.0551292234024924,0.2353277297479529,0.0551292234024924,0.0560320444325084,0.1344060523293354,0.2267795002485615,0.1358917071888553,0.170873165073397,0.0170278903129589,0.0165250532835829,0.0,0.0279531675875822,0.0432097001834212,0.0229705097510385,0.0251189952401903,0.0266503625569262,0.1056757729690812,0.0239647556954864,0.0057826258378236,0.0328558286239979,0.0392898569771494,0.0518950670544606,0.0339072151399658,0.0317358734222059,0.0356442885141737,0.0326158382236139,0.0392327164056294,0.0394155662344934,0.0290616946750701,0.0470152622466529,0.0367870999445736,0.0358957070288617,0.0289588416463341,0.0275760398155502,0.0493808819075808,0.0493808819075808,0.030113081191038,0.030113081191038,0.0246732987823344,0.0294388224471021,0.0401698217785574,0.0060797568097276,0.0087882198997754,0.0084682326992634,0.0288674167319021,0.030741627477758,0.031015902221054,0.0351185952561897,0.0274274743295982,0.0726828069734353,0.0759512476643791,0.0573919900346843,0.0265589376424943,0.0182049860862708
PluralityWRunoff PUT,0.0558263383750364,0.2829143977098059,0.2444587930768483,0.0873907900826824,0.0420897449816293,0.030764483706366,0.0441125212134371,0.0441125212134371,0.0441125212134371,0.0441125212134371,0.0420897449816293,0.0441125212134371,0.0420897449816293,0.2363676881496168,0.0420897449816293,0.0441125212134371,0.1313433176958636,0.2301279377396332,0.1436971092584868,0.1815470238333323,0.0199077751175667,0.0322044261086699,0.0279531675875822,0.0,0.0545692458015965,0.0389584416623335,0.0407526556080613,0.0419526076099813,0.1067385875993531,0.0396212722919654,0.030570205763198,0.0477695177907169,0.0511979520819167,0.0633803219299799,0.0488666167639008,0.046523853331581,0.0481695017913569,0.046580993903101,0.0511979520819167,0.0513808019107807,0.0442610866993891,0.0585690858079962,0.0501237093373407,0.0495180192792288,0.0430497065831652,0.0421011730959333,0.061106127183484,0.061106127183484,0.0453810419011811,0.0453810419011811,0.0404212402932454,0.0373927900026856,0.0543521116298205,0.0252332763832303,0.0256446884981743,0.0270160622146542,0.0429925660116452,0.0373356494311656,0.046740987503357,0.0502379904803807,0.0423640197249252,0.0841223493917386,0.0851280234504905,0.0672544526790357,0.0387413074905575,0.0357128571999977
Coombs,0.045678172873085,0.2830972475386699,0.2445616461055843,0.0700314844549075,0.062614638271612,0.0550149422594524,0.062260366728188,0.062260366728188,0.062260366728188,0.062260366728188,0.062614638271612,0.062260366728188,0.062614638271612,0.233133531801585,0.062614638271612,0.062260366728188,0.1378002022776231,0.2258195386470255,0.1339832121000874,0.1665876222093973,0.0537235653431005,0.0371527996023016,0.0432097001834212,0.0545692458015965,0.0,0.0321815698800619,0.0290159822178541,0.0287759918174701,0.1076642648579771,0.0340900649688298,0.0421697417817573,0.0317701577651179,0.0442953710423011,0.0570491466055643,0.0345586176552937,0.0349700297702377,0.0428782848686052,0.0390384384624615,0.0442953710423011,0.0452781888724451,0.0323987040518379,0.0521122012262366,0.0417697577811173,0.0432782688692452,0.03106161467827,0.0296102441616621,0.0548092362019804,0.0548092362019804,0.0294273943327981,0.0294273943327981,0.0347186112555497,0.0406612306936294,0.0370613746878696,0.0440896649848291,0.0435639717268452,0.0439982400703971,0.03094733353523,0.0407526556080613,0.030558777648894,0.0336786528538858,0.030478780848766,0.0663744878776277,0.0722485386298833,0.0525007571125726,0.0423754478392292,0.0392441445199334
Baldwin,0.0389127292051175,0.2843200557691978,0.2446759272486243,0.0732313564600273,0.0586490826081242,0.0412897769803493,0.0593347694663642,0.0593347694663642,0.0593347694663642,0.0593347694663642,0.0586490826081242,0.0593347694663642,0.0586490826081242,0.2347563240327529,0.0586490826081242,0.0593347694663642,0.1360517007891113,0.2255795482466415,0.1322804230687915,0.1668161844954773,0.0359071351431657,0.0211191552337906,0.0229705097510385,0.0389584416623335,0.0321815698800619,0.0,0.0091996320147194,0.0137137371647991,0.1057900541121212,0.0068911529253115,0.0213820018627826,0.0267760718142702,0.0350843109132777,0.0513350894535647,0.0273817618723822,0.0242961710103024,0.0313701737644779,0.0268903529573102,0.0351528795991017,0.0367642437159656,0.0193477975166707,0.046615278246013,0.0315301673647339,0.0318730107938539,0.0176564365996788,0.015279388824447,0.0487180512779488,0.0487180512779488,0.0202849028895987,0.0202849028895987,0.0100795968161273,0.0328901129669099,0.0373927900026856,0.0249590016399344,0.0247761518110704,0.0236104841520624,0.0176450084853748,0.0342614866833898,0.0243075991246064,0.029793093990526,0.0170050340843509,0.0678944270800596,0.0707285994274514,0.0534950030570205,0.0322958510231019,0.0254046980977903
Strict Nanson,0.0379870519464935,0.2842857714262858,0.2444816493054563,0.0705571777128914,0.0560891850040284,0.0416783328666853,0.0566834469478363,0.0566834469478363,0.0566834469478363,0.0566834469478363,0.0560891850040284,0.0566834469478363,0.0560891850040284,0.2345849023181929,0.0560891850040284,0.0566834469478363,0.1364745410183592,0.2255338357894255,0.1291262635208877,0.1655705200363414,0.0377013490888935,0.0189935259732467,0.0251189952401903,0.0407526556080613,0.0290159822178541,0.0091996320147194,0.0,0.0054626386373116,0.1059614758266812,0.0130051940779511,0.0242733147816944,0.0216334203774706,0.0353700137708777,0.0516322204254686,0.0247875799253744,0.0214734267772146,0.0326844069094379,0.0254732667836143,0.0354385824567017,0.0377127772031975,0.015245104481535,0.046900981103613,0.030044512505214,0.0319301513653739,0.014433708365951,0.0119195232190712,0.0490266103641568,0.0490266103641568,0.0159536475683829,0.0159536475683829,0.0131194752209911,0.030170221762558,0.0347186112555497,0.0267532155856622,0.0264446564994543,0.0261703817561583,0.014342283451519,0.0317015890792939,0.0193477975166707,0.0267989280428782,0.014650842537727,0.0647859799893718,0.0688658167958995,0.0504665527664607,0.029713097190398,0.0249247172970224
Weak Nanson,0.0371299433736936,0.2844229087979338,0.2442873713622883,0.0682715548520916,0.0559863319752924,0.0415411954950373,0.0564320284331483,0.0564320284331483,0.0564320284331483,0.0564320284331483,0.0559863319752924,0.0564320284331483,0.0559863319752924,0.234242058889073,0.0559863319752924,0.0564320284331483,0.1359488477603753,0.2260366728188015,0.1287148514059437,0.1637763060906135,0.0390041541195495,0.0195535035741427,0.0266503625569262,0.0419526076099813,0.0287759918174701,0.0137137371647991,0.0054626386373116,0.0,0.1068414406280891,0.0170621746558709,0.0256789728410863,0.0194849348883187,0.0366271063443176,0.0524436165410526,0.0229476535224305,0.0212220082625266,0.0343643397121258,0.0262160942133743,0.0367528156016616,0.0390955790339815,0.0169021810556149,0.0477466615621089,0.030730199363454,0.0322387104515819,0.014467992708863,0.0123766477912312,0.0499980000799968,0.0499980000799968,0.0134280343071991,0.0134280343071991,0.0160336443685109,0.029895947019262,0.0324329883947499,0.0280560206163182,0.0279188832446702,0.0276217522727662,0.014319427222911,0.0315987360505579,0.0170393184272629,0.0241704617529584,0.014456564594559,0.0628660567862999,0.0676772929082836,0.0491523196215008,0.03060449010611,0.0251304233544943
Iterated Removal Condorcet Loser,0.1158582228139445,0.248790048398064,0.2442645151336803,0.1350345986160553,0.1109098493203129,0.1130583348094647,0.1154010982417846,0.1154010982417846,0.1154010982417846,0.1154010982417846,0.1109098493203129,0.1154010982417846,0.1109098493203129,0.2533270097767517,0.1109098493203129,0.1154010982417846,0.1566108784220059,0.2232482129286257,0.1788271326289805,0.2069517219311227,0.1075156993720251,0.1058129103407292,0.1056757729690812,0.1067385875993531,0.1076642648579771,0.1057900541121212,0.1059614758266812,0.1068414406280891,0.0,0.1048072362819772,0.1046129583388093,0.107847114686841,0.0871622277966024,0.0658830789625557,0.1022016262206654,0.1003388435891135,0.0882021861982663,0.093081991006074,0.0870250904249544,0.0826938351037387,0.1008188243898815,0.0603861559823321,0.0814024581873867,0.093561971806842,0.1055272074831292,0.1046243864531133,0.0703857559983315,0.0703857559983315,0.108407092287737,0.108407092287737,0.1062700349128892,0.1057100573119932,0.108018536401401,0.1053100733113532,0.1038472746804413,0.1047272394818493,0.1055272074831292,0.1064643128560571,0.1066357345706171,0.108258526801785,0.1054586387973052,0.1170124623586485,0.1056643448547772,0.1143611398401206,0.108727079488249,0.1075271274863291
Raynaud,0.0413469175518693,0.2839200717685578,0.2446987834772323,0.0752084202346191,0.0604318684395481,0.0428325724113892,0.061220408326524,0.061220408326524,0.061220408326524,0.061220408326524,0.0604318684395481,0.061220408326524,0.0604318684395481,0.2361619820921449,0.0604318684395481,0.061220408326524,0.1367945282188712,0.2255109795608175,0.1332175284417194,0.1678218585542292,0.0366613906872296,0.0239876119240944,0.0239647556954864,0.0396212722919654,0.0340900649688298,0.0068911529253115,0.0130051940779511,0.0170621746558709,0.1048072362819772,0.0,0.0217248452919026,0.0287874199317741,0.0348443205128937,0.0506151182524127,0.0279988800447982,0.0254504105550063,0.0295302473615341,0.0276446085013742,0.0349128891987177,0.0354957230282217,0.0216334203774706,0.045495323044221,0.0323872759375339,0.030924477306622,0.0214962830058226,0.0190506665447667,0.0479980800767969,0.0479980800767969,0.0246618706680304,0.0246618706680304,0.0095196192152313,0.0350957390275817,0.0393698537772774,0.0257132571839983,0.0250047140971504,0.0240904649528304,0.0214962830058226,0.0360442725148136,0.0263303753564143,0.0318272983366379,0.0201134811750387,0.0693000851394515,0.0714599987429074,0.0554263543743964,0.0347643237127657,0.0265246532995823
Tideman Alternative Top Cycle,0.0423640197249252,0.2839543561114698,0.2446987834772323,0.0757112572639951,0.0569348654625243,0.0325815538807019,0.0579748238641882,0.0579748238641882,0.0579748238641882,0.0579748238641882,0.0569348654625243,0.0579748238641882,0.0569348654625243,0.2360248447204969,0.0569348654625243,0.0579748238641882,0.1353774420451753,0.2259795322472815,0.1352631609021353,0.1702789031295891,0.0216677047203826,0.0171878839132149,0.0057826258378236,0.030570205763198,0.0421697417817573,0.0213820018627826,0.0242733147816944,0.0256789728410863,0.1046129583388093,0.0217248452919026,0.0,0.0327301193666539,0.0376670647459815,0.0509236773386207,0.0327986880524779,0.030684486906238,0.0335415154822378,0.0315873079362539,0.0376099241744615,0.0375184992600296,0.0281017330735342,0.045403898129789,0.0357014290856937,0.0352443045135337,0.0280103081591022,0.0263875159279343,0.0483294953916129,0.0483294953916129,0.029895947019262,0.029895947019262,0.0226390944362225,0.03043306839155,0.0398726908066534,0.0107195712171513,0.0111309833320952,0.0067997280108795,0.0279188832446702,0.0325472695377899,0.030113081191038,0.0347071831412457,0.0263646596993263,0.0718256984006354,0.0743398835475152,0.0574605587205083,0.0293131131897581,0.0207648836903666
