Unnamed: 0,Min Violations Committee,Max Violations Committee,Random Choice,Borda ranking,Plurality ranking,STV,Approval Voting (AV),Proportional Approval Voting (PAV),Approval Chamberlin-Courant (CC),Lexicographic Chamberlin-Courant (lex-CC),Sequential Approval Chamberlin-Courant (seq-CC),Monroe's Approval Rule (Monroe),Greedy Monroe,Minimax Approval Voting (MAV),Method of Equal Shares (aka Rule X) with Phragmén phase,E Pluribus Hugo (EPH),Random Serial Dictator
Min Violations Committee,0.0,0.5738533333333333,0.4442,0.1980666666666666,0.3182,0.25796,0.2485866666666666,0.26544,0.288,0.28612,0.3042933333333333,0.2879866666666666,0.3041333333333333,0.2940933333333333,0.2801733333333333,0.253,0.4162
Max Violations Committee,0.5738533333333333,0.0,0.44372,0.5164533333333333,0.4817866666666666,0.52236,0.53048,0.5228133333333334,0.52796,0.51392,0.4880266666666666,0.5280133333333333,0.48832,0.6021066666666667,0.507,0.5247066666666667,0.45804
Random Choice,0.4442,0.44372,0.0,0.4439733333333333,0.4458533333333333,0.44656,0.4454,0.4448933333333333,0.44472,0.4448666666666667,0.4461333333333333,0.4446933333333333,0.4460533333333333,0.4430533333333333,0.4456666666666666,0.4454666666666667,0.4453866666666666
Borda ranking,0.1980666666666666,0.5164533333333333,0.4439733333333333,0.0,0.2564666666666667,0.2048933333333333,0.1862533333333333,0.1977866666666666,0.23576,0.2197866666666666,0.227,0.2357733333333333,0.2269466666666666,0.44976,0.20488,0.1876133333333333,0.4074533333333333
Plurality ranking,0.3182,0.4817866666666666,0.4458533333333333,0.2564666666666667,0.0,0.1910133333333333,0.27488,0.2799466666666667,0.3013066666666666,0.29004,0.29252,0.3013066666666666,0.2924666666666666,0.47052,0.28024,0.2744266666666666,0.4148666666666666
STV,0.25796,0.52236,0.44656,0.2048933333333333,0.1910133333333333,0.0,0.2173466666666666,0.2152,0.2389333333333333,0.23064,0.2404933333333333,0.2389333333333333,0.24032,0.4304533333333333,0.22168,0.2157866666666666,0.4099333333333333
Approval Voting (AV),0.2485866666666666,0.53048,0.4454,0.1862533333333333,0.27488,0.2173466666666666,0.0,0.08988,0.16572,0.13828,0.16656,0.1656933333333333,0.16652,0.4220266666666666,0.1223733333333333,0.0208666666666666,0.3990266666666666
Proportional Approval Voting (PAV),0.26544,0.5228133333333334,0.4448933333333333,0.1977866666666666,0.2799466666666667,0.2152,0.08988,0.0,0.08992,0.0526666666666666,0.1013866666666666,0.0898666666666666,0.1013333333333333,0.43412,0.0528,0.0827333333333333,0.39976
Approval Chamberlin-Courant (CC),0.288,0.52796,0.44472,0.23576,0.3013066666666666,0.2389333333333333,0.16572,0.08992,0.0,0.04316,0.1107333333333333,6.666666666666667e-05,0.11044,0.4220266666666666,0.0966933333333333,0.15872,0.40428
Lexicographic Chamberlin-Courant (lex-CC),0.28612,0.51392,0.4448666666666667,0.2197866666666666,0.29004,0.23064,0.13828,0.0526666666666666,0.04316,0.0,0.0728266666666666,0.0432133333333333,0.0730533333333333,0.443,0.05764,0.1305866666666666,0.40212
Sequential Approval Chamberlin-Courant (seq-CC),0.3042933333333333,0.4880266666666666,0.4461333333333333,0.227,0.29252,0.2404933333333333,0.16656,0.1013866666666666,0.1107333333333333,0.0728266666666666,0.0,0.1107866666666666,0.0011866666666666,0.47208,0.05088,0.15748,0.4040133333333333
Monroe's Approval Rule (Monroe),0.2879866666666666,0.5280133333333333,0.4446933333333333,0.2357733333333333,0.3013066666666666,0.2389333333333333,0.1656933333333333,0.0898666666666666,6.666666666666667e-05,0.0432133333333333,0.1107866666666666,0.0,0.1104933333333333,0.422,0.0966666666666666,0.1586933333333333,0.4043066666666666
Greedy Monroe,0.3041333333333333,0.48832,0.4460533333333333,0.2269466666666666,0.2924666666666666,0.24032,0.16652,0.1013333333333333,0.11044,0.0730533333333333,0.0011866666666666,0.1104933333333333,0.0,0.47204,0.0508933333333333,0.15744,0.40416
Minimax Approval Voting (MAV),0.2940933333333333,0.6021066666666667,0.4430533333333333,0.44976,0.47052,0.4304533333333333,0.4220266666666666,0.43412,0.4220266666666666,0.443,0.47208,0.422,0.47204,0.0,0.45432,0.4297066666666667,0.4463733333333333
Method of Equal Shares (aka Rule X) with Phragmén phase,0.2801733333333333,0.507,0.4456666666666666,0.20488,0.28024,0.22168,0.1223733333333333,0.0528,0.0966933333333333,0.05764,0.05088,0.0966666666666666,0.0508933333333333,0.45432,0.0,0.1134533333333333,0.4009466666666667
E Pluribus Hugo (EPH),0.253,0.5247066666666667,0.4454666666666667,0.1876133333333333,0.2744266666666666,0.2157866666666666,0.0208666666666666,0.0827333333333333,0.15872,0.1305866666666666,0.15748,0.1586933333333333,0.15744,0.4297066666666667,0.1134533333333333,0.0,0.4000266666666666
Random Serial Dictator,0.4162,0.45804,0.4453866666666666,0.4074533333333333,0.4148666666666666,0.4099333333333333,0.3990266666666666,0.39976,0.40428,0.40212,0.4040133333333333,0.4043066666666666,0.40416,0.4463733333333333,0.4009466666666667,0.4000266666666666,0.0
NN-all,0.0040106666666666,0.572982,0.4440986666666666,0.1987013333333333,0.3188413333333333,0.258322,0.2492206666666666,0.2659146666666666,0.2882926666666667,0.2864273333333333,0.3047833333333332,0.2882793333333333,0.3046233333333333,0.2923353333333333,0.2806606666666667,0.25364,0.4158946666666666
NN-root,0.2886085718467659,0.0686333213577635,0.4432238234002634,0.4265644751373864,0.4526392825303048,0.4137426316980027,0.4018894787965882,0.4124126781366013,0.401569464958152,0.4209485981930194,0.451067156334411,0.4015428525807353,0.4510778012853778,0.0504450920122949,0.4329554375740156,0.4084853565393264,0.4405173446169813
