Unnamed: 0,Min Violations Committee,Max Violations Committee,Random Choice,Borda ranking,Plurality ranking,STV,Approval Voting (AV),Proportional Approval Voting (PAV),Approval Chamberlin-Courant (CC),Lexicographic Chamberlin-Courant (lex-CC),Sequential Approval Chamberlin-Courant (seq-CC),Monroe's Approval Rule (Monroe),Greedy Monroe,Minimax Approval Voting (MAV),Method of Equal Shares (aka Rule X) with Phragmén phase,E Pluribus Hugo (EPH),Random Serial Dictator
Min Violations Committee,0.0,0.96224,0.5012266666666667,0.0441066666666666,0.1386533333333333,0.0700266666666666,0.0571733333333333,0.0634666666666666,0.3865866666666667,0.1193866666666666,0.3423333333333333,0.19792,0.11136,0.29904,0.0680933333333333,0.05784,0.2545733333333333
Max Violations Committee,0.96224,0.0,0.4993066666666667,0.9262933333333332,0.8414533333333334,0.9098133333333334,0.9197333333333332,0.9139733333333332,0.61136,0.8642,0.6389866666666667,0.7983866666666667,0.8685466666666667,0.70104,0.90928,0.9187466666666668,0.7416133333333333
Random Choice,0.5012266666666667,0.4993066666666667,0.0,0.5005866666666666,0.5014,0.5013333333333333,0.5000533333333333,0.4998,0.4999066666666666,0.4997733333333333,0.4991333333333333,0.5024266666666667,0.5003866666666666,0.5001733333333334,0.50036,0.49988,0.5010266666666666
Borda ranking,0.0441066666666666,0.9262933333333332,0.5005866666666666,0.0,0.1217333333333333,0.0577333333333333,0.0368,0.0429066666666666,0.3849333333333333,0.1067866666666666,0.3256266666666667,0.19728,0.0951466666666666,0.29992,0.0475333333333333,0.03724,0.2528666666666667
Plurality ranking,0.1386533333333333,0.8414533333333334,0.5014,0.1217333333333333,0.0,0.0963866666666666,0.1409066666666666,0.1414933333333333,0.4240666666666666,0.1733733333333333,0.3196533333333333,0.25136,0.1640933333333333,0.3418266666666666,0.1423866666666666,0.14032,0.2913466666666666
STV,0.0700266666666666,0.9098133333333334,0.5013333333333333,0.0577333333333333,0.0963866666666666,0.0,0.0735733333333333,0.0760533333333333,0.3920533333333333,0.1217466666666666,0.3393733333333333,0.20344,0.1121333333333333,0.3068533333333333,0.07736,0.07368,0.25756
Approval Voting (AV),0.0571733333333333,0.9197333333333332,0.5000533333333333,0.0368,0.1409066666666666,0.0735733333333333,0.0,0.02616,0.3817466666666667,0.1027733333333333,0.3248266666666666,0.1936,0.0898533333333333,0.2965866666666666,0.0360666666666666,0.0043466666666666,0.25228
Proportional Approval Voting (PAV),0.0634666666666666,0.9139733333333332,0.4998,0.0429066666666666,0.1414933333333333,0.0760533333333333,0.02616,0.0,0.3754933333333333,0.0849866666666666,0.3131333333333333,0.18708,0.0852266666666666,0.2906666666666667,0.0185866666666666,0.0245333333333333,0.2524933333333333
Approval Chamberlin-Courant (CC),0.3865866666666667,0.61136,0.4999066666666666,0.3849333333333333,0.4240666666666666,0.3920533333333333,0.3817466666666667,0.3754933333333333,0.0,0.35076,0.5681066666666666,0.22372,0.3926666666666666,0.1085066666666666,0.37816,0.3811466666666667,0.4444133333333333
Lexicographic Chamberlin-Courant (lex-CC),0.1193866666666666,0.8642,0.4997733333333333,0.1067866666666666,0.1733733333333333,0.1217466666666666,0.1027733333333333,0.0849866666666666,0.35076,0.0,0.2990266666666666,0.1643333333333333,0.1159333333333333,0.26188,0.0864266666666666,0.10172,0.26572
Sequential Approval Chamberlin-Courant (seq-CC),0.3423333333333333,0.6389866666666667,0.4991333333333333,0.3256266666666667,0.3196533333333333,0.3393733333333333,0.3248266666666666,0.3131333333333333,0.5681066666666666,0.2990266666666666,0.0,0.4063066666666666,0.3198533333333333,0.4828,0.31152,0.3238533333333333,0.4039866666666666
Monroe's Approval Rule (Monroe),0.19792,0.7983866666666667,0.5024266666666667,0.19728,0.25136,0.20344,0.1936,0.18708,0.22372,0.1643333333333333,0.4063066666666666,0.0,0.2051066666666666,0.15136,0.1897866666666666,0.1930533333333333,0.2932133333333333
Greedy Monroe,0.11136,0.8685466666666667,0.5003866666666666,0.0951466666666666,0.1640933333333333,0.1121333333333333,0.0898533333333333,0.0852266666666666,0.3926666666666666,0.1159333333333333,0.3198533333333333,0.2051066666666666,0.0,0.3077733333333333,0.08364,0.0883466666666666,0.25784
Minimax Approval Voting (MAV),0.29904,0.70104,0.5001733333333334,0.29992,0.3418266666666666,0.3068533333333333,0.2965866666666666,0.2906666666666667,0.1085066666666666,0.26188,0.4828,0.15136,0.3077733333333333,0.0,0.2928266666666667,0.29628,0.3678
Method of Equal Shares (aka Rule X) with Phragmén phase,0.0680933333333333,0.90928,0.50036,0.0475333333333333,0.1423866666666666,0.07736,0.0360666666666666,0.0185866666666666,0.37816,0.0864266666666666,0.31152,0.1897866666666666,0.08364,0.2928266666666667,0.0,0.0342533333333333,0.2529733333333333
E Pluribus Hugo (EPH),0.05784,0.9187466666666668,0.49988,0.03724,0.14032,0.07368,0.0043466666666666,0.0245333333333333,0.3811466666666667,0.10172,0.3238533333333333,0.1930533333333333,0.0883466666666666,0.29628,0.0342533333333333,0.0,0.25228
Random Serial Dictator,0.2545733333333333,0.7416133333333333,0.5010266666666666,0.2528666666666667,0.2913466666666666,0.25756,0.25228,0.2524933333333333,0.4444133333333333,0.26572,0.4039866666666666,0.2932133333333333,0.25784,0.3678,0.2529733333333333,0.25228,0.0
NN-all,0.0138853333333333,0.9624733333333332,0.5010466666666666,0.0451086666666666,0.1391246666666666,0.069978,0.0569253333333333,0.0630153333333333,0.3868379999999999,0.1197486666666666,0.34248,0.1982593333333334,0.111092,0.299746,0.0675173333333333,0.0578266666666666,0.2549399999999999
NN-root,0.0436582704615916,0.5967087142229851,0.4977492581799795,0.0297845728048115,0.1269849507005708,0.0606622490120154,0.0396830465849666,0.045477891767461,0.3785930036059771,0.107619788963847,0.3357237901347916,0.1908633055233989,0.0970134259444067,0.2937959895147233,0.0506213990126807,0.0408819341875906,0.2508003672508083
