Unnamed: 0,Min Violations Committee,Max Violations Committee,Random Choice,Borda ranking,Plurality ranking,STV,Approval Voting (AV),Proportional Approval Voting (PAV),Approval Chamberlin-Courant (CC),Lexicographic Chamberlin-Courant (lex-CC),Sequential Approval Chamberlin-Courant (seq-CC),Monroe's Approval Rule (Monroe),Greedy Monroe,Minimax Approval Voting (MAV),Method of Equal Shares (aka Rule X) with Phragmén phase,E Pluribus Hugo (EPH),Random Serial Dictator,Anti-Plurality,Two-Approval,Three-Approval,Instant Runoff,Bottom-Two-Runoff Instant Runoff,Benham,PluralityWRunoff PUT,Coombs,Baldwin,Strict Nanson,Weak Nanson,Iterated Removal Condorcet Loser,Raynaud,Tideman Alternative Top Cycle,Knockout Voting,Banks,Condorcet,Copeland,Llull,Uncovered Set,Uncovered Set - Fishburn,Uncovered Set - Bordes,Uncovered Set - McKelvey,Slater,Top Cycle,GOCHA,Bipartisan Set,Minimax,Split Cycle,Ranked Pairs ZT,Ranked Pairs TB,Simple Stable Voting,Stable Voting,Loss-Trimmer Voting,Daunou,Blacks,Condorcet IRV,Condorcet IRV PUT,Smith IRV,Smith-Minimax,Condorcet Plurality,Copeland-Local-Borda,Copeland-Global-Borda,Borda-Minimax Faceoff,Bucklin,Simplified Bucklin,Weighted Bucklin,Bracket Voting,Superior Voting
Min Violations Committee,0.0,0.2857142857142857,0.2440930934191204,0.0544663927728605,0.1757301136525967,0.0997102973023936,0.1733644939916689,0.1733644939916689,0.1733644939916689,0.1733644939916689,0.1757301136525967,0.1733644939916689,0.1757301136525967,0.2384818892958567,0.1757301136525967,0.1733644939916689,0.2241053215014256,0.2076031244464507,0.1128069162947767,0.0905449496305862,0.1122355105795768,0.0283302953596141,0.0242733147816944,0.1266577908312239,0.0376213522887655,0.0291531195895021,0.0285931419886061,0.0263646596993263,0.1442113744021667,0.030101653076734,0.0315873079362539,0.0185935419726068,0.0332900969675498,0.0357699977715177,0.0260561006131183,0.0285931419886061,0.0332786688532458,0.0285931419886061,0.0332900969675498,0.0345586176552937,0.0287988480460781,0.0349014610844137,0.0285931419886061,0.0181135611718388,0.0282388704451821,0.0286388544458221,0.0357471415429097,0.0357471415429097,0.015496522996223,0.015496522996223,0.0280103081591022,0.0279074551303662,0.0215762798059506,0.0257703977555183,0.0270617746718702,0.0319758638225899,0.0282388704451821,0.0269932059860462,0.0250961390115823,0.0164564845977589,0.0287874199317741,0.0752198483489231,0.1174010182449844,0.0599976000959961,0.0595519036381401,0.0197934939745267
Max Violations Committee,0.2857142857142857,0.0,0.2433388378750564,0.2846971835412298,0.2772117686721103,0.2840457810259018,0.2784574331312461,0.2784574331312461,0.2784574331312461,0.2784574331312461,0.2772117686721103,0.2784574331312461,0.2772117686721103,0.2514870833738079,0.2772117686721103,0.2784574331312461,0.2620009485334872,0.2727890884364625,0.2828915414811979,0.2837715062826058,0.2830401069671499,0.2854971515425097,0.2853485860565577,0.2820687172513099,0.2850857394275657,0.2856228607998537,0.2856228607998537,0.2856228607998537,0.2536241407486557,0.2856114326855497,0.2853714422851657,0.2856342889141577,0.2852114486849098,0.2771774843291982,0.2855428639997257,0.2854857234282057,0.2853371579422537,0.2854742953139017,0.2852114486849098,0.2850743113132618,0.2854742953139017,0.2844457650265418,0.2853371579422537,0.2854742953139017,0.2856228607998537,0.2856228607998537,0.280708771649134,0.280708771649134,0.2856228607998537,0.2856228607998537,0.2854742953139017,0.2851885924563017,0.2854742953139017,0.2854285828566857,0.2852457330278217,0.2854514390852937,0.2856228607998537,0.2845029055980618,0.2856457170284617,0.2856342889141577,0.2854857234282057,0.2842400589690698,0.2816915894792779,0.2843543401121098,0.2845143337123658,0.2856342889141577
Random Choice,0.2440930934191204,0.2433388378750564,0.0,0.2440130966189923,0.2447330678201443,0.2445273617626723,0.2450759112492643,0.2450759112492643,0.2450759112492643,0.2450759112492643,0.2447330678201443,0.2450759112492643,0.2447330678201443,0.2451787642780003,0.2447330678201443,0.2450759112492643,0.2444473649625443,0.2448244927345763,0.2445159336483683,0.2437045375327844,0.2446873553629283,0.2440130966189923,0.2443559400481123,0.2442073745621603,0.2434531190180964,0.2437731062186084,0.2438073905615204,0.2436931094184804,0.2444130806196323,0.2438416749044324,0.2437845343329124,0.2437502499900004,0.2438645311330403,0.2441159496477283,0.2436131126183524,0.2437959624472164,0.2437845343329124,0.2437616781043044,0.2438645311330403,0.2437388218756964,0.2438645311330403,0.2437731062186084,0.2437502499900004,0.2440130966189923,0.2438645311330403,0.2438416749044324,0.2442416589050723,0.2442416589050723,0.2439330998188643,0.2439330998188643,0.2437731062186084,0.2440930934191204,0.2437045375327844,0.2443559400481123,0.2443559400481123,0.2438531030187364,0.2438645311330403,0.2444359368482403,0.2436359688469604,0.2438073905615204,0.2437273937613924,0.2440016685046883,0.2440473809619043,0.2443673681624163,0.2439445279331684,0.2441159496477283
Borda ranking,0.0544663927728605,0.2846971835412298,0.2440130966189923,0.0,0.1984834892318593,0.1271034872890798,0.1979463678595713,0.1979463678595713,0.1979463678595713,0.1979463678595713,0.1984834892318593,0.1979463678595713,0.1984834892318593,0.2469501219951202,0.1984834892318593,0.1979463678595713,0.2300250847108972,0.1918437548212357,0.1263606598593199,0.0644545646745558,0.1315147394104235,0.0538835589433565,0.0580433925500122,0.1511253835560863,0.0547406675161565,0.0523636197409246,0.0520779168833246,0.0511979520819167,0.1530224505305502,0.0529464535704286,0.0541578336866525,0.0370042341163496,0.0532778688852445,0.0650716828469718,0.0512093801962207,0.0517236453399006,0.0540435525436125,0.0517922140257246,0.0532778688852445,0.0541006931151325,0.0518607827115486,0.0555863479746524,0.0519522076259806,0.0541921180295645,0.0512322364248287,0.0513693737964767,0.0639745838737879,0.0639745838737879,0.046409572188541,0.046409572188541,0.0519864919688926,0.0583519516362202,0.0330043941099498,0.0589576416943322,0.0588090762083802,0.0542149742581725,0.0512322364248287,0.0650716828469718,0.0510836709388767,0.0414383424663013,0.0494723068220128,0.0689343854817235,0.1146354145834166,0.0490951790499808,0.0968075562691778,0.0584548046649562
Plurality ranking,0.1757301136525967,0.2772117686721103,0.2447330678201443,0.1984834892318593,0.0,0.1360859851320233,0.0295873879330541,0.0295873879330541,0.0295873879330541,0.0295873879330541,0.0,0.0295873879330541,0.0,0.2481843583399521,0.0,0.0295873879330541,0.203134731753587,0.2409046495283046,0.171970264046581,0.21783128674853,0.1290234104921517,0.171227436616821,0.1678218585542292,0.1018016422200254,0.1808270526321804,0.1741187495357328,0.1740273246213008,0.1744844491934608,0.1999348597484672,0.1739701840497808,0.1722788231327889,0.1797528098876045,0.1747587239367568,0.1795242476015245,0.1744615929648528,0.1743587399361168,0.1740273246213008,0.1743473118218128,0.1747587239367568,0.1747130114795408,0.1740158965069968,0.1750329986800528,0.1742558869073808,0.1745530178792848,0.1743701680504208,0.1742444587930768,0.1781871582279565,0.1781871582279565,0.1773529058837646,0.1773529058837646,0.1742558869073808,0.1641762900912534,0.1810213305753484,0.1666561908952213,0.1672618809533333,0.1723016793613969,0.1743701680504208,0.1489540418383264,0.1747015833652368,0.1783128674853006,0.1746558709080208,0.203226156668019,0.1924608729936517,0.1901866782471558,0.1461427257195426,0.1670447467815573
STV,0.0997102973023936,0.2840457810259018,0.2445273617626723,0.1271034872890798,0.1360859851320233,0.0,0.1323489917546155,0.1323489917546155,0.1323489917546155,0.1323489917546155,0.1360859851320233,0.1323489917546155,0.1360859851320233,0.2418303267869285,0.1360859851320233,0.1323489917546155,0.2124372167970424,0.21800270846309,0.1310347586096556,0.155513779448822,0.0358728508002537,0.1047958081676733,0.0981675018713537,0.0866479626529224,0.1154810950419126,0.108498517202169,0.108281383030393,0.107949967715577,0.1775243275983246,0.108761363831161,0.1062243224556732,0.1064528847417531,0.1098470346900409,0.1153896701274806,0.1074699869148091,0.108064248858617,0.1103612998337209,0.108132817544441,0.1098470346900409,0.1108069962915769,0.108007108287097,0.1113098333209528,0.108247098687481,0.1054929231402172,0.108144245658745,0.108372807944825,0.1148068362979766,0.1148068362979766,0.1061443256555452,0.1061443256555452,0.1076299805150651,0.1039615558234813,0.107949967715577,0.0952304764952259,0.0966361345546178,0.1061328975412412,0.108144245658745,0.1021330575348414,0.1073214214288571,0.1061100413126332,0.108155673773049,0.1413314895975589,0.1512168084705183,0.12407503699852,0.0747512956624592,0.0988417606152896
Approval Voting (AV),0.1733644939916689,0.2784574331312461,0.2450759112492643,0.1979463678595713,0.0295873879330541,0.1323489917546155,0.0,0.0,0.0,0.0,0.0295873879330541,0.0,0.0295873879330541,0.2396932694120806,0.0295873879330541,0.0,0.203157587982195,0.2465729942230882,0.1733302096487569,0.217579868233842,0.1292062603210157,0.172004548389493,0.1683132674693012,0.1054586387973052,0.1809299056609164,0.1746101584508048,0.1746330146794128,0.1747930082796688,0.2061174695869308,0.1743358837075088,0.1727473758192529,0.1790214105721485,0.1753758421091727,0.1803470718314124,0.1744273086219408,0.1745987303365008,0.1747587239367568,0.1745873022221968,0.1753758421091727,0.1756044043952527,0.1744501648505488,0.1760272446245007,0.1745187335363728,0.1740158965069968,0.1746787271366288,0.1747701520510608,0.1792499728582285,0.1792499728582285,0.1766672190255246,0.1766672190255246,0.1744158805076368,0.1651933922643094,0.1801642220025484,0.1669647499814293,0.1678904272400532,0.1727473758192529,0.1746787271366288,0.1527481757872542,0.1745415897649808,0.1772271966264206,0.1749530018799248,0.2035004314113149,0.1978549429451393,0.1904723811047558,0.1455713200043427,0.1669761780957333
Proportional Approval Voting (PAV),0.1733644939916689,0.2784574331312461,0.2450759112492643,0.1979463678595713,0.0295873879330541,0.1323489917546155,0.0,0.0,0.0,0.0,0.0295873879330541,0.0,0.0295873879330541,0.2396932694120806,0.0295873879330541,0.0,0.203157587982195,0.2465729942230882,0.1733302096487569,0.217579868233842,0.1292062603210157,0.172004548389493,0.1683132674693012,0.1054586387973052,0.1809299056609164,0.1746101584508048,0.1746330146794128,0.1747930082796688,0.2061174695869308,0.1743358837075088,0.1727473758192529,0.1790214105721485,0.1753758421091727,0.1803470718314124,0.1744273086219408,0.1745987303365008,0.1747587239367568,0.1745873022221968,0.1753758421091727,0.1756044043952527,0.1744501648505488,0.1760272446245007,0.1745187335363728,0.1740158965069968,0.1746787271366288,0.1747701520510608,0.1792499728582285,0.1792499728582285,0.1766672190255246,0.1766672190255246,0.1744158805076368,0.1651933922643094,0.1801642220025484,0.1669647499814293,0.1678904272400532,0.1727473758192529,0.1746787271366288,0.1527481757872542,0.1745415897649808,0.1772271966264206,0.1749530018799248,0.2035004314113149,0.1978549429451393,0.1904723811047558,0.1455713200043427,0.1669761780957333
Approval Chamberlin-Courant (CC),0.1733644939916689,0.2784574331312461,0.2450759112492643,0.1979463678595713,0.0295873879330541,0.1323489917546155,0.0,0.0,0.0,0.0,0.0295873879330541,0.0,0.0295873879330541,0.2396932694120806,0.0295873879330541,0.0,0.203157587982195,0.2465729942230882,0.1733302096487569,0.217579868233842,0.1292062603210157,0.172004548389493,0.1683132674693012,0.1054586387973052,0.1809299056609164,0.1746101584508048,0.1746330146794128,0.1747930082796688,0.2061174695869308,0.1743358837075088,0.1727473758192529,0.1790214105721485,0.1753758421091727,0.1803470718314124,0.1744273086219408,0.1745987303365008,0.1747587239367568,0.1745873022221968,0.1753758421091727,0.1756044043952527,0.1744501648505488,0.1760272446245007,0.1745187335363728,0.1740158965069968,0.1746787271366288,0.1747701520510608,0.1792499728582285,0.1792499728582285,0.1766672190255246,0.1766672190255246,0.1744158805076368,0.1651933922643094,0.1801642220025484,0.1669647499814293,0.1678904272400532,0.1727473758192529,0.1746787271366288,0.1527481757872542,0.1745415897649808,0.1772271966264206,0.1749530018799248,0.2035004314113149,0.1978549429451393,0.1904723811047558,0.1455713200043427,0.1669761780957333
Lexicographic Chamberlin-Courant (lex-CC),0.1733644939916689,0.2784574331312461,0.2450759112492643,0.1979463678595713,0.0295873879330541,0.1323489917546155,0.0,0.0,0.0,0.0,0.0295873879330541,0.0,0.0295873879330541,0.2396932694120806,0.0295873879330541,0.0,0.203157587982195,0.2465729942230882,0.1733302096487569,0.217579868233842,0.1292062603210157,0.172004548389493,0.1683132674693012,0.1054586387973052,0.1809299056609164,0.1746101584508048,0.1746330146794128,0.1747930082796688,0.2061174695869308,0.1743358837075088,0.1727473758192529,0.1790214105721485,0.1753758421091727,0.1803470718314124,0.1744273086219408,0.1745987303365008,0.1747587239367568,0.1745873022221968,0.1753758421091727,0.1756044043952527,0.1744501648505488,0.1760272446245007,0.1745187335363728,0.1740158965069968,0.1746787271366288,0.1747701520510608,0.1792499728582285,0.1792499728582285,0.1766672190255246,0.1766672190255246,0.1744158805076368,0.1651933922643094,0.1801642220025484,0.1669647499814293,0.1678904272400532,0.1727473758192529,0.1746787271366288,0.1527481757872542,0.1745415897649808,0.1772271966264206,0.1749530018799248,0.2035004314113149,0.1978549429451393,0.1904723811047558,0.1455713200043427,0.1669761780957333
Sequential Approval Chamberlin-Courant (seq-CC),0.1757301136525967,0.2772117686721103,0.2447330678201443,0.1984834892318593,0.0,0.1360859851320233,0.0295873879330541,0.0295873879330541,0.0295873879330541,0.0295873879330541,0.0,0.0295873879330541,0.0,0.2481843583399521,0.0,0.0295873879330541,0.203134731753587,0.2409046495283046,0.171970264046581,0.21783128674853,0.1290234104921517,0.171227436616821,0.1678218585542292,0.1018016422200254,0.1808270526321804,0.1741187495357328,0.1740273246213008,0.1744844491934608,0.1999348597484672,0.1739701840497808,0.1722788231327889,0.1797528098876045,0.1747587239367568,0.1795242476015245,0.1744615929648528,0.1743587399361168,0.1740273246213008,0.1743473118218128,0.1747587239367568,0.1747130114795408,0.1740158965069968,0.1750329986800528,0.1742558869073808,0.1745530178792848,0.1743701680504208,0.1742444587930768,0.1781871582279565,0.1781871582279565,0.1773529058837646,0.1773529058837646,0.1742558869073808,0.1641762900912534,0.1810213305753484,0.1666561908952213,0.1672618809533333,0.1723016793613969,0.1743701680504208,0.1489540418383264,0.1747015833652368,0.1783128674853006,0.1746558709080208,0.203226156668019,0.1924608729936517,0.1901866782471558,0.1461427257195426,0.1670447467815573
Monroe's Approval Rule (Monroe),0.1733644939916689,0.2784574331312461,0.2450759112492643,0.1979463678595713,0.0295873879330541,0.1323489917546155,0.0,0.0,0.0,0.0,0.0295873879330541,0.0,0.0295873879330541,0.2396932694120806,0.0295873879330541,0.0,0.203157587982195,0.2465729942230882,0.1733302096487569,0.217579868233842,0.1292062603210157,0.172004548389493,0.1683132674693012,0.1054586387973052,0.1809299056609164,0.1746101584508048,0.1746330146794128,0.1747930082796688,0.2061174695869308,0.1743358837075088,0.1727473758192529,0.1790214105721485,0.1753758421091727,0.1803470718314124,0.1744273086219408,0.1745987303365008,0.1747587239367568,0.1745873022221968,0.1753758421091727,0.1756044043952527,0.1744501648505488,0.1760272446245007,0.1745187335363728,0.1740158965069968,0.1746787271366288,0.1747701520510608,0.1792499728582285,0.1792499728582285,0.1766672190255246,0.1766672190255246,0.1744158805076368,0.1651933922643094,0.1801642220025484,0.1669647499814293,0.1678904272400532,0.1727473758192529,0.1746787271366288,0.1527481757872542,0.1745415897649808,0.1772271966264206,0.1749530018799248,0.2035004314113149,0.1978549429451393,0.1904723811047558,0.1455713200043427,0.1669761780957333
Greedy Monroe,0.1757301136525967,0.2772117686721103,0.2447330678201443,0.1984834892318593,0.0,0.1360859851320233,0.0295873879330541,0.0295873879330541,0.0295873879330541,0.0295873879330541,0.0,0.0295873879330541,0.0,0.2481843583399521,0.0,0.0295873879330541,0.203134731753587,0.2409046495283046,0.171970264046581,0.21783128674853,0.1290234104921517,0.171227436616821,0.1678218585542292,0.1018016422200254,0.1808270526321804,0.1741187495357328,0.1740273246213008,0.1744844491934608,0.1999348597484672,0.1739701840497808,0.1722788231327889,0.1797528098876045,0.1747587239367568,0.1795242476015245,0.1744615929648528,0.1743587399361168,0.1740273246213008,0.1743473118218128,0.1747587239367568,0.1747130114795408,0.1740158965069968,0.1750329986800528,0.1742558869073808,0.1745530178792848,0.1743701680504208,0.1742444587930768,0.1781871582279565,0.1781871582279565,0.1773529058837646,0.1773529058837646,0.1742558869073808,0.1641762900912534,0.1810213305753484,0.1666561908952213,0.1672618809533333,0.1723016793613969,0.1743701680504208,0.1489540418383264,0.1747015833652368,0.1783128674853006,0.1746558709080208,0.203226156668019,0.1924608729936517,0.1901866782471558,0.1461427257195426,0.1670447467815573
Minimax Approval Voting (MAV),0.2384818892958567,0.2514870833738079,0.2451787642780003,0.2469501219951202,0.2481843583399521,0.2418303267869285,0.2396932694120806,0.2396932694120806,0.2396932694120806,0.2396932694120806,0.2481843583399521,0.2396932694120806,0.2481843583399521,0.0,0.2481843583399521,0.2396932694120806,0.2441502339906403,0.2845486180552778,0.2483557800545121,0.2476929494248801,0.2491786042844,0.2478757992537441,0.2462987194797922,0.2514985114881119,0.2470644031381602,0.248710051597936,0.2484700611975521,0.2475558120532321,0.2698292068317267,0.248847188969584,0.248744335940848,0.2456587450787682,0.250047140971504,0.250047140971504,0.2478986554823521,0.248744335940848,0.250047140971504,0.248744335940848,0.250047140971504,0.250047140971504,0.2487329078265441,0.250047140971504,0.248744335940848,0.2461501539938402,0.2484357768546401,0.2486186266835041,0.250047140971504,0.250047140971504,0.2450644831349603,0.2450644831349603,0.2482072145685601,0.2468244127377762,0.2459558760506722,0.2459330198220642,0.2469615501094242,0.2487671921694561,0.2484357768546401,0.2457844543361122,0.2471329718239842,0.2454073265640803,0.2487329078265441,0.2470186906809442,0.2668578971126869,0.2461501539938402,0.2456473169644643,0.2457044575359842
Method of Equal Shares (aka Rule X) with Phragmén phase,0.1757301136525967,0.2772117686721103,0.2447330678201443,0.1984834892318593,0.0,0.1360859851320233,0.0295873879330541,0.0295873879330541,0.0295873879330541,0.0295873879330541,0.0,0.0295873879330541,0.0,0.2481843583399521,0.0,0.0295873879330541,0.203134731753587,0.2409046495283046,0.171970264046581,0.21783128674853,0.1290234104921517,0.171227436616821,0.1678218585542292,0.1018016422200254,0.1808270526321804,0.1741187495357328,0.1740273246213008,0.1744844491934608,0.1999348597484672,0.1739701840497808,0.1722788231327889,0.1797528098876045,0.1747587239367568,0.1795242476015245,0.1744615929648528,0.1743587399361168,0.1740273246213008,0.1743473118218128,0.1747587239367568,0.1747130114795408,0.1740158965069968,0.1750329986800528,0.1742558869073808,0.1745530178792848,0.1743701680504208,0.1742444587930768,0.1781871582279565,0.1781871582279565,0.1773529058837646,0.1773529058837646,0.1742558869073808,0.1641762900912534,0.1810213305753484,0.1666561908952213,0.1672618809533333,0.1723016793613969,0.1743701680504208,0.1489540418383264,0.1747015833652368,0.1783128674853006,0.1746558709080208,0.203226156668019,0.1924608729936517,0.1901866782471558,0.1461427257195426,0.1670447467815573
E Pluribus Hugo (EPH),0.1733644939916689,0.2784574331312461,0.2450759112492643,0.1979463678595713,0.0295873879330541,0.1323489917546155,0.0,0.0,0.0,0.0,0.0295873879330541,0.0,0.0295873879330541,0.2396932694120806,0.0295873879330541,0.0,0.203157587982195,0.2465729942230882,0.1733302096487569,0.217579868233842,0.1292062603210157,0.172004548389493,0.1683132674693012,0.1054586387973052,0.1809299056609164,0.1746101584508048,0.1746330146794128,0.1747930082796688,0.2061174695869308,0.1743358837075088,0.1727473758192529,0.1790214105721485,0.1753758421091727,0.1803470718314124,0.1744273086219408,0.1745987303365008,0.1747587239367568,0.1745873022221968,0.1753758421091727,0.1756044043952527,0.1744501648505488,0.1760272446245007,0.1745187335363728,0.1740158965069968,0.1746787271366288,0.1747701520510608,0.1792499728582285,0.1792499728582285,0.1766672190255246,0.1766672190255246,0.1744158805076368,0.1651933922643094,0.1801642220025484,0.1669647499814293,0.1678904272400532,0.1727473758192529,0.1746787271366288,0.1527481757872542,0.1745415897649808,0.1772271966264206,0.1749530018799248,0.2035004314113149,0.1978549429451393,0.1904723811047558,0.1455713200043427,0.1669761780957333
Random Serial Dictator,0.2241053215014256,0.2620009485334872,0.2444473649625443,0.2300250847108972,0.203134731753587,0.2124372167970424,0.203157587982195,0.203157587982195,0.203157587982195,0.203157587982195,0.203134731753587,0.203157587982195,0.203134731753587,0.2441502339906403,0.203134731753587,0.203157587982195,0.0,0.2440130966189923,0.2237510499580016,0.2354762952339049,0.2134086065128823,0.2228825132708977,0.2222311107555697,0.2088602170198906,0.2254424108749935,0.2232710691572337,0.2233624940716657,0.2233053535001457,0.233224956716017,0.2230653630997617,0.2233053535001457,0.2247795802453616,0.2230425068711537,0.2260023884758895,0.2233396378430577,0.2233739221859697,0.2225739541846897,0.2233853503002737,0.2230425068711537,0.2227110915563377,0.2230082225282417,0.2233739221859697,0.2232482129286257,0.2233510659573617,0.2233853503002737,0.2232253567000177,0.2253167016176495,0.2253167016176495,0.2245053055020656,0.2245053055020656,0.2232139285857137,0.2222082545269617,0.2250309987600496,0.2224253886987377,0.2219568360122737,0.2232139285857137,0.2233853503002737,0.2209625900678258,0.2236367688149617,0.2245624460735856,0.2234196346431857,0.2304593530544492,0.2288365608232813,0.2276823212785774,0.2165170536035701,0.2215225676687218
Anti-Plurality,0.2076031244464507,0.2727890884364625,0.2448244927345763,0.1918437548212357,0.2409046495283046,0.21800270846309,0.2465729942230882,0.2465729942230882,0.2465729942230882,0.2465729942230882,0.2409046495283046,0.2465729942230882,0.2409046495283046,0.2845486180552778,0.2409046495283046,0.2465729942230882,0.2440130966189923,0.0,0.2060489009011068,0.1889410137880199,0.2106430028513145,0.1961407257995394,0.2011805242076031,0.218905529493106,0.1959578759706754,0.1944150805396355,0.1944836492254595,0.1953179015696515,0.1623706480312216,0.1945179335683715,0.1953064734553475,0.1984606330032512,0.1915351957350277,0.1947236396258435,0.1947807801973635,0.1937408217956996,0.1925180135651716,0.1936493968812676,0.1915351957350277,0.1907923683052678,0.1938322467101316,0.1897409817892998,0.1937865342529156,0.1997862942625152,0.1943350837395075,0.1940950933391236,0.1914894832778117,0.1914894832778117,0.1997520099196032,0.1997520099196032,0.1946664990543235,0.1994320227190912,0.1974663870588033,0.2015919363225471,0.2003462718634111,0.1950436268263555,0.1943350837395075,0.2054889233002108,0.1956493168844675,0.1994205946047872,0.1939693840817795,0.1938093904815236,0.1590907792259738,0.1975349557446273,0.2089973543915386,0.2013290896935551
Two-Approval,0.1128069162947767,0.2828915414811979,0.2445159336483683,0.1263606598593199,0.171970264046581,0.1310347586096556,0.1733302096487569,0.1733302096487569,0.1733302096487569,0.1733302096487569,0.171970264046581,0.1733302096487569,0.171970264046581,0.2483557800545121,0.171970264046581,0.1733302096487569,0.2237510499580016,0.2060489009011068,0.0,0.1446684989743267,0.1336975092424874,0.1120526607507128,0.1115041112641208,0.1425428697137828,0.1203037592782003,0.1122355105795768,0.1123383636083128,0.1122240824652728,0.1746330146794128,0.1120183764078008,0.1126697789231288,0.1136411686389687,0.1132069002954167,0.1206351745930162,0.1122240824652728,0.1120298045221048,0.1126126383516088,0.1122697949224888,0.1132069002954167,0.1130011942379447,0.1122697949224888,0.1132983252098487,0.1122012262366648,0.1118698109218488,0.1121212294365368,0.1122469386938808,0.1196295005342643,0.1196295005342643,0.1120183764078008,0.1120183764078008,0.1122126543509688,0.1112069802922168,0.1146925551549366,0.1115955361785528,0.1114812550355128,0.1125097853228728,0.1121212294365368,0.1140640088682167,0.1123612198369208,0.1127840600661687,0.1125897821230007,0.109378482003577,0.1129554817807287,0.1146468426977206,0.1141325775540407,0.1116069642928568
Three-Approval,0.0905449496305862,0.2837715062826058,0.2437045375327844,0.0644545646745558,0.21783128674853,0.155513779448822,0.217579868233842,0.217579868233842,0.217579868233842,0.217579868233842,0.21783128674853,0.217579868233842,0.21783128674853,0.2476929494248801,0.21783128674853,0.217579868233842,0.2354762952339049,0.1889410137880199,0.1446684989743267,0.0,0.1585765140822938,0.0902021062014662,0.0946019302085059,0.1776043243984526,0.0872993651682504,0.0883507516842183,0.0882936111126983,0.0879507676835783,0.1688046763843732,0.0884421765986503,0.0900192563726022,0.0817453016165067,0.0883507516842183,0.0982589267857857,0.0875622117972424,0.0880421925980103,0.0887735919134663,0.0879736239121863,0.0883507516842183,0.0889678698566343,0.0882364705411783,0.0895049912289222,0.0880879050552263,0.0896535567148742,0.0877564897404103,0.0878364865405383,0.0972075402698177,0.0972075402698177,0.0837337935054026,0.0837337935054026,0.0882936111126983,0.0949790579805379,0.0808310524721868,0.0954590387813058,0.0949447736376259,0.0899164033438662,0.0877564897404103,0.1006588307896255,0.0874365025398984,0.0824881290462667,0.0872650808253384,0.0374727868028136,0.1096413286325689,0.0652545326758358,0.1305890621517996,0.0946819270086339
Instant Runoff,0.1122355105795768,0.2830401069671499,0.2446873553629283,0.1315147394104235,0.1290234104921517,0.0358728508002537,0.1292062603210157,0.1292062603210157,0.1292062603210157,0.1292062603210157,0.1290234104921517,0.1292062603210157,0.1290234104921517,0.2491786042844,0.1290234104921517,0.1292062603210157,0.2134086065128823,0.2106430028513145,0.1336975092424874,0.1585765140822938,0.0,0.1007159713611455,0.0904535247161542,0.0721456856011473,0.1165896221294005,0.1054014982257852,0.1055386355974332,0.1063728879416252,0.1683246955836052,0.1050472266823612,0.1006702589039295,0.1114812550355128,0.1071385715999931,0.1162239224716725,0.1070471466855611,0.1059500477123772,0.1055272074831292,0.1059614758266812,0.1071385715999931,0.1066700189135291,0.1057329135406012,0.1072414246287291,0.1060871850840252,0.108429948516345,0.1056986291976892,0.1056986291976892,0.1150353985840566,0.1150353985840566,0.1105555777768889,0.1105555777768889,0.1056072042832572,0.1054357825686972,0.1126469226945207,0.0866936751101384,0.0907163713451462,0.1004188403892415,0.1056986291976892,0.1043958241670333,0.1067957281708731,0.1108755649774009,0.1060300445125052,0.1449884861748387,0.1479940802367905,0.1286234264915117,0.0751969921203151,0.1019044952487614
Bottom-Two-Runoff Instant Runoff,0.0283302953596141,0.2854971515425097,0.2440130966189923,0.0538835589433565,0.171227436616821,0.1047958081676733,0.172004548389493,0.172004548389493,0.172004548389493,0.172004548389493,0.171227436616821,0.172004548389493,0.171227436616821,0.2478757992537441,0.171227436616821,0.172004548389493,0.2228825132708977,0.1961407257995394,0.1120526607507128,0.0902021062014662,0.1007159713611455,0.0,0.0117366733902072,0.1158810790425525,0.0262618066705903,0.0086282262995194,0.0088339323569914,0.0097710377299193,0.1276406086613678,0.0090167821858554,0.0091653476718074,0.0187763918014708,0.0114052580753912,0.0274274743295982,0.0109938459604472,0.0091196352145914,0.0101481655019513,0.0091539195575034,0.0114052580753912,0.0116681047043832,0.0085825138423034,0.0134623186501111,0.0092796288148474,0.0195877879170547,0.0089939259572474,0.0088567885855994,0.0256332603838703,0.0256332603838703,0.0191192352305907,0.0191192352305907,0.0088110761283834,0.0163993440262389,0.0208791648334066,0.0140222962510071,0.0137365933934071,0.0094967629866233,0.0089939259572474,0.0222733947784945,0.0106738587599353,0.0179535675715828,0.0093139131577594,0.0755626917780431,0.1064300285131451,0.0606490026113241,0.0569691498054363,0.0166164781980149
Benham,0.0242733147816944,0.2853485860565577,0.2443559400481123,0.0580433925500122,0.1678218585542292,0.0981675018713537,0.1683132674693012,0.1683132674693012,0.1683132674693012,0.1683132674693012,0.1678218585542292,0.1683132674693012,0.1678218585542292,0.2462987194797922,0.1678218585542292,0.1683132674693012,0.2222311107555697,0.2011805242076031,0.1115041112641208,0.0946019302085059,0.0904535247161542,0.0117366733902072,0.0,0.1116069642928568,0.0331529595959018,0.0170050340843509,0.0171764557989109,0.0178050020856308,0.1319147234110635,0.0167764717982709,0.0124909289342712,0.0233819218659825,0.0189935259732467,0.0292674007325421,0.0183764078008308,0.0175650116852468,0.0177478615141108,0.0176335803710708,0.0189935259732467,0.0187535355728628,0.0172564525990388,0.0195306473455347,0.0177707177427188,0.0201934779751667,0.0173250212848628,0.0173250212848628,0.0279531675875822,0.0279531675875822,0.0223305353500145,0.0223305353500145,0.0170964589987829,0.0184335483723508,0.0250389984400623,0.0037598496060157,0.0065368813818875,0.0128909129349111,0.0173250212848628,0.0188678167159027,0.0179992800287988,0.0224562446073585,0.0176221522567668,0.0786711388687309,0.1110355585776568,0.0635974561017559,0.0511979520819167,0.0118852388761592
PluralityWRunoff PUT,0.1266577908312239,0.2820687172513099,0.2442073745621603,0.1511253835560863,0.1018016422200254,0.0866479626529224,0.1054586387973052,0.1054586387973052,0.1054586387973052,0.1054586387973052,0.1018016422200254,0.1054586387973052,0.1018016422200254,0.2514985114881119,0.1018016422200254,0.1054586387973052,0.2088602170198906,0.218905529493106,0.1425428697137828,0.1776043243984526,0.0721456856011473,0.1158810790425525,0.1116069642928568,0.0,0.1301776500368556,0.1193437976766643,0.1192638008765363,0.1198694909346483,0.1692046603850131,0.1192180884193203,0.1169667499014325,0.1271034872890798,0.1205323215642802,0.1291376916351917,0.1208980212220082,0.1195609318484403,0.1193437976766643,0.1194923631626163,0.1205323215642802,0.1202580468209843,0.1194009382481843,0.1207608838503602,0.1195495037341363,0.1224408166530481,0.1191609478478003,0.1191609478478003,0.1276863211185838,0.1276863211185838,0.1255149794008239,0.1255149794008239,0.1193552257909683,0.1175838680738484,0.1286691389487277,0.1108755649774009,0.1108298525201849,0.1169324655585205,0.1191609478478003,0.1145782740118966,0.1205894621358002,0.1260978132303279,0.1198694909346483,0.1641648619769495,0.1614563988869016,0.1473198214928545,0.0879050552263623,0.1138011622392247
Coombs,0.0376213522887655,0.2850857394275657,0.2434531190180964,0.0547406675161565,0.1808270526321804,0.1154810950419126,0.1809299056609164,0.1809299056609164,0.1809299056609164,0.1809299056609164,0.1808270526321804,0.1809299056609164,0.1808270526321804,0.2470644031381602,0.1808270526321804,0.1809299056609164,0.2254424108749935,0.1959578759706754,0.1203037592782003,0.0872993651682504,0.1165896221294005,0.0262618066705903,0.0331529595959018,0.1301776500368556,0.0,0.0213820018627826,0.0209134491763186,0.0204334683755506,0.1335717999851434,0.0218619826635506,0.0264675127280623,0.0274503305582062,0.0232790688372465,0.0394498505774054,0.0214391424343026,0.0213477175198706,0.0228333723793905,0.0213705737484786,0.0232790688372465,0.0236676247235824,0.0211648676910066,0.0253132731833583,0.0215534235773426,0.03083305239219,0.0210277303193586,0.0211648676910066,0.0376327804030695,0.0376327804030695,0.0266960750141422,0.0266960750141422,0.0211077271194866,0.0326272663379179,0.0288102761603821,0.0343529115978218,0.0334158062248938,0.0268446405000942,0.0210277303193586,0.0386498825761255,0.0210505865479666,0.0265703657567983,0.0212677207197426,0.0752655608061391,0.109024210460153,0.061791814041724,0.0725228133731793,0.0323987040518379
Baldwin,0.0291531195895021,0.2856228607998537,0.2437731062186084,0.0523636197409246,0.1741187495357328,0.108498517202169,0.1746101584508048,0.1746101584508048,0.1746101584508048,0.1746101584508048,0.1741187495357328,0.1746101584508048,0.1741187495357328,0.248710051597936,0.1741187495357328,0.1746101584508048,0.2232710691572337,0.1944150805396355,0.1122355105795768,0.0883507516842183,0.1054014982257852,0.0086282262995194,0.0170050340843509,0.1193437976766643,0.0213820018627826,0.0,0.0008342523441919,0.0039769837777917,0.1260978132303279,0.0013713737164799,0.0089253572714234,0.0165593376264949,0.0072339963544315,0.0269703497574382,0.0065368813818875,0.0036112841200637,0.0059654756666876,0.0035427154342397,0.0072339963544315,0.0079653956698874,0.0026627506328318,0.0111652676750072,0.0036455684629757,0.0169936059700469,0.0024570445753598,0.0021256292605438,0.0253361294119663,0.0253361294119663,0.015085110881279,0.015085110881279,0.0017027890312958,0.0168107561411829,0.0193592256309747,0.0187078231156468,0.0177250052855028,0.0094510505294073,0.0024570445753598,0.0251647076974063,0.0061940379527676,0.015370813738879,0.0030741627477758,0.0738027621752272,0.1038244184518333,0.0586262263795162,0.0597576096956121,0.0182849828863988
Strict Nanson,0.0285931419886061,0.2856228607998537,0.2438073905615204,0.0520779168833246,0.1740273246213008,0.108281383030393,0.1746330146794128,0.1746330146794128,0.1746330146794128,0.1746330146794128,0.1740273246213008,0.1746330146794128,0.1740273246213008,0.2484700611975521,0.1740273246213008,0.1746330146794128,0.2233624940716657,0.1944836492254595,0.1123383636083128,0.0882936111126983,0.1055386355974332,0.0088339323569914,0.0171764557989109,0.1192638008765363,0.0209134491763186,0.0008342523441919,0.0,0.0031884438908157,0.1262578068305839,0.0021827698320638,0.0092224882433274,0.0163650596833269,0.0069597216111355,0.0270960590147822,0.0059540475523836,0.0029827378333438,0.0064568845817595,0.0029598816047358,0.0069597216111355,0.0082168141845754,0.0020799168033278,0.0113481175038712,0.0030513065191678,0.0170507465415669,0.0016913609169918,0.0012913769163519,0.0254161262120943,0.0254161262120943,0.014319427222911,0.014319427222911,0.0013485174878719,0.0170278903129589,0.0190735227733747,0.0188449604872947,0.0179764238001908,0.0097481815013113,0.0016913609169918,0.0250732827829743,0.0056797728090876,0.014902261052415,0.0027884598901758,0.0738827589753552,0.1038701309090493,0.0586147982652122,0.0595404755238361,0.0179764238001908
Weak Nanson,0.0263646596993263,0.2856228607998537,0.2436931094184804,0.0511979520819167,0.1744844491934608,0.107949967715577,0.1747930082796688,0.1747930082796688,0.1747930082796688,0.1747930082796688,0.1744844491934608,0.1747930082796688,0.1744844491934608,0.2475558120532321,0.1744844491934608,0.1747930082796688,0.2233053535001457,0.1953179015696515,0.1122240824652728,0.0879507676835783,0.1063728879416252,0.0097710377299193,0.0178050020856308,0.1198694909346483,0.0204334683755506,0.0039769837777917,0.0031884438908157,0.0,0.1272977652322478,0.0051197952081916,0.0101710217305593,0.015245104481535,0.0090510665287674,0.0276903209585902,0.0039884118920957,0.0046283862931197,0.0085825138423034,0.0048798048078076,0.0090510665287674,0.0102624466449913,0.0041598336066557,0.0125594976200951,0.0049712297222396,0.0167993280268789,0.0036684246915837,0.0034970029770237,0.0259303913557743,0.0259303913557743,0.0122052260766712,0.0122052260766712,0.0041484054923517,0.0176678647139828,0.0181935579719668,0.0196792128314867,0.0190849508876787,0.0106738587599353,0.0036684246915837,0.0255304073551343,0.0027884598901758,0.0125480695057911,0.0049483734936316,0.0734370625174993,0.1046015302245053,0.0582605267217882,0.0595519036381401,0.0166507625409269
Iterated Removal Condorcet Loser,0.1442113744021667,0.2536241407486557,0.2444130806196323,0.1530224505305502,0.1999348597484672,0.1775243275983246,0.2061174695869308,0.2061174695869308,0.2061174695869308,0.2061174695869308,0.1999348597484672,0.2061174695869308,0.1999348597484672,0.2698292068317267,0.1999348597484672,0.2061174695869308,0.233224956716017,0.1623706480312216,0.1746330146794128,0.1688046763843732,0.1683246955836052,0.1276406086613678,0.1319147234110635,0.1692046603850131,0.1335717999851434,0.1260978132303279,0.1262578068305839,0.1272977652322478,0.0,0.1258006822584239,0.1258121103727279,0.1353545858165673,0.1224293885387441,0.12407503699852,0.1267835000885679,0.125057854828664,0.1227265195106481,0.124909289342712,0.1224293885387441,0.1203037592782003,0.125297845229048,0.1159496477283765,0.12441788042764,0.1331261035272875,0.1258806790585519,0.1258578228299439,0.1224179604244401,0.1224179604244401,0.1352288765592233,0.1352288765592233,0.1263035192877999,0.1294462507213997,0.1354117263880873,0.1327718319838635,0.1307490557520556,0.1259606758586799,0.1258806790585519,0.1364174004468392,0.1279034552903598,0.1349317455873193,0.1256064043152559,0.1622106544309656,0.155696629277686,0.1571251435656859,0.1521082013862302,0.1337317935853994
Raynaud,0.030101653076734,0.2856114326855497,0.2438416749044324,0.0529464535704286,0.1739701840497808,0.108761363831161,0.1743358837075088,0.1743358837075088,0.1743358837075088,0.1743358837075088,0.1739701840497808,0.1743358837075088,0.1739701840497808,0.248847188969584,0.1739701840497808,0.1743358837075088,0.2230653630997617,0.1945179335683715,0.1120183764078008,0.0884421765986503,0.1050472266823612,0.0090167821858554,0.0167764717982709,0.1192180884193203,0.0218619826635506,0.0013713737164799,0.0021827698320638,0.0051197952081916,0.1258006822584239,0.0,0.0089139291571194,0.0173021650562548,0.0077939739553275,0.0268103561571822,0.0074968429834235,0.0045826738359037,0.0049826578365436,0.0045483894929917,0.0077939739553275,0.0074397024119035,0.0038055620632317,0.0107995680172793,0.0046283862931197,0.0169250372842229,0.0036227122343677,0.0033827218339837,0.0251761358117103,0.0251761358117103,0.0162507785402869,0.0162507785402869,0.0025256132611838,0.0169593216271349,0.0199420594604787,0.0183535515722228,0.0173821618563828,0.0094167661864953,0.0036227122343677,0.0250161422114543,0.0072682806973435,0.0164107721405429,0.0039655556634877,0.0740313244613072,0.1037558497660093,0.0589576416943322,0.0598147502671321,0.0186506825441268
Tideman Alternative Top Cycle,0.0315873079362539,0.2853714422851657,0.2437845343329124,0.0541578336866525,0.1722788231327889,0.1062243224556732,0.1727473758192529,0.1727473758192529,0.1727473758192529,0.1727473758192529,0.1722788231327889,0.1727473758192529,0.1722788231327889,0.248744335940848,0.1722788231327889,0.1727473758192529,0.2233053535001457,0.1953064734553475,0.1126697789231288,0.0900192563726022,0.1006702589039295,0.0091653476718074,0.0124909289342712,0.1169667499014325,0.0264675127280623,0.0089253572714234,0.0092224882433274,0.0101710217305593,0.1258121103727279,0.0089139291571194,0.0,0.0199763438033907,0.0110395584176632,0.0271074871290862,0.0108452804744953,0.0097481815013113,0.0089482135000314,0.0096910409297913,0.0110395584176632,0.0105367213882873,0.0095424754438393,0.0108338523601913,0.0097710377299193,0.0197477815173107,0.0096453284725753,0.0096567565868793,0.0252218482689263,0.0252218482689263,0.0199649156890867,0.0199649156890867,0.0092453444719354,0.0159422194540789,0.0211534395767026,0.0139765837937911,0.0133480375070711,0.0009713897158399,0.0096453284725753,0.0233247812944625,0.0107652836743673,0.0193249412880627,0.0094967629866233,0.0749341454913232,0.1047843800533692,0.0605461495825881,0.0593004851234522,0.0180221362574068
