,NN,Min Violations Committee,Max Violations Committee,Random Choice,Borda ranking,Plurality ranking,STV,Approval Voting (AV),Proportional Approval Voting (PAV),Approval Chamberlin-Courant (CC),Lexicographic Chamberlin-Courant (lex-CC),Sequential Approval Chamberlin-Courant (seq-CC),Monroe's Approval Rule (Monroe),Greedy Monroe,Minimax Approval Voting (MAV),Method of Equal Shares (aka Rule X) with Phragmén phase,E Pluribus Hugo (EPH),Random Serial Dictator
Min Violations Committee,0.04567466666666667,0.0,0.5949866666666667,0.44377333333333335,0.20296,0.3323466666666667,0.29656,0.2506,0.2607466666666667,0.30794666666666665,0.2847733333333333,0.49421333333333334,0.30794666666666665,0.36058666666666667,0.30794666666666665,0.28276,0.2516933333333333,0.41518666666666665
Max Violations Committee,0.5744193333333333,0.5949866666666667,0.0,0.44472,0.53764,0.511,0.5415466666666666,0.5334266666666667,0.5245066666666667,0.5606133333333333,0.5161333333333333,0.33248,0.5606133333333333,0.47388,0.5606133333333333,0.51304,0.53276,0.4628
Random Choice,0.44391866666666663,0.44377333333333335,0.44472,0.0,0.4440133333333333,0.44492,0.44424,0.44477333333333335,0.44421333333333335,0.4419866666666667,0.44609333333333334,0.44568,0.4419866666666667,0.4440266666666667,0.4419866666666667,0.4460266666666667,0.4447333333333333,0.44510666666666665
Borda ranking,0.20442200000000008,0.20296,0.53764,0.4440133333333333,0.0,0.26665333333333335,0.24309333333333333,0.18912,0.19108,0.45224,0.22657333333333332,0.38698666666666665,0.45224,0.29805333333333334,0.45224,0.21454666666666666,0.18882666666666667,0.4046
Plurality ranking,0.3383293333333333,0.3323466666666667,0.511,0.44492,0.26665333333333335,0.0,0.12409333333333333,0.36688,0.36637333333333333,0.47532,0.37334666666666666,0.3982133333333333,0.47532,0.38748,0.47532,0.37308,0.36628,0.42652
STV,0.303166,0.29656,0.5415466666666666,0.44424,0.24309333333333333,0.12409333333333333,0.0,0.34518666666666664,0.34792,0.4324266666666667,0.35862666666666665,0.4294133333333333,0.4324266666666667,0.3832933333333333,0.4324266666666667,0.35668,0.34502666666666665,0.42477333333333334
Approval Voting (AV),0.24858133333333335,0.2506,0.5334266666666667,0.44477333333333335,0.18912,0.36688,0.34518666666666664,0.0,0.045173333333333336,0.41977333333333333,0.137,0.41318666666666665,0.41977333333333333,0.2751733333333333,0.41977333333333333,0.12416,0.0036133333333333334,0.39652
Proportional Approval Voting (PAV),0.258086,0.2607466666666667,0.5245066666666667,0.44421333333333335,0.19108,0.36637333333333333,0.34792,0.045173333333333336,0.0,0.43416,0.09678666666666666,0.39554666666666666,0.43416,0.2711733333333333,0.43416,0.08462666666666667,0.04262666666666667,0.39485333333333333
Approval Chamberlin-Courant (CC),0.29070533333333326,0.30794666666666665,0.5606133333333333,0.4419866666666667,0.45224,0.47532,0.4324266666666667,0.41977333333333333,0.43416,0.0,0.43752,0.6666666666666666,0.0,0.4813733333333333,0.0,0.44390666666666667,0.42152,0.44584
Lexicographic Chamberlin-Courant (lex-CC),0.2842186666666667,0.2847733333333333,0.5161333333333333,0.44609333333333334,0.22657333333333332,0.37334666666666666,0.35862666666666665,0.137,0.09678666666666666,0.43752,0.0,0.39084,0.43752,0.28669333333333336,0.43752,0.06065333333333333,0.13517333333333334,0.39972
Sequential Approval Chamberlin-Courant (seq-CC),0.4953433333333333,0.49421333333333334,0.33248,0.44568,0.38698666666666665,0.3982133333333333,0.4294133333333333,0.41318666666666665,0.39554666666666666,0.6666666666666666,0.39084,0.0,0.6666666666666666,0.35670666666666667,0.6666666666666666,0.38392,0.41154666666666667,0.43162666666666666
Monroe's Approval Rule (Monroe),0.29070533333333326,0.30794666666666665,0.5606133333333333,0.4419866666666667,0.45224,0.47532,0.4324266666666667,0.41977333333333333,0.43416,0.0,0.43752,0.6666666666666666,0.0,0.4813733333333333,0.0,0.44390666666666667,0.42152,0.44584
Greedy Monroe,0.3601386666666667,0.36058666666666667,0.47388,0.4440266666666667,0.29805333333333334,0.38748,0.3832933333333333,0.2751733333333333,0.2711733333333333,0.4813733333333333,0.28669333333333336,0.35670666666666667,0.4813733333333333,0.0,0.4813733333333333,0.27730666666666665,0.27458666666666665,0.41258666666666666
Minimax Approval Voting (MAV),0.29070533333333326,0.30794666666666665,0.5606133333333333,0.4419866666666667,0.45224,0.47532,0.4324266666666667,0.41977333333333333,0.43416,0.0,0.43752,0.6666666666666666,0.0,0.4813733333333333,0.0,0.44390666666666667,0.42152,0.44584
Method of Equal Shares (aka Rule X) with Phragmén phase,0.280642,0.28276,0.51304,0.4460266666666667,0.21454666666666666,0.37308,0.35668,0.12416,0.08462666666666667,0.44390666666666667,0.06065333333333333,0.38392,0.44390666666666667,0.27730666666666665,0.44390666666666667,0.0,0.12238666666666667,0.39708
E Pluribus Hugo (EPH),0.24965933333333334,0.2516933333333333,0.53276,0.4447333333333333,0.18882666666666667,0.36628,0.34502666666666665,0.0036133333333333334,0.04262666666666667,0.42152,0.13517333333333334,0.41154666666666667,0.42152,0.27458666666666665,0.42152,0.12238666666666667,0.0,0.39609333333333335
Random Serial Dictator,0.4153613333333333,0.41518666666666665,0.4628,0.44510666666666665,0.4046,0.42652,0.42477333333333334,0.39652,0.39485333333333333,0.44584,0.39972,0.43162666666666666,0.44584,0.41258666666666666,0.44584,0.39708,0.39609333333333335,0.0
NN,,0.04567466666666667,0.5744193333333333,0.44391866666666663,0.20442200000000008,0.3383293333333333,0.303166,0.24858133333333335,0.258086,0.29070533333333326,0.2842186666666667,0.4953433333333333,0.29070533333333326,0.3601386666666667,0.29070533333333326,0.280642,0.24965933333333334,0.4153613333333333
