,NN,Min Violations Committee,Max Violations Committee,Random Choice,Borda ranking,Plurality ranking,STV,Approval Voting (AV),Proportional Approval Voting (PAV),Approval Chamberlin-Courant (CC),Lexicographic Chamberlin-Courant (lex-CC),Sequential Approval Chamberlin-Courant (seq-CC),Monroe's Approval Rule (Monroe),Greedy Monroe,Minimax Approval Voting (MAV),Method of Equal Shares (aka Rule X) with Phragmén phase,E Pluribus Hugo (EPH),Random Serial Dictator,Anti-Plurality,Two-Approval,Three-Approval,Instant Runoff,Bottom-Two-Runoff Instant Runoff,Benham,PluralityWRunoff PUT,Coombs,Baldwin,Strict Nanson,Weak Nanson,Iterated Removal Condorcet Loser,Raynaud,Tideman Alternative Top Cycle,Knockout Voting,Banks,Condorcet,Copeland,Llull,Uncovered Set,Uncovered Set - Fishburn,Uncovered Set - Bordes,Uncovered Set - McKelvey,Slater,Top Cycle,GOCHA,Bipartisan Set,Minimax,Split Cycle,Ranked Pairs ZT,Ranked Pairs TB,Simple Stable Voting,Stable Voting,Loss-Trimmer Voting,Daunou,Blacks,Condorcet IRV,Condorcet IRV PUT,Smith IRV,Smith-Minimax,Condorcet Plurality,Copeland-Local-Borda,Copeland-Global-Borda,Borda-Minimax Faceoff,Bucklin,Simplified Bucklin,Weighted Bucklin,Bracket Voting,Superior Voting
Min Violations Committee,0.0009188571428571429,0.0,0.2857142857142857,0.24492571428571427,0.05332571428571429,0.1744457142857143,0.10140571428571428,0.17285714285714285,0.17285714285714285,0.17285714285714285,0.17285714285714285,0.1744457142857143,0.17285714285714285,0.1744457142857143,0.23782857142857142,0.1744457142857143,0.17285714285714285,0.22164571428571428,0.20485714285714285,0.11705142857142857,0.08677714285714286,0.11192,0.02576,0.022308571428571428,0.12762285714285715,0.03365714285714286,0.026354285714285716,0.025805714285714286,0.02464,0.14122285714285715,0.027074285714285714,0.028948571428571428,0.01670857142857143,0.030571428571428572,0.033177142857142856,0.024137142857142857,0.026068571428571427,0.030228571428571428,0.026102857142857143,0.030571428571428572,0.03179428571428571,0.02617142857142857,0.032022857142857145,0.026102857142857143,0.017497142857142857,0.02576,0.025965714285714286,0.03302857142857143,0.03302857142857143,0.01416,0.01416,0.0256,0.02672,0.019394285714285715,0.02384,0.025142857142857144,0.029154285714285716,0.02574857142857143,0.025028571428571428,0.023485714285714287,0.014902857142857143,0.026365714285714284,0.07185142857142857,0.11715428571428571,0.05473142857142857,0.05970285714285714,0.01905142857142857
Max Violations Committee,0.2855582857142857,0.2857142857142857,0.0,0.24482285714285715,0.2849257142857143,0.2775657142857143,0.28406857142857145,0.27858285714285713,0.27858285714285713,0.27858285714285713,0.27858285714285713,0.2775657142857143,0.27858285714285713,0.2775657142857143,0.2519657142857143,0.2775657142857143,0.27858285714285713,0.26112,0.27394285714285715,0.28269714285714287,0.2837142857142857,0.28347428571428573,0.28541714285714287,0.28552,0.2823085714285714,0.2852342857142857,0.2856228571428571,0.2856457142857143,0.28563428571428573,0.25598857142857145,0.28561142857142857,0.28546285714285713,0.28561142857142857,0.2851885714285714,0.27813714285714286,0.28547428571428574,0.28544,0.2852342857142857,0.28537142857142855,0.2851885714285714,0.2850857142857143,0.2854857142857143,0.28466285714285716,0.2853257142857143,0.2852914285714286,0.28554285714285715,0.28553142857142855,0.28082285714285715,0.28082285714285715,0.2855542857142857,0.2855542857142857,0.2856228571428571,0.2850971428571429,0.2854857142857143,0.2853257142857143,0.2853142857142857,0.28547428571428574,0.28554285714285715,0.28442285714285714,0.28561142857142857,0.2856228571428571,0.28553142857142855,0.2841714285714286,0.28125714285714287,0.2849257142857143,0.28462857142857145,0.2855542857142857
Random Choice,0.2448777142857143,0.24492571428571427,0.24482285714285715,0.0,0.24528,0.24534857142857142,0.24586285714285713,0.2452457142857143,0.2452457142857143,0.2452457142857143,0.2452457142857143,0.24534857142857142,0.2452457142857143,0.24534857142857142,0.2450057142857143,0.24534857142857142,0.2452457142857143,0.2460342857142857,0.24376,0.24537142857142857,0.24502857142857143,0.24576,0.24498285714285714,0.2450057142857143,0.24534857142857142,0.24540571428571428,0.24498285714285714,0.24486857142857144,0.24488,0.24502857142857143,0.24502857142857143,0.24504,0.24469714285714286,0.24501714285714285,0.24566857142857143,0.24484571428571428,0.24481142857142857,0.24494857142857143,0.24486857142857144,0.24501714285714285,0.24504,0.24486857142857144,0.24514285714285713,0.24484571428571428,0.24494857142857143,0.24484571428571428,0.24488,0.24548571428571428,0.24548571428571428,0.24469714285714286,0.24469714285714286,0.24488,0.24538285714285715,0.24507428571428572,0.24494857142857143,0.24507428571428572,0.24502857142857143,0.24484571428571428,0.24538285714285715,0.24478857142857144,0.24464,0.24499428571428572,0.24504,0.2452,0.24538285714285715,0.24541714285714286,0.2451542857142857
Borda ranking,0.052924,0.05332571428571429,0.2849257142857143,0.24528,0.0,0.19852571428571428,0.12913142857142856,0.19803428571428572,0.19803428571428572,0.19803428571428572,0.19803428571428572,0.19852571428571428,0.19803428571428572,0.19852571428571428,0.24453714285714287,0.19852571428571428,0.19803428571428572,0.22716571428571428,0.18921142857142856,0.13177142857142857,0.061771428571428574,0.13341714285714285,0.05390857142857143,0.056377142857142855,0.1533142857142857,0.05382857142857143,0.05260571428571428,0.05253714285714286,0.051577142857142856,0.14966857142857143,0.05286857142857143,0.054514285714285717,0.03773714285714286,0.05332571428571429,0.06284571428571428,0.05116571428571429,0.052,0.053622857142857146,0.052308571428571426,0.05332571428571429,0.05384,0.05234285714285714,0.054754285714285714,0.052422857142857146,0.05302857142857143,0.05195428571428572,0.052,0.061965714285714284,0.061965714285714284,0.04763428571428571,0.04763428571428571,0.05248,0.05730285714285714,0.034,0.057954285714285715,0.05762285714285714,0.05474285714285714,0.051942857142857145,0.06344,0.05123428571428571,0.04112,0.050262857142857144,0.06643428571428571,0.11450285714285714,0.047485714285714284,0.09656,0.05699428571428571
Plurality ranking,0.17453771428571427,0.1744457142857143,0.2775657142857143,0.24534857142857142,0.19852571428571428,0.0,0.1333257142857143,0.028114285714285713,0.028114285714285713,0.028114285714285713,0.028114285714285713,0.0,0.028114285714285713,0.0,0.24929142857142858,0.0,0.028114285714285713,0.20370285714285713,0.23901714285714284,0.17053714285714286,0.21568,0.12744,0.17037714285714287,0.16844571428571428,0.09994285714285714,0.17958857142857143,0.17259428571428573,0.17242285714285716,0.1728457142857143,0.1989942857142857,0.17274285714285714,0.17178285714285715,0.17811428571428572,0.1734857142857143,0.1784,0.1730742857142857,0.17288,0.17322285714285715,0.17288,0.1734857142857143,0.17354285714285714,0.17256,0.17390857142857144,0.17293714285714284,0.17385142857142857,0.17258285714285715,0.17252571428571428,0.17736,0.17736,0.1755657142857143,0.1755657142857143,0.17259428571428573,0.16414857142857142,0.17932571428571428,0.16660571428571427,0.16730285714285714,0.1716457142857143,0.17258285714285715,0.1498857142857143,0.17277714285714285,0.17676571428571428,0.17325714285714286,0.20044571428571428,0.19372571428571428,0.18929142857142858,0.14570285714285713,0.16626285714285716
STV,0.10154914285714287,0.10140571428571428,0.28406857142857145,0.24586285714285713,0.12913142857142856,0.1333257142857143,0.0,0.13194285714285714,0.13194285714285714,0.13194285714285714,0.13194285714285714,0.1333257142857143,0.13194285714285714,0.1333257142857143,0.23754285714285714,0.1333257142857143,0.13194285714285714,0.21282285714285715,0.21885714285714286,0.13066285714285714,0.15466285714285713,0.035782857142857144,0.10365714285714285,0.09782857142857143,0.08498285714285714,0.11507428571428571,0.10733714285714285,0.10709714285714286,0.10677714285714286,0.17668571428571428,0.10768,0.10558857142857143,0.10644571428571428,0.10790857142857142,0.11460571428571428,0.10619428571428571,0.10683428571428571,0.10889142857142857,0.10670857142857143,0.10790857142857142,0.10866285714285714,0.10683428571428571,0.10929142857142857,0.1068,0.10541714285714286,0.10689142857142857,0.10694857142857143,0.11401142857142857,0.11401142857142857,0.10576,0.10576,0.10660571428571429,0.10394285714285714,0.10754285714285715,0.09498285714285715,0.09630857142857142,0.10514285714285715,0.10688,0.10190857142857143,0.10633142857142858,0.10558857142857143,0.10752,0.13906285714285715,0.15165714285714285,0.12444571428571428,0.07318857142857142,0.09789714285714286
Approval Voting (AV),0.17298857142857144,0.17285714285714285,0.27858285714285713,0.2452457142857143,0.19803428571428572,0.028114285714285713,0.13194285714285714,0.0,0.0,0.0,0.0,0.028114285714285713,0.0,0.028114285714285713,0.24082285714285714,0.028114285714285713,0.0,0.20248,0.24521142857142858,0.16974857142857142,0.21518857142857142,0.12835428571428573,0.17026285714285713,0.16795428571428572,0.10420571428571429,0.17906285714285713,0.17245714285714286,0.1722742857142857,0.17272,0.20464,0.17262857142857144,0.17170285714285713,0.17737142857142857,0.17366857142857142,0.17866285714285715,0.17301714285714287,0.1728,0.17330285714285715,0.17282285714285714,0.17366857142857142,0.17376,0.17249142857142857,0.17409142857142856,0.17286857142857143,0.17318857142857144,0.17249142857142857,0.1724342857142857,0.17786285714285716,0.17786285714285716,0.17468571428571428,0.17468571428571428,0.17248,0.16436571428571428,0.1785142857142857,0.16609142857142858,0.16724571428571428,0.17153142857142858,0.17249142857142857,0.15257142857142858,0.17261714285714286,0.17605714285714286,0.17318857142857144,0.19977142857142857,0.19780571428571428,0.18844571428571427,0.14529142857142857,0.16590857142857143
Proportional Approval Voting (PAV),0.17298857142857144,0.17285714285714285,0.27858285714285713,0.2452457142857143,0.19803428571428572,0.028114285714285713,0.13194285714285714,0.0,0.0,0.0,0.0,0.028114285714285713,0.0,0.028114285714285713,0.24082285714285714,0.028114285714285713,0.0,0.20248,0.24521142857142858,0.16974857142857142,0.21518857142857142,0.12835428571428573,0.17026285714285713,0.16795428571428572,0.10420571428571429,0.17906285714285713,0.17245714285714286,0.1722742857142857,0.17272,0.20464,0.17262857142857144,0.17170285714285713,0.17737142857142857,0.17366857142857142,0.17866285714285715,0.17301714285714287,0.1728,0.17330285714285715,0.17282285714285714,0.17366857142857142,0.17376,0.17249142857142857,0.17409142857142856,0.17286857142857143,0.17318857142857144,0.17249142857142857,0.1724342857142857,0.17786285714285716,0.17786285714285716,0.17468571428571428,0.17468571428571428,0.17248,0.16436571428571428,0.1785142857142857,0.16609142857142858,0.16724571428571428,0.17153142857142858,0.17249142857142857,0.15257142857142858,0.17261714285714286,0.17605714285714286,0.17318857142857144,0.19977142857142857,0.19780571428571428,0.18844571428571427,0.14529142857142857,0.16590857142857143
Approval Chamberlin-Courant (CC),0.17298857142857144,0.17285714285714285,0.27858285714285713,0.2452457142857143,0.19803428571428572,0.028114285714285713,0.13194285714285714,0.0,0.0,0.0,0.0,0.028114285714285713,0.0,0.028114285714285713,0.24082285714285714,0.028114285714285713,0.0,0.20248,0.24521142857142858,0.16974857142857142,0.21518857142857142,0.12835428571428573,0.17026285714285713,0.16795428571428572,0.10420571428571429,0.17906285714285713,0.17245714285714286,0.1722742857142857,0.17272,0.20464,0.17262857142857144,0.17170285714285713,0.17737142857142857,0.17366857142857142,0.17866285714285715,0.17301714285714287,0.1728,0.17330285714285715,0.17282285714285714,0.17366857142857142,0.17376,0.17249142857142857,0.17409142857142856,0.17286857142857143,0.17318857142857144,0.17249142857142857,0.1724342857142857,0.17786285714285716,0.17786285714285716,0.17468571428571428,0.17468571428571428,0.17248,0.16436571428571428,0.1785142857142857,0.16609142857142858,0.16724571428571428,0.17153142857142858,0.17249142857142857,0.15257142857142858,0.17261714285714286,0.17605714285714286,0.17318857142857144,0.19977142857142857,0.19780571428571428,0.18844571428571427,0.14529142857142857,0.16590857142857143
Lexicographic Chamberlin-Courant (lex-CC),0.17298857142857144,0.17285714285714285,0.27858285714285713,0.2452457142857143,0.19803428571428572,0.028114285714285713,0.13194285714285714,0.0,0.0,0.0,0.0,0.028114285714285713,0.0,0.028114285714285713,0.24082285714285714,0.028114285714285713,0.0,0.20248,0.24521142857142858,0.16974857142857142,0.21518857142857142,0.12835428571428573,0.17026285714285713,0.16795428571428572,0.10420571428571429,0.17906285714285713,0.17245714285714286,0.1722742857142857,0.17272,0.20464,0.17262857142857144,0.17170285714285713,0.17737142857142857,0.17366857142857142,0.17866285714285715,0.17301714285714287,0.1728,0.17330285714285715,0.17282285714285714,0.17366857142857142,0.17376,0.17249142857142857,0.17409142857142856,0.17286857142857143,0.17318857142857144,0.17249142857142857,0.1724342857142857,0.17786285714285716,0.17786285714285716,0.17468571428571428,0.17468571428571428,0.17248,0.16436571428571428,0.1785142857142857,0.16609142857142858,0.16724571428571428,0.17153142857142858,0.17249142857142857,0.15257142857142858,0.17261714285714286,0.17605714285714286,0.17318857142857144,0.19977142857142857,0.19780571428571428,0.18844571428571427,0.14529142857142857,0.16590857142857143
Sequential Approval Chamberlin-Courant (seq-CC),0.17453771428571427,0.1744457142857143,0.2775657142857143,0.24534857142857142,0.19852571428571428,0.0,0.1333257142857143,0.028114285714285713,0.028114285714285713,0.028114285714285713,0.028114285714285713,0.0,0.028114285714285713,0.0,0.24929142857142858,0.0,0.028114285714285713,0.20370285714285713,0.23901714285714284,0.17053714285714286,0.21568,0.12744,0.17037714285714287,0.16844571428571428,0.09994285714285714,0.17958857142857143,0.17259428571428573,0.17242285714285716,0.1728457142857143,0.1989942857142857,0.17274285714285714,0.17178285714285715,0.17811428571428572,0.1734857142857143,0.1784,0.1730742857142857,0.17288,0.17322285714285715,0.17288,0.1734857142857143,0.17354285714285714,0.17256,0.17390857142857144,0.17293714285714284,0.17385142857142857,0.17258285714285715,0.17252571428571428,0.17736,0.17736,0.1755657142857143,0.1755657142857143,0.17259428571428573,0.16414857142857142,0.17932571428571428,0.16660571428571427,0.16730285714285714,0.1716457142857143,0.17258285714285715,0.1498857142857143,0.17277714285714285,0.17676571428571428,0.17325714285714286,0.20044571428571428,0.19372571428571428,0.18929142857142858,0.14570285714285713,0.16626285714285716
Monroe's Approval Rule (Monroe),0.17298857142857144,0.17285714285714285,0.27858285714285713,0.2452457142857143,0.19803428571428572,0.028114285714285713,0.13194285714285714,0.0,0.0,0.0,0.0,0.028114285714285713,0.0,0.028114285714285713,0.24082285714285714,0.028114285714285713,0.0,0.20248,0.24521142857142858,0.16974857142857142,0.21518857142857142,0.12835428571428573,0.17026285714285713,0.16795428571428572,0.10420571428571429,0.17906285714285713,0.17245714285714286,0.1722742857142857,0.17272,0.20464,0.17262857142857144,0.17170285714285713,0.17737142857142857,0.17366857142857142,0.17866285714285715,0.17301714285714287,0.1728,0.17330285714285715,0.17282285714285714,0.17366857142857142,0.17376,0.17249142857142857,0.17409142857142856,0.17286857142857143,0.17318857142857144,0.17249142857142857,0.1724342857142857,0.17786285714285716,0.17786285714285716,0.17468571428571428,0.17468571428571428,0.17248,0.16436571428571428,0.1785142857142857,0.16609142857142858,0.16724571428571428,0.17153142857142858,0.17249142857142857,0.15257142857142858,0.17261714285714286,0.17605714285714286,0.17318857142857144,0.19977142857142857,0.19780571428571428,0.18844571428571427,0.14529142857142857,0.16590857142857143
Greedy Monroe,0.17453771428571427,0.1744457142857143,0.2775657142857143,0.24534857142857142,0.19852571428571428,0.0,0.1333257142857143,0.028114285714285713,0.028114285714285713,0.028114285714285713,0.028114285714285713,0.0,0.028114285714285713,0.0,0.24929142857142858,0.0,0.028114285714285713,0.20370285714285713,0.23901714285714284,0.17053714285714286,0.21568,0.12744,0.17037714285714287,0.16844571428571428,0.09994285714285714,0.17958857142857143,0.17259428571428573,0.17242285714285716,0.1728457142857143,0.1989942857142857,0.17274285714285714,0.17178285714285715,0.17811428571428572,0.1734857142857143,0.1784,0.1730742857142857,0.17288,0.17322285714285715,0.17288,0.1734857142857143,0.17354285714285714,0.17256,0.17390857142857144,0.17293714285714284,0.17385142857142857,0.17258285714285715,0.17252571428571428,0.17736,0.17736,0.1755657142857143,0.1755657142857143,0.17259428571428573,0.16414857142857142,0.17932571428571428,0.16660571428571427,0.16730285714285714,0.1716457142857143,0.17258285714285715,0.1498857142857143,0.17277714285714285,0.17676571428571428,0.17325714285714286,0.20044571428571428,0.19372571428571428,0.18929142857142858,0.14570285714285713,0.16626285714285716
Minimax Approval Voting (MAV),0.23805714285714288,0.23782857142857142,0.2519657142857143,0.2450057142857143,0.24453714285714287,0.24929142857142858,0.23754285714285714,0.24082285714285714,0.24082285714285714,0.24082285714285714,0.24082285714285714,0.24929142857142858,0.24082285714285714,0.24929142857142858,0.0,0.24929142857142858,0.24082285714285714,0.24417142857142857,0.28493714285714283,0.24582857142857142,0.24605714285714286,0.24621714285714286,0.24692571428571428,0.24548571428571428,0.2503657142857143,0.24645714285714285,0.24733714285714287,0.24715428571428572,0.24696,0.26849142857142855,0.24757714285714286,0.24756571428571428,0.24411428571428573,0.24889142857142857,0.24889142857142857,0.24706285714285714,0.24766857142857143,0.24889142857142857,0.24770285714285714,0.24889142857142857,0.24889142857142857,0.24757714285714286,0.24889142857142857,0.24770285714285714,0.24534857142857142,0.2473942857142857,0.24746285714285715,0.24889142857142857,0.24889142857142857,0.2438057142857143,0.2438057142857143,0.2472342857142857,0.24540571428571428,0.24429714285714285,0.24510857142857143,0.24610285714285715,0.24756571428571428,0.24738285714285715,0.24435428571428572,0.24653714285714284,0.24416,0.24745142857142857,0.24593142857142858,0.2660571428571429,0.24477714285714286,0.24410285714285715,0.24448
Method of Equal Shares (aka Rule X) with Phragmén phase,0.17453771428571427,0.1744457142857143,0.2775657142857143,0.24534857142857142,0.19852571428571428,0.0,0.1333257142857143,0.028114285714285713,0.028114285714285713,0.028114285714285713,0.028114285714285713,0.0,0.028114285714285713,0.0,0.24929142857142858,0.0,0.028114285714285713,0.20370285714285713,0.23901714285714284,0.17053714285714286,0.21568,0.12744,0.17037714285714287,0.16844571428571428,0.09994285714285714,0.17958857142857143,0.17259428571428573,0.17242285714285716,0.1728457142857143,0.1989942857142857,0.17274285714285714,0.17178285714285715,0.17811428571428572,0.1734857142857143,0.1784,0.1730742857142857,0.17288,0.17322285714285715,0.17288,0.1734857142857143,0.17354285714285714,0.17256,0.17390857142857144,0.17293714285714284,0.17385142857142857,0.17258285714285715,0.17252571428571428,0.17736,0.17736,0.1755657142857143,0.1755657142857143,0.17259428571428573,0.16414857142857142,0.17932571428571428,0.16660571428571427,0.16730285714285714,0.1716457142857143,0.17258285714285715,0.1498857142857143,0.17277714285714285,0.17676571428571428,0.17325714285714286,0.20044571428571428,0.19372571428571428,0.18929142857142858,0.14570285714285713,0.16626285714285716
E Pluribus Hugo (EPH),0.17298857142857144,0.17285714285714285,0.27858285714285713,0.2452457142857143,0.19803428571428572,0.028114285714285713,0.13194285714285714,0.0,0.0,0.0,0.0,0.028114285714285713,0.0,0.028114285714285713,0.24082285714285714,0.028114285714285713,0.0,0.20248,0.24521142857142858,0.16974857142857142,0.21518857142857142,0.12835428571428573,0.17026285714285713,0.16795428571428572,0.10420571428571429,0.17906285714285713,0.17245714285714286,0.1722742857142857,0.17272,0.20464,0.17262857142857144,0.17170285714285713,0.17737142857142857,0.17366857142857142,0.17866285714285715,0.17301714285714287,0.1728,0.17330285714285715,0.17282285714285714,0.17366857142857142,0.17376,0.17249142857142857,0.17409142857142856,0.17286857142857143,0.17318857142857144,0.17249142857142857,0.1724342857142857,0.17786285714285716,0.17786285714285716,0.17468571428571428,0.17468571428571428,0.17248,0.16436571428571428,0.1785142857142857,0.16609142857142858,0.16724571428571428,0.17153142857142858,0.17249142857142857,0.15257142857142858,0.17261714285714286,0.17605714285714286,0.17318857142857144,0.19977142857142857,0.19780571428571428,0.18844571428571427,0.14529142857142857,0.16590857142857143
Random Serial Dictator,0.22175942857142858,0.22164571428571428,0.26112,0.2460342857142857,0.22716571428571428,0.20370285714285713,0.21282285714285715,0.20248,0.20248,0.20248,0.20248,0.20370285714285713,0.20248,0.20370285714285713,0.24417142857142857,0.20370285714285713,0.20248,0.0,0.24245714285714284,0.22082285714285715,0.23248,0.21137142857142857,0.22037714285714285,0.21985142857142856,0.2065142857142857,0.22232,0.22101714285714286,0.22072,0.22099428571428573,0.22916571428571428,0.22110857142857143,0.2206742857142857,0.22209142857142858,0.2216,0.22312,0.22121142857142856,0.22138285714285713,0.22162285714285715,0.2213142857142857,0.2216,0.22158857142857144,0.2212,0.22137142857142858,0.22126857142857143,0.22164571428571428,0.22098285714285715,0.22096,0.22248,0.22248,0.22163428571428573,0.22163428571428573,0.22096,0.22020571428571428,0.22244571428571427,0.21933714285714287,0.21962285714285715,0.2207542857142857,0.22098285714285715,0.21827428571428573,0.22093714285714286,0.22198857142857142,0.2213257142857143,0.22865142857142856,0.2266057142857143,0.22438857142857144,0.21422857142857143,0.21992
Anti-Plurality,0.20479599999999998,0.20485714285714285,0.27394285714285715,0.24376,0.18921142857142856,0.23901714285714284,0.21885714285714286,0.24521142857142858,0.24521142857142858,0.24521142857142858,0.24521142857142858,0.23901714285714284,0.24521142857142858,0.23901714285714284,0.28493714285714283,0.23901714285714284,0.24521142857142858,0.24245714285714284,0.0,0.20568,0.18827428571428573,0.21169142857142856,0.19494857142857142,0.19824,0.21814857142857144,0.19426285714285715,0.19312,0.19330285714285714,0.19382857142857143,0.1627657142857143,0.19293714285714286,0.19416,0.19685714285714287,0.19059428571428572,0.19310857142857143,0.19356571428571429,0.1924,0.19097142857142857,0.19230857142857144,0.19059428571428572,0.1896,0.19264,0.18912,0.19232,0.19714285714285715,0.19305142857142857,0.19300571428571428,0.19090285714285715,0.19090285714285715,0.19864,0.19864,0.19331428571428572,0.19829714285714287,0.19595428571428572,0.19906285714285715,0.19790857142857143,0.19418285714285713,0.19306285714285715,0.20369142857142858,0.19424,0.19734857142857143,0.19253714285714285,0.19131428571428571,0.15529142857142858,0.19464,0.20664,0.19930285714285714
Two-Approval,0.11709257142857145,0.11705142857142857,0.28269714285714287,0.24537142857142857,0.13177142857142857,0.17053714285714286,0.13066285714285714,0.16974857142857142,0.16974857142857142,0.16974857142857142,0.16974857142857142,0.17053714285714286,0.16974857142857142,0.17053714285714286,0.24582857142857142,0.17053714285714286,0.16974857142857142,0.22082285714285715,0.20568,0.0,0.14950857142857144,0.1334057142857143,0.11510857142857144,0.11514285714285714,0.14075428571428572,0.12052571428571429,0.11507428571428571,0.11499428571428572,0.11536,0.17052571428571428,0.11521142857142858,0.11561142857142857,0.11805714285714286,0.11588571428571429,0.12370285714285714,0.11539428571428571,0.11512,0.11572571428571428,0.11523428571428572,0.11588571428571429,0.11625142857142857,0.11504,0.11656,0.11524571428571428,0.11652571428571429,0.11500571428571428,0.11497142857142857,0.12261714285714286,0.12261714285714286,0.11632,0.11632,0.11510857142857144,0.11544,0.11913142857142857,0.11533714285714286,0.11490285714285714,0.11542857142857142,0.11499428571428572,0.11786285714285714,0.11548571428571429,0.11749714285714286,0.11513142857142857,0.11414857142857143,0.11502857142857142,0.11957714285714285,0.11563428571428572,0.11546285714285714
Three-Approval,0.08635257142857142,0.08677714285714286,0.2837142857142857,0.24502857142857143,0.061771428571428574,0.21568,0.15466285714285713,0.21518857142857142,0.21518857142857142,0.21518857142857142,0.21518857142857142,0.21568,0.21518857142857142,0.21568,0.24605714285714286,0.21568,0.21518857142857142,0.23248,0.18827428571428573,0.14950857142857144,0.0,0.1579542857142857,0.08746285714285715,0.09090285714285715,0.17698285714285714,0.08537142857142857,0.08609142857142857,0.08621714285714285,0.08542857142857142,0.16589714285714285,0.08622857142857143,0.08750857142857142,0.0796,0.08558857142857143,0.09412571428571428,0.08517714285714285,0.08554285714285714,0.08620571428571429,0.08570285714285714,0.08558857142857143,0.08598857142857143,0.08578285714285715,0.08660571428571429,0.08578285714285715,0.08563428571428572,0.08576,0.08584,0.09318857142857143,0.09318857142857143,0.08186285714285714,0.08186285714285714,0.08602285714285714,0.09162285714285714,0.07872,0.09171428571428572,0.09138285714285714,0.08763428571428572,0.08577142857142857,0.09593142857142857,0.08539428571428571,0.08022857142857143,0.08529142857142857,0.03753142857142857,0.11281142857142858,0.06012571428571428,0.1266742857142857,0.09088
Instant Runoff,0.11206971428571427,0.11192,0.28347428571428573,0.24576,0.13341714285714285,0.12744,0.035782857142857144,0.12835428571428573,0.12835428571428573,0.12835428571428573,0.12835428571428573,0.12744,0.12835428571428573,0.12744,0.24621714285714286,0.12744,0.12835428571428573,0.21137142857142857,0.21169142857142856,0.1334057142857143,0.1579542857142857,0.0,0.10140571428571428,0.09312,0.07188571428571429,0.11656,0.10587428571428571,0.10590857142857144,0.10636571428571429,0.16814857142857143,0.10588571428571429,0.10212571428571429,0.11130285714285715,0.10650285714285715,0.11653714285714285,0.10627428571428571,0.10580571428571428,0.10596571428571429,0.10568,0.10650285714285715,0.10636571428571429,0.10570285714285714,0.10710857142857143,0.10576,0.10882285714285714,0.10586285714285715,0.10590857142857144,0.11537142857142857,0.11537142857142857,0.11065142857142857,0.11065142857142857,0.10553142857142857,0.1052,0.11250285714285714,0.08854857142857143,0.09212571428571428,0.10155428571428571,0.10586285714285715,0.10526857142857143,0.10632,0.11053714285714286,0.10616,0.14268571428571428,0.14850285714285713,0.12833142857142857,0.07620571428571428,0.10235428571428572
Bottom-Two-Runoff Instant Runoff,0.02545885714285714,0.02576,0.28541714285714287,0.24498285714285714,0.05390857142857143,0.17037714285714287,0.10365714285714285,0.17026285714285713,0.17026285714285713,0.17026285714285713,0.17026285714285713,0.17037714285714287,0.17026285714285713,0.17037714285714287,0.24692571428571428,0.17037714285714287,0.17026285714285713,0.22037714285714285,0.19494857142857142,0.11510857142857144,0.08746285714285715,0.10140571428571428,0.0,0.010617142857142858,0.11779428571428571,0.02398857142857143,0.008342857142857143,0.008525714285714286,0.009222857142857142,0.12682285714285715,0.008605714285714286,0.008914285714285715,0.017965714285714286,0.010937142857142857,0.02608,0.00966857142857143,0.008708571428571428,0.009348571428571428,0.00864,0.010937142857142857,0.010902857142857143,0.008377142857142857,0.01248,0.008788571428571429,0.016537142857142858,0.008834285714285715,0.008742857142857142,0.02461714285714286,0.02461714285714286,0.017314285714285713,0.017314285714285713,0.0084,0.0144,0.019908571428571428,0.012857142857142857,0.011828571428571428,0.009211428571428572,0.008834285714285715,0.02049142857142857,0.009531428571428571,0.016914285714285715,0.00896,0.07208,0.10537142857142857,0.055234285714285715,0.056114285714285714,0.014937142857142857
Benham,0.022012571428571426,0.022308571428571428,0.28552,0.2450057142857143,0.056377142857142855,0.16844571428571428,0.09782857142857143,0.16795428571428572,0.16795428571428572,0.16795428571428572,0.16795428571428572,0.16844571428571428,0.16795428571428572,0.16844571428571428,0.24548571428571428,0.16844571428571428,0.16795428571428572,0.21985142857142856,0.19824,0.11514285714285714,0.09090285714285715,0.09312,0.010617142857142858,0.0,0.11432,0.029051428571428572,0.015131428571428572,0.015211428571428572,0.015714285714285715,0.13024,0.01528,0.011931428571428572,0.021177142857142856,0.016251428571428573,0.028,0.01568,0.015257142857142858,0.015737142857142856,0.015097142857142858,0.016251428571428573,0.016365714285714286,0.015177142857142858,0.01728,0.0152,0.01841142857142857,0.015325714285714286,0.015337142857142856,0.0268,0.0268,0.020445714285714286,0.020445714285714286,0.014765714285714287,0.01673142857142857,0.022377142857142856,0.004571428571428572,0.006662857142857143,0.01208,0.015314285714285714,0.01856,0.015645714285714287,0.020171428571428573,0.015622857142857143,0.07516571428571428,0.10941714285714285,0.05756571428571428,0.05133714285714286,0.010045714285714286
PluralityWRunoff PUT,0.12773714285714285,0.12762285714285715,0.2823085714285714,0.24534857142857142,0.1533142857142857,0.09994285714285714,0.08498285714285714,0.10420571428571429,0.10420571428571429,0.10420571428571429,0.10420571428571429,0.09994285714285714,0.10420571428571429,0.09994285714285714,0.2503657142857143,0.09994285714285714,0.10420571428571429,0.2065142857142857,0.21814857142857144,0.14075428571428572,0.17698285714285714,0.07188571428571429,0.11779428571428571,0.11432,0.0,0.1304,0.12034285714285714,0.12034285714285714,0.12104,0.16974857142857142,0.12030857142857143,0.11845714285714286,0.12786285714285714,0.12104,0.1301257142857143,0.12126857142857143,0.12049142857142857,0.1204,0.12032,0.12104,0.12085714285714286,0.12034285714285714,0.12137142857142857,0.12044571428571428,0.12395428571428571,0.12052571428571429,0.12051428571428571,0.12886857142857142,0.12886857142857142,0.12610285714285716,0.12610285714285716,0.12022857142857143,0.11860571428571429,0.1293257142857143,0.11308571428571429,0.11318857142857143,0.11853714285714285,0.12052571428571429,0.11587428571428571,0.12118857142857142,0.12672,0.12122285714285715,0.16086857142857142,0.16109714285714286,0.14690285714285714,0.08917714285714286,0.11602285714285715
Coombs,0.03324228571428572,0.03365714285714286,0.2852342857142857,0.24540571428571428,0.05382857142857143,0.17958857142857143,0.11507428571428571,0.17906285714285713,0.17906285714285713,0.17906285714285713,0.17906285714285713,0.17958857142857143,0.17906285714285713,0.17958857142857143,0.24645714285714285,0.17958857142857143,0.17906285714285713,0.22232,0.19426285714285715,0.12052571428571429,0.08537142857142857,0.11656,0.02398857142857143,0.029051428571428572,0.1304,0.0,0.019474285714285715,0.0192,0.01832,0.13136,0.019622857142857143,0.02426285714285714,0.02526857142857143,0.0208,0.03545142857142857,0.018594285714285716,0.01912,0.020605714285714286,0.01933714285714286,0.0208,0.021325714285714285,0.019017142857142857,0.02264,0.019428571428571427,0.026125714285714287,0.01926857142857143,0.019154285714285714,0.03419428571428571,0.03419428571428571,0.02328,0.02328,0.01944,0.02952,0.02662857142857143,0.030754285714285713,0.029645714285714286,0.024594285714285714,0.01926857142857143,0.03444571428571429,0.018342857142857143,0.023725714285714284,0.019485714285714287,0.07128,0.10693714285714286,0.05705142857142857,0.06986285714285714,0.028274285714285714
Baldwin,0.026042857142857145,0.026354285714285716,0.2856228571428571,0.24498285714285714,0.05260571428571428,0.17259428571428573,0.10733714285714285,0.17245714285714286,0.17245714285714286,0.17245714285714286,0.17245714285714286,0.17259428571428573,0.17245714285714286,0.17259428571428573,0.24733714285714287,0.17259428571428573,0.17245714285714286,0.22101714285714286,0.19312,0.11507428571428571,0.08609142857142857,0.10587428571428571,0.008342857142857143,0.015131428571428572,0.12034285714285714,0.019474285714285715,0.0,0.00104,0.0034514285714285714,0.12450285714285714,0.000982857142857143,0.00809142857142857,0.015874285714285716,0.007017142857142857,0.025211428571428572,0.00528,0.0032228571428571428,0.0056,0.0032571428571428573,0.007017142857142857,0.007588571428571429,0.0029142857142857143,0.009725714285714285,0.0033485714285714286,0.015611428571428571,0.0020685714285714287,0.00192,0.023645714285714287,0.023645714285714287,0.013862857142857142,0.013862857142857142,0.001462857142857143,0.014971428571428571,0.018605714285714284,0.017325714285714285,0.016171428571428573,0.008502857142857144,0.002057142857142857,0.02270857142857143,0.00504,0.014182857142857143,0.00272,0.07075428571428571,0.10340571428571428,0.05462857142857143,0.058217142857142856,0.016194285714285713
Strict Nanson,0.025493714285714283,0.025805714285714286,0.2856457142857143,0.24486857142857144,0.05253714285714286,0.17242285714285716,0.10709714285714286,0.1722742857142857,0.1722742857142857,0.1722742857142857,0.1722742857142857,0.17242285714285716,0.1722742857142857,0.17242285714285716,0.24715428571428572,0.17242285714285716,0.1722742857142857,0.22072,0.19330285714285714,0.11499428571428572,0.08621714285714285,0.10590857142857144,0.008525714285714286,0.015211428571428572,0.12034285714285714,0.0192,0.00104,0.0,0.0027885714285714285,0.12491428571428571,0.0018857142857142857,0.008434285714285714,0.015634285714285715,0.007017142857142857,0.025405714285714285,0.004822857142857143,0.0027885714285714285,0.006228571428571429,0.0029142857142857143,0.007017142857142857,0.008034285714285714,0.00224,0.010137142857142857,0.0029714285714285715,0.015725714285714287,0.0016114285714285714,0.00144,0.023862857142857144,0.023862857142857144,0.013154285714285714,0.013154285714285714,0.0012914285714285714,0.015017142857142857,0.018537142857142856,0.01736,0.016274285714285713,0.008834285714285715,0.0016,0.022537142857142856,0.004262857142857143,0.013805714285714286,0.0025714285714285713,0.07078857142857142,0.10349714285714286,0.05441142857142857,0.05806857142857143,0.015954285714285716
Weak Nanson,0.024313714285714286,0.02464,0.28563428571428573,0.24488,0.051577142857142856,0.1728457142857143,0.10677714285714286,0.17272,0.17272,0.17272,0.17272,0.1728457142857143,0.17272,0.1728457142857143,0.24696,0.1728457142857143,0.17272,0.22099428571428573,0.19382857142857143,0.11536,0.08542857142857142,0.10636571428571429,0.009222857142857142,0.015714285714285715,0.12104,0.01832,0.0034514285714285714,0.0027885714285714285,0.0,0.12562285714285715,0.004274285714285714,0.0092,0.01456,0.008194285714285715,0.025817142857142858,0.0034742857142857145,0.003782857142857143,0.007577142857142857,0.004045714285714285,0.008194285714285715,0.009302857142857142,0.003462857142857143,0.010971428571428571,0.0041371428571428575,0.01536,0.0027885714285714285,0.002674285714285714,0.02441142857142857,0.02441142857142857,0.011691428571428571,0.011691428571428571,0.0033828571428571427,0.015405714285714286,0.017577142857142857,0.017817142857142858,0.01665142857142857,0.009611428571428571,0.002777142857142857,0.02296,0.00224,0.01209142857142857,0.0036342857142857145,0.07003428571428572,0.10384,0.053497142857142854,0.05853714285714286,0.015485714285714285
Iterated Removal Condorcet Loser,0.14112800000000003,0.14122285714285715,0.25598857142857145,0.24502857142857143,0.14966857142857143,0.1989942857142857,0.17668571428571428,0.20464,0.20464,0.20464,0.20464,0.1989942857142857,0.20464,0.1989942857142857,0.26849142857142855,0.1989942857142857,0.20464,0.22916571428571428,0.1627657142857143,0.17052571428571428,0.16589714285714285,0.16814857142857143,0.12682285714285715,0.13024,0.16974857142857142,0.13136,0.12450285714285714,0.12491428571428571,0.12562285714285715,0.0,0.12413714285714286,0.12512,0.13290285714285716,0.12082285714285715,0.12338285714285714,0.12482285714285714,0.12379428571428572,0.12138285714285714,0.12341714285714285,0.12081142857142857,0.11900571428571428,0.12394285714285715,0.11589714285714285,0.12308571428571428,0.13002285714285713,0.1248,0.12472,0.12189714285714286,0.12189714285714286,0.13298285714285715,0.13298285714285715,0.12485714285714286,0.12773714285714285,0.13281142857142858,0.13116571428571427,0.12981714285714285,0.12506285714285714,0.1248,0.13504,0.12606857142857142,0.13245714285714286,0.12435428571428571,0.15676571428571429,0.14810285714285715,0.1513142857142857,0.14909714285714284,0.13184
Raynaud,0.026768571428571426,0.027074285714285714,0.28561142857142857,0.24502857142857143,0.05286857142857143,0.17274285714285714,0.10768,0.17262857142857144,0.17262857142857144,0.17262857142857144,0.17262857142857144,0.17274285714285714,0.17262857142857144,0.17274285714285714,0.24757714285714286,0.17274285714285714,0.17262857142857144,0.22110857142857143,0.19293714285714286,0.11521142857142858,0.08622857142857143,0.10588571428571429,0.008605714285714286,0.01528,0.12030857142857143,0.019622857142857143,0.000982857142857143,0.0018857142857142857,0.004274285714285714,0.12413714285714286,0.0,0.008034285714285714,0.016274285714285713,0.007268571428571429,0.02504,0.005942857142857143,0.0038971428571428573,0.004891428571428572,0.003977142857142857,0.007268571428571429,0.0071085714285714285,0.0035885714285714284,0.009348571428571428,0.004045714285714285,0.01552,0.00296,0.002822857142857143,0.023462857142857143,0.023462857142857143,0.014788571428571429,0.014788571428571429,0.0019885714285714285,0.01512,0.01886857142857143,0.017337142857142857,0.01618285714285714,0.008411428571428571,0.00296,0.022857142857142857,0.005942857142857143,0.014971428571428571,0.003154285714285714,0.07096,0.10331428571428572,0.054971428571428574,0.05869714285714286,0.016685714285714286
Tideman Alternative Top Cycle,0.028648,0.028948571428571428,0.28546285714285713,0.24504,0.054514285714285717,0.17178285714285715,0.10558857142857143,0.17170285714285713,0.17170285714285713,0.17170285714285713,0.17170285714285713,0.17178285714285715,0.17170285714285713,0.17178285714285715,0.24756571428571428,0.17178285714285715,0.17170285714285713,0.2206742857142857,0.19416,0.11561142857142857,0.08750857142857142,0.10212571428571429,0.008914285714285715,0.011931428571428572,0.11845714285714286,0.02426285714285714,0.00809142857142857,0.008434285714285714,0.0092,0.12512,0.008034285714285714,0.0,0.01902857142857143,0.009428571428571429,0.025634285714285714,0.00968,0.008571428571428572,0.008217142857142857,0.008457142857142858,0.009428571428571429,0.009097142857142857,0.008342857142857143,0.010205714285714285,0.008582857142857142,0.018,0.008491428571428572,0.008445714285714286,0.024034285714285713,0.024034285714285713,0.01902857142857143,0.01902857142857143,0.008114285714285715,0.013782857142857144,0.020514285714285714,0.013577142857142857,0.01256,0.0009028571428571429,0.008491428571428572,0.021897142857142858,0.009737142857142857,0.018685714285714285,0.00856,0.07232,0.10477714285714286,0.056537142857142855,0.058274285714285716,0.01672
