,NN,Min Violations Committee,Max Violations Committee,Random Choice,Borda ranking,Plurality ranking,STV,Approval Voting (AV),Proportional Approval Voting (PAV),Approval Chamberlin-Courant (CC),Lexicographic Chamberlin-Courant (lex-CC),Sequential Approval Chamberlin-Courant (seq-CC),Monroe's Approval Rule (Monroe),Greedy Monroe,Minimax Approval Voting (MAV),Method of Equal Shares (aka Rule X) with Phragmén phase,E Pluribus Hugo (EPH),Random Serial Dictator,Anti-Plurality,Two-Approval,Three-Approval,Instant Runoff,Bottom-Two-Runoff Instant Runoff,Benham,PluralityWRunoff PUT,Coombs,Baldwin,Strict Nanson,Weak Nanson,Iterated Removal Condorcet Loser,Raynaud,Tideman Alternative Top Cycle,Knockout Voting,Banks,Condorcet,Copeland,Llull,Uncovered Set,Uncovered Set - Fishburn,Uncovered Set - Bordes,Uncovered Set - McKelvey,Slater,Top Cycle,GOCHA,Bipartisan Set,Minimax,Split Cycle,Ranked Pairs ZT,Ranked Pairs TB,Simple Stable Voting,Stable Voting,Loss-Trimmer Voting,Daunou,Blacks,Condorcet IRV,Condorcet IRV PUT,Smith IRV,Smith-Minimax,Condorcet Plurality,Copeland-Local-Borda,Copeland-Global-Borda,Borda-Minimax Faceoff,Bucklin,Simplified Bucklin,Weighted Bucklin,Bracket Voting,Superior Voting
Min Violations Committee,0.0009834285714285715,0.0,0.2857142857142857,0.24536,0.053931428571428575,0.17713142857142858,0.10376,0.17625142857142856,0.17625142857142856,0.17625142857142856,0.17625142857142856,0.17713142857142858,0.17625142857142856,0.17713142857142858,0.23763428571428571,0.17713142857142858,0.17625142857142856,0.22374857142857144,0.19915428571428573,0.11706285714285715,0.08726857142857143,0.11389714285714286,0.025554285714285713,0.021817142857142858,0.12984,0.03524571428571428,0.026571428571428572,0.026,0.02446857142857143,0.14714285714285713,0.027154285714285714,0.028685714285714287,0.01726857142857143,0.03056,0.033542857142857145,0.02410285714285714,0.02608,0.030502857142857144,0.02613714285714286,0.030571428571428572,0.03185142857142857,0.026262857142857143,0.032342857142857145,0.026148571428571427,0.017222857142857144,0.025874285714285714,0.02617142857142857,0.03334857142857143,0.03334857142857143,0.015074285714285714,0.015074285714285714,0.02568,0.026457142857142856,0.019577142857142855,0.023782857142857144,0.024525714285714286,0.028925714285714287,0.025874285714285714,0.02496,0.023485714285714287,0.015211428571428572,0.026514285714285716,0.07234285714285714,0.11436571428571428,0.05457142857142857,0.060834285714285716,0.018525714285714284
Max Violations Committee,0.2854205714285714,0.2857142857142857,0.0,0.24488,0.28450285714285717,0.27566857142857143,0.28361142857142857,0.2769257142857143,0.2769257142857143,0.2769257142857143,0.2769257142857143,0.27566857142857143,0.2769257142857143,0.27566857142857143,0.25332571428571427,0.27566857142857143,0.2769257142857143,0.2593942857142857,0.27180571428571426,0.2821714285714286,0.28321142857142856,0.28261714285714284,0.28553142857142855,0.28546285714285713,0.28170285714285714,0.28505142857142857,0.2856,0.2856228571428571,0.28561142857142857,0.24696,0.2855885714285714,0.28547428571428574,0.2855542857142857,0.28524571428571427,0.2767314285714286,0.28550857142857144,0.28547428571428574,0.28537142857142855,0.28547428571428574,0.28524571428571427,0.2851542857142857,0.28549714285714284,0.28464,0.2854514285714286,0.28540571428571426,0.28557714285714286,0.28557714285714286,0.2802742857142857,0.2802742857142857,0.2856228571428571,0.2856228571428571,0.28557714285714286,0.28512,0.2855542857142857,0.28538285714285716,0.28538285714285716,0.28546285714285713,0.28557714285714286,0.28474285714285713,0.2856,0.28563428571428573,0.2856,0.28389714285714285,0.28075428571428573,0.28438857142857144,0.2844,0.28550857142857144
Random Choice,0.24534114285714284,0.24536,0.24488,0.0,0.24522285714285713,0.24347428571428573,0.24537142857142857,0.24429714285714285,0.24429714285714285,0.24429714285714285,0.24429714285714285,0.24347428571428573,0.24429714285714285,0.24347428571428573,0.24458285714285713,0.24347428571428573,0.24429714285714285,0.2448,0.2451542857142857,0.24490285714285714,0.2451657142857143,0.24474285714285715,0.2448,0.24491428571428572,0.24398857142857142,0.2452,0.24513142857142858,0.24518857142857142,0.24521142857142858,0.24564571428571427,0.2450857142857143,0.24512,0.24499428571428572,0.2451542857142857,0.24537142857142857,0.24521142857142858,0.24517714285714284,0.24505142857142856,0.2451542857142857,0.2451542857142857,0.24506285714285714,0.2452,0.2450057142857143,0.24514285714285713,0.24528,0.24518857142857142,0.2452457142857143,0.24540571428571428,0.24540571428571428,0.24532571428571429,0.24532571428571429,0.24513142857142858,0.24482285714285715,0.24494857142857143,0.24494857142857143,0.24509714285714285,0.24509714285714285,0.24518857142857142,0.24445714285714285,0.24513142857142858,0.24507428571428572,0.2451542857142857,0.2452,0.24598857142857142,0.24433142857142856,0.2448,0.24501714285714285
Borda ranking,0.05363542857142858,0.053931428571428575,0.28450285714285717,0.24522285714285713,0.0,0.20093714285714287,0.13152,0.20106285714285715,0.20106285714285715,0.20106285714285715,0.20106285714285715,0.20093714285714287,0.20106285714285715,0.20093714285714287,0.2450057142857143,0.20093714285714287,0.20106285714285715,0.23018285714285713,0.18242285714285714,0.13452571428571428,0.06184,0.13490285714285713,0.05369142857142857,0.057165714285714285,0.15614857142857144,0.05373714285714286,0.05252571428571429,0.05211428571428572,0.051405714285714284,0.15602285714285713,0.05284571428571429,0.05452571428571429,0.03774857142857143,0.05358857142857143,0.06397714285714286,0.051257142857142855,0.05222857142857143,0.05398857142857143,0.05237714285714286,0.05358857142857143,0.05424,0.05233142857142857,0.05540571428571429,0.052411428571428574,0.053725714285714286,0.051782857142857144,0.05192,0.06302857142857143,0.06302857142857143,0.04738285714285714,0.04738285714285714,0.05238857142857143,0.058434285714285716,0.03435428571428571,0.05837714285714286,0.05824,0.054697142857142854,0.051782857142857144,0.06408,0.05092571428571428,0.041074285714285716,0.050114285714285715,0.06737142857142857,0.11410285714285714,0.04667428571428572,0.09868571428571428,0.05833142857142857
Plurality ranking,0.17723657142857144,0.17713142857142858,0.27566857142857143,0.24347428571428573,0.20093714285714287,0.0,0.13596571428571427,0.028434285714285714,0.028434285714285714,0.028434285714285714,0.028434285714285714,0.0,0.028434285714285714,0.0,0.24900571428571427,0.0,0.028434285714285714,0.20275428571428572,0.24006857142857144,0.16968,0.21717714285714285,0.12998857142857143,0.17342857142857143,0.17073142857142856,0.10186285714285714,0.18224,0.17602285714285715,0.17613714285714285,0.17654857142857142,0.2045142857142857,0.17592,0.17505142857142858,0.18137142857142857,0.17661714285714286,0.18153142857142857,0.1768,0.17626285714285714,0.17622857142857143,0.17625142857142856,0.17662857142857144,0.17645714285714287,0.17596571428571428,0.17722285714285715,0.17627428571428572,0.1764342857142857,0.17621714285714285,0.17614857142857143,0.1803657142857143,0.1803657142857143,0.17889142857142856,0.17889142857142856,0.17617142857142856,0.16580571428571428,0.18224,0.16918857142857144,0.1696457142857143,0.17478857142857143,0.17621714285714285,0.1525142857142857,0.1768,0.18032,0.17665142857142857,0.2031542857142857,0.19557714285714287,0.19009142857142858,0.1484342857142857,0.1692
STV,0.10390285714285714,0.10376,0.28361142857142857,0.24537142857142857,0.13152,0.13596571428571427,0.0,0.13425142857142858,0.13425142857142858,0.13425142857142858,0.13425142857142858,0.13596571428571427,0.13425142857142858,0.13596571428571427,0.23865142857142857,0.13596571428571427,0.13425142857142858,0.21325714285714287,0.21581714285714285,0.13078857142857142,0.15553142857142857,0.03678857142857143,0.10802285714285714,0.10125714285714285,0.08897142857142858,0.11786285714285714,0.11046857142857143,0.11027428571428571,0.11,0.18362285714285714,0.11076571428571429,0.10870857142857143,0.10981714285714286,0.11195428571428571,0.11796571428571428,0.10969142857142856,0.11028571428571429,0.11249142857142858,0.11035428571428571,0.11195428571428571,0.11266285714285715,0.11028571428571429,0.11341714285714286,0.11037714285714285,0.10801142857142858,0.11009142857142858,0.11017142857142857,0.11733714285714286,0.11733714285714286,0.10848,0.10848,0.11017142857142857,0.10684571428571428,0.11084571428571428,0.09866285714285715,0.09958857142857143,0.10836571428571429,0.11009142857142858,0.10453714285714286,0.10966857142857143,0.10875428571428572,0.11061714285714286,0.14161142857142858,0.15321142857142858,0.12670857142857142,0.07493714285714285,0.10078857142857142
Approval Voting (AV),0.17634342857142854,0.17625142857142856,0.2769257142857143,0.24429714285714285,0.20106285714285715,0.028434285714285714,0.13425142857142858,0.0,0.0,0.0,0.0,0.028434285714285714,0.0,0.028434285714285714,0.24045714285714287,0.028434285714285714,0.0,0.2028,0.24573714285714285,0.17096,0.21752,0.13118857142857143,0.17397714285714286,0.17090285714285713,0.10523428571428571,0.18273142857142857,0.17668571428571428,0.17673142857142857,0.1770057142857143,0.2105257142857143,0.17654857142857142,0.17548571428571427,0.18133714285714286,0.17737142857142857,0.1824,0.17730285714285715,0.17681142857142856,0.1771657142857143,0.17686857142857143,0.17737142857142857,0.17734857142857144,0.17661714285714286,0.17806857142857144,0.17685714285714285,0.17652571428571429,0.17676571428571428,0.17673142857142857,0.18138285714285715,0.18138285714285715,0.1788,0.1788,0.17669714285714286,0.16717714285714286,0.18221714285714286,0.16941714285714285,0.17014857142857143,0.1752,0.17676571428571428,0.15570285714285714,0.17724571428571428,0.18027428571428572,0.17724571428571428,0.20336,0.19937142857142856,0.19032,0.14819428571428572,0.16932571428571427
Proportional Approval Voting (PAV),0.17634342857142854,0.17625142857142856,0.2769257142857143,0.24429714285714285,0.20106285714285715,0.028434285714285714,0.13425142857142858,0.0,0.0,0.0,0.0,0.028434285714285714,0.0,0.028434285714285714,0.24045714285714287,0.028434285714285714,0.0,0.2028,0.24573714285714285,0.17096,0.21752,0.13118857142857143,0.17397714285714286,0.17090285714285713,0.10523428571428571,0.18273142857142857,0.17668571428571428,0.17673142857142857,0.1770057142857143,0.2105257142857143,0.17654857142857142,0.17548571428571427,0.18133714285714286,0.17737142857142857,0.1824,0.17730285714285715,0.17681142857142856,0.1771657142857143,0.17686857142857143,0.17737142857142857,0.17734857142857144,0.17661714285714286,0.17806857142857144,0.17685714285714285,0.17652571428571429,0.17676571428571428,0.17673142857142857,0.18138285714285715,0.18138285714285715,0.1788,0.1788,0.17669714285714286,0.16717714285714286,0.18221714285714286,0.16941714285714285,0.17014857142857143,0.1752,0.17676571428571428,0.15570285714285714,0.17724571428571428,0.18027428571428572,0.17724571428571428,0.20336,0.19937142857142856,0.19032,0.14819428571428572,0.16932571428571427
Approval Chamberlin-Courant (CC),0.17634342857142854,0.17625142857142856,0.2769257142857143,0.24429714285714285,0.20106285714285715,0.028434285714285714,0.13425142857142858,0.0,0.0,0.0,0.0,0.028434285714285714,0.0,0.028434285714285714,0.24045714285714287,0.028434285714285714,0.0,0.2028,0.24573714285714285,0.17096,0.21752,0.13118857142857143,0.17397714285714286,0.17090285714285713,0.10523428571428571,0.18273142857142857,0.17668571428571428,0.17673142857142857,0.1770057142857143,0.2105257142857143,0.17654857142857142,0.17548571428571427,0.18133714285714286,0.17737142857142857,0.1824,0.17730285714285715,0.17681142857142856,0.1771657142857143,0.17686857142857143,0.17737142857142857,0.17734857142857144,0.17661714285714286,0.17806857142857144,0.17685714285714285,0.17652571428571429,0.17676571428571428,0.17673142857142857,0.18138285714285715,0.18138285714285715,0.1788,0.1788,0.17669714285714286,0.16717714285714286,0.18221714285714286,0.16941714285714285,0.17014857142857143,0.1752,0.17676571428571428,0.15570285714285714,0.17724571428571428,0.18027428571428572,0.17724571428571428,0.20336,0.19937142857142856,0.19032,0.14819428571428572,0.16932571428571427
Lexicographic Chamberlin-Courant (lex-CC),0.17634342857142854,0.17625142857142856,0.2769257142857143,0.24429714285714285,0.20106285714285715,0.028434285714285714,0.13425142857142858,0.0,0.0,0.0,0.0,0.028434285714285714,0.0,0.028434285714285714,0.24045714285714287,0.028434285714285714,0.0,0.2028,0.24573714285714285,0.17096,0.21752,0.13118857142857143,0.17397714285714286,0.17090285714285713,0.10523428571428571,0.18273142857142857,0.17668571428571428,0.17673142857142857,0.1770057142857143,0.2105257142857143,0.17654857142857142,0.17548571428571427,0.18133714285714286,0.17737142857142857,0.1824,0.17730285714285715,0.17681142857142856,0.1771657142857143,0.17686857142857143,0.17737142857142857,0.17734857142857144,0.17661714285714286,0.17806857142857144,0.17685714285714285,0.17652571428571429,0.17676571428571428,0.17673142857142857,0.18138285714285715,0.18138285714285715,0.1788,0.1788,0.17669714285714286,0.16717714285714286,0.18221714285714286,0.16941714285714285,0.17014857142857143,0.1752,0.17676571428571428,0.15570285714285714,0.17724571428571428,0.18027428571428572,0.17724571428571428,0.20336,0.19937142857142856,0.19032,0.14819428571428572,0.16932571428571427
Sequential Approval Chamberlin-Courant (seq-CC),0.17723657142857144,0.17713142857142858,0.27566857142857143,0.24347428571428573,0.20093714285714287,0.0,0.13596571428571427,0.028434285714285714,0.028434285714285714,0.028434285714285714,0.028434285714285714,0.0,0.028434285714285714,0.0,0.24900571428571427,0.0,0.028434285714285714,0.20275428571428572,0.24006857142857144,0.16968,0.21717714285714285,0.12998857142857143,0.17342857142857143,0.17073142857142856,0.10186285714285714,0.18224,0.17602285714285715,0.17613714285714285,0.17654857142857142,0.2045142857142857,0.17592,0.17505142857142858,0.18137142857142857,0.17661714285714286,0.18153142857142857,0.1768,0.17626285714285714,0.17622857142857143,0.17625142857142856,0.17662857142857144,0.17645714285714287,0.17596571428571428,0.17722285714285715,0.17627428571428572,0.1764342857142857,0.17621714285714285,0.17614857142857143,0.1803657142857143,0.1803657142857143,0.17889142857142856,0.17889142857142856,0.17617142857142856,0.16580571428571428,0.18224,0.16918857142857144,0.1696457142857143,0.17478857142857143,0.17621714285714285,0.1525142857142857,0.1768,0.18032,0.17665142857142857,0.2031542857142857,0.19557714285714287,0.19009142857142858,0.1484342857142857,0.1692
Monroe's Approval Rule (Monroe),0.17634342857142854,0.17625142857142856,0.2769257142857143,0.24429714285714285,0.20106285714285715,0.028434285714285714,0.13425142857142858,0.0,0.0,0.0,0.0,0.028434285714285714,0.0,0.028434285714285714,0.24045714285714287,0.028434285714285714,0.0,0.2028,0.24573714285714285,0.17096,0.21752,0.13118857142857143,0.17397714285714286,0.17090285714285713,0.10523428571428571,0.18273142857142857,0.17668571428571428,0.17673142857142857,0.1770057142857143,0.2105257142857143,0.17654857142857142,0.17548571428571427,0.18133714285714286,0.17737142857142857,0.1824,0.17730285714285715,0.17681142857142856,0.1771657142857143,0.17686857142857143,0.17737142857142857,0.17734857142857144,0.17661714285714286,0.17806857142857144,0.17685714285714285,0.17652571428571429,0.17676571428571428,0.17673142857142857,0.18138285714285715,0.18138285714285715,0.1788,0.1788,0.17669714285714286,0.16717714285714286,0.18221714285714286,0.16941714285714285,0.17014857142857143,0.1752,0.17676571428571428,0.15570285714285714,0.17724571428571428,0.18027428571428572,0.17724571428571428,0.20336,0.19937142857142856,0.19032,0.14819428571428572,0.16932571428571427
Greedy Monroe,0.17723657142857144,0.17713142857142858,0.27566857142857143,0.24347428571428573,0.20093714285714287,0.0,0.13596571428571427,0.028434285714285714,0.028434285714285714,0.028434285714285714,0.028434285714285714,0.0,0.028434285714285714,0.0,0.24900571428571427,0.0,0.028434285714285714,0.20275428571428572,0.24006857142857144,0.16968,0.21717714285714285,0.12998857142857143,0.17342857142857143,0.17073142857142856,0.10186285714285714,0.18224,0.17602285714285715,0.17613714285714285,0.17654857142857142,0.2045142857142857,0.17592,0.17505142857142858,0.18137142857142857,0.17661714285714286,0.18153142857142857,0.1768,0.17626285714285714,0.17622857142857143,0.17625142857142856,0.17662857142857144,0.17645714285714287,0.17596571428571428,0.17722285714285715,0.17627428571428572,0.1764342857142857,0.17621714285714285,0.17614857142857143,0.1803657142857143,0.1803657142857143,0.17889142857142856,0.17889142857142856,0.17617142857142856,0.16580571428571428,0.18224,0.16918857142857144,0.1696457142857143,0.17478857142857143,0.17621714285714285,0.1525142857142857,0.1768,0.18032,0.17665142857142857,0.2031542857142857,0.19557714285714287,0.19009142857142858,0.1484342857142857,0.1692
Minimax Approval Voting (MAV),0.23752399999999999,0.23763428571428571,0.25332571428571427,0.24458285714285713,0.2450057142857143,0.24900571428571427,0.23865142857142857,0.24045714285714287,0.24045714285714287,0.24045714285714287,0.24045714285714287,0.24900571428571427,0.24045714285714287,0.24900571428571427,0.0,0.24900571428571427,0.24045714285714287,0.24432,0.2839542857142857,0.2486857142857143,0.2470857142857143,0.24701714285714285,0.2467542857142857,0.2450857142857143,0.25083428571428573,0.24648,0.24770285714285714,0.24746285714285715,0.24692571428571428,0.2696342857142857,0.24786285714285713,0.24765714285714285,0.24427428571428572,0.2491657142857143,0.2491657142857143,0.24715428571428572,0.24781714285714285,0.2491657142857143,0.24786285714285713,0.2491657142857143,0.2491657142857143,0.24781714285714285,0.2491657142857143,0.24786285714285713,0.24532571428571429,0.24763428571428572,0.2477257142857143,0.2491657142857143,0.2491657142857143,0.24417142857142857,0.24417142857142857,0.2474742857142857,0.24576,0.24417142857142857,0.24522285714285713,0.24589714285714287,0.24755428571428573,0.24763428571428572,0.24474285714285715,0.24668571428571429,0.24418285714285715,0.24774857142857143,0.24630857142857143,0.2669371428571429,0.24398857142857142,0.24422857142857143,0.24424
Method of Equal Shares (aka Rule X) with Phragmén phase,0.17723657142857144,0.17713142857142858,0.27566857142857143,0.24347428571428573,0.20093714285714287,0.0,0.13596571428571427,0.028434285714285714,0.028434285714285714,0.028434285714285714,0.028434285714285714,0.0,0.028434285714285714,0.0,0.24900571428571427,0.0,0.028434285714285714,0.20275428571428572,0.24006857142857144,0.16968,0.21717714285714285,0.12998857142857143,0.17342857142857143,0.17073142857142856,0.10186285714285714,0.18224,0.17602285714285715,0.17613714285714285,0.17654857142857142,0.2045142857142857,0.17592,0.17505142857142858,0.18137142857142857,0.17661714285714286,0.18153142857142857,0.1768,0.17626285714285714,0.17622857142857143,0.17625142857142856,0.17662857142857144,0.17645714285714287,0.17596571428571428,0.17722285714285715,0.17627428571428572,0.1764342857142857,0.17621714285714285,0.17614857142857143,0.1803657142857143,0.1803657142857143,0.17889142857142856,0.17889142857142856,0.17617142857142856,0.16580571428571428,0.18224,0.16918857142857144,0.1696457142857143,0.17478857142857143,0.17621714285714285,0.1525142857142857,0.1768,0.18032,0.17665142857142857,0.2031542857142857,0.19557714285714287,0.19009142857142858,0.1484342857142857,0.1692
E Pluribus Hugo (EPH),0.17634342857142854,0.17625142857142856,0.2769257142857143,0.24429714285714285,0.20106285714285715,0.028434285714285714,0.13425142857142858,0.0,0.0,0.0,0.0,0.028434285714285714,0.0,0.028434285714285714,0.24045714285714287,0.028434285714285714,0.0,0.2028,0.24573714285714285,0.17096,0.21752,0.13118857142857143,0.17397714285714286,0.17090285714285713,0.10523428571428571,0.18273142857142857,0.17668571428571428,0.17673142857142857,0.1770057142857143,0.2105257142857143,0.17654857142857142,0.17548571428571427,0.18133714285714286,0.17737142857142857,0.1824,0.17730285714285715,0.17681142857142856,0.1771657142857143,0.17686857142857143,0.17737142857142857,0.17734857142857144,0.17661714285714286,0.17806857142857144,0.17685714285714285,0.17652571428571429,0.17676571428571428,0.17673142857142857,0.18138285714285715,0.18138285714285715,0.1788,0.1788,0.17669714285714286,0.16717714285714286,0.18221714285714286,0.16941714285714285,0.17014857142857143,0.1752,0.17676571428571428,0.15570285714285714,0.17724571428571428,0.18027428571428572,0.17724571428571428,0.20336,0.19937142857142856,0.19032,0.14819428571428572,0.16932571428571427
Random Serial Dictator,0.22384571428571434,0.22374857142857144,0.2593942857142857,0.2448,0.23018285714285713,0.20275428571428572,0.21325714285714287,0.2028,0.2028,0.2028,0.2028,0.20275428571428572,0.2028,0.20275428571428572,0.24432,0.20275428571428572,0.2028,0.0,0.24404571428571428,0.2221942857142857,0.23562285714285713,0.21253714285714287,0.22304,0.22230857142857144,0.2079542857142857,0.22517714285714285,0.22381714285714285,0.22378285714285714,0.2240457142857143,0.23302857142857142,0.22370285714285715,0.22334857142857142,0.22477714285714287,0.2241257142857143,0.22534857142857143,0.22408,0.22381714285714285,0.22390857142857143,0.22376,0.2241257142857143,0.22408,0.22393142857142856,0.22418285714285716,0.22380571428571427,0.22352,0.22381714285714285,0.22385142857142856,0.2248457142857143,0.2248457142857143,0.22433142857142857,0.22433142857142857,0.22370285714285715,0.22246857142857143,0.22510857142857144,0.22170285714285715,0.22186285714285714,0.2233257142857143,0.22381714285714285,0.22070857142857142,0.22413714285714287,0.22466285714285714,0.2239657142857143,0.23112,0.22965714285714287,0.22811428571428571,0.21589714285714287,0.22230857142857144
Anti-Plurality,0.19905828571428566,0.19915428571428573,0.27180571428571426,0.2451542857142857,0.18242285714285714,0.24006857142857144,0.21581714285714285,0.24573714285714285,0.24573714285714285,0.24573714285714285,0.24573714285714285,0.24006857142857144,0.24573714285714285,0.24006857142857144,0.2839542857142857,0.24006857142857144,0.24573714285714285,0.24404571428571428,0.0,0.20152,0.18453714285714284,0.20899428571428572,0.18964571428571428,0.19278857142857142,0.21666285714285713,0.18864,0.18728,0.18749714285714286,0.18828571428571428,0.1644,0.18709714285714285,0.18802285714285713,0.19020571428571428,0.18499428571428572,0.18862857142857142,0.1878857142857143,0.18707428571428572,0.18552,0.18690285714285715,0.18499428571428572,0.18416,0.18705142857142856,0.18357714285714286,0.18676571428571428,0.19110857142857143,0.18738285714285716,0.18728,0.18622857142857144,0.18622857142857144,0.19189714285714285,0.19189714285714285,0.1876,0.1929142857142857,0.18948571428571429,0.19345142857142858,0.19251428571428572,0.18820571428571428,0.18738285714285716,0.19790857142857143,0.18853714285714285,0.19118857142857143,0.18673142857142858,0.18797714285714287,0.15264,0.18957714285714286,0.20304,0.1942742857142857
Two-Approval,0.11700171428571426,0.11706285714285715,0.2821714285714286,0.24490285714285714,0.13452571428571428,0.16968,0.13078857142857142,0.17096,0.17096,0.17096,0.17096,0.16968,0.17096,0.16968,0.2486857142857143,0.16968,0.17096,0.2221942857142857,0.20152,0.0,0.14830857142857143,0.1329942857142857,0.11507428571428571,0.11497142857142857,0.14073142857142856,0.12125714285714286,0.11586285714285714,0.11564571428571428,0.11562285714285714,0.1784457142857143,0.11585142857142858,0.11542857142857142,0.11868571428571428,0.11585142857142858,0.12379428571428572,0.1156,0.11561142857142857,0.11611428571428571,0.11558857142857143,0.11584,0.11613714285714286,0.11569142857142857,0.1168,0.11561142857142857,0.11596571428571428,0.11548571428571429,0.11548571428571429,0.12267428571428571,0.12267428571428571,0.11593142857142857,0.11593142857142857,0.11572571428571428,0.11572571428571428,0.11961142857142858,0.11502857142857142,0.11491428571428572,0.11537142857142857,0.11548571428571429,0.11638857142857142,0.11561142857142857,0.11773714285714286,0.11601142857142857,0.11577142857142857,0.11670857142857143,0.12069714285714286,0.11512,0.11433142857142857
Three-Approval,0.08695714285714286,0.08726857142857143,0.28321142857142856,0.2451657142857143,0.06184,0.21717714285714285,0.15553142857142857,0.21752,0.21752,0.21752,0.21752,0.21717714285714285,0.21752,0.21717714285714285,0.2470857142857143,0.21717714285714285,0.21752,0.23562285714285713,0.18453714285714284,0.14830857142857143,0.0,0.1588342857142857,0.08754285714285714,0.09088,0.17883428571428572,0.08536,0.08554285714285714,0.08521142857142858,0.08466285714285714,0.1704,0.08572571428571428,0.08728,0.07913142857142857,0.08528,0.09502857142857143,0.08416,0.08499428571428572,0.08593142857142858,0.08501714285714286,0.08529142857142857,0.08574857142857142,0.08512,0.08658285714285714,0.08499428571428572,0.08617142857142857,0.08499428571428572,0.08502857142857143,0.09406857142857143,0.09406857142857143,0.08194285714285714,0.08194285714285714,0.08540571428571428,0.09154285714285715,0.07829714285714286,0.09186285714285715,0.09137142857142858,0.08744,0.08499428571428572,0.09632,0.08417142857142858,0.07996571428571428,0.08435428571428571,0.03514285714285714,0.10894857142857142,0.061622857142857146,0.12766857142857144,0.09179428571428572
Instant Runoff,0.11401485714285715,0.11389714285714286,0.28261714285714284,0.24474285714285715,0.13490285714285713,0.12998857142857143,0.03678857142857143,0.13118857142857143,0.13118857142857143,0.13118857142857143,0.13118857142857143,0.12998857142857143,0.13118857142857143,0.12998857142857143,0.24701714285714285,0.12998857142857143,0.13118857142857143,0.21253714285714287,0.20899428571428572,0.1329942857142857,0.1588342857142857,0.0,0.10454857142857144,0.09524571428571428,0.07497142857142858,0.11836571428571428,0.108,0.10824,0.10874285714285714,0.17504,0.10797714285714285,0.10448,0.11333714285714286,0.10942857142857143,0.11875428571428572,0.10896,0.10828571428571429,0.10834285714285714,0.10836571428571429,0.10942857142857143,0.10908571428571429,0.10824,0.10986285714285714,0.10841142857142858,0.11085714285714286,0.10812571428571428,0.10808,0.11761142857142858,0.11761142857142858,0.11265142857142857,0.11265142857142857,0.10832,0.10805714285714285,0.11449142857142858,0.09046857142857143,0.09388571428571428,0.10368,0.10812571428571428,0.10714285714285714,0.10900571428571429,0.11275428571428571,0.10826285714285715,0.14522285714285715,0.14921142857142858,0.13038857142857144,0.07731428571428571,0.10453714285714286
Bottom-Two-Runoff Instant Runoff,0.025419428571428572,0.025554285714285713,0.28553142857142855,0.2448,0.05369142857142857,0.17342857142857143,0.10802285714285714,0.17397714285714286,0.17397714285714286,0.17397714285714286,0.17397714285714286,0.17342857142857143,0.17397714285714286,0.17342857142857143,0.2467542857142857,0.17342857142857143,0.17397714285714286,0.22304,0.18964571428571428,0.11507428571428571,0.08754285714285714,0.10454857142857144,0.0,0.01136,0.12101714285714285,0.025028571428571428,0.008011428571428572,0.00817142857142857,0.009017142857142857,0.13352,0.008034285714285714,0.00864,0.017531428571428573,0.011417142857142857,0.02670857142857143,0.010034285714285714,0.00888,0.009737142857142857,0.00904,0.011428571428571429,0.011222857142857142,0.008445714285714286,0.013222857142857142,0.00910857142857143,0.017382857142857144,0.008445714285714286,0.008331428571428571,0.025222857142857144,0.025222857142857144,0.01622857142857143,0.01622857142857143,0.008365714285714285,0.015325714285714286,0.01933714285714286,0.01408,0.013588571428571429,0.009051428571428571,0.008445714285714286,0.020914285714285715,0.00968,0.016594285714285714,0.008491428571428572,0.07300571428571428,0.10384,0.055394285714285715,0.058777142857142854,0.016297142857142857
Benham,0.021613142857142855,0.021817142857142858,0.28546285714285713,0.24491428571428572,0.057165714285714285,0.17073142857142856,0.10125714285714285,0.17090285714285713,0.17090285714285713,0.17090285714285713,0.17090285714285713,0.17073142857142856,0.17090285714285713,0.17073142857142856,0.2450857142857143,0.17073142857142856,0.17090285714285713,0.22230857142857144,0.19278857142857142,0.11497142857142857,0.09088,0.09524571428571428,0.01136,0.0,0.11650285714285714,0.02992,0.015291428571428572,0.01545142857142857,0.015874285714285716,0.13705142857142857,0.01536,0.012011428571428572,0.021325714285714285,0.017062857142857143,0.028342857142857142,0.016137142857142857,0.015725714285714287,0.016297142857142857,0.015782857142857144,0.017074285714285715,0.016982857142857143,0.015474285714285715,0.018114285714285715,0.015851428571428572,0.018605714285714284,0.015462857142857143,0.015417142857142857,0.027257142857142858,0.027257142857142858,0.02022857142857143,0.02022857142857143,0.015508571428571429,0.017394285714285713,0.022811428571428573,0.004777142857142857,0.006571428571428572,0.01238857142857143,0.015462857142857143,0.01821714285714286,0.016011428571428572,0.020365714285714286,0.015645714285714287,0.07588571428571429,0.10763428571428571,0.057702857142857146,0.05265142857142857,0.010148571428571429
PluralityWRunoff PUT,0.12995142857142858,0.12984,0.28170285714285714,0.24398857142857142,0.15614857142857144,0.10186285714285714,0.08897142857142858,0.10523428571428571,0.10523428571428571,0.10523428571428571,0.10523428571428571,0.10186285714285714,0.10523428571428571,0.10186285714285714,0.25083428571428573,0.10186285714285714,0.10523428571428571,0.2079542857142857,0.21666285714285713,0.14073142857142856,0.17883428571428572,0.07497142857142858,0.12101714285714285,0.11650285714285714,0.0,0.13302857142857144,0.12344,0.12380571428571428,0.12420571428571428,0.17681142857142856,0.12340571428571429,0.12164571428571429,0.13086857142857142,0.12410285714285714,0.13288,0.12445714285714286,0.12373714285714285,0.12329142857142857,0.12372571428571429,0.12411428571428572,0.12373714285714285,0.1236,0.12460571428571429,0.12380571428571428,0.12616,0.12365714285714285,0.12357714285714286,0.13161142857142857,0.13161142857142857,0.1287542857142857,0.1287542857142857,0.12373714285714285,0.12188571428571429,0.13218285714285713,0.11570285714285715,0.11582857142857143,0.12150857142857142,0.12365714285714285,0.11898285714285714,0.12453714285714286,0.12985142857142856,0.12412571428571428,0.16350857142857142,0.16098285714285715,0.14909714285714284,0.09003428571428572,0.11869714285714286
Coombs,0.03499657142857143,0.03524571428571428,0.28505142857142857,0.2452,0.05373714285714286,0.18224,0.11786285714285714,0.18273142857142857,0.18273142857142857,0.18273142857142857,0.18273142857142857,0.18224,0.18273142857142857,0.18224,0.24648,0.18224,0.18273142857142857,0.22517714285714285,0.18864,0.12125714285714286,0.08536,0.11836571428571428,0.025028571428571428,0.02992,0.13302857142857144,0.0,0.02077714285714286,0.020365714285714286,0.019725714285714287,0.1382742857142857,0.021142857142857144,0.025085714285714284,0.02605714285714286,0.021805714285714286,0.03706285714285714,0.019931428571428572,0.020422857142857142,0.022262857142857143,0.020594285714285714,0.021805714285714286,0.02262857142857143,0.020377142857142858,0.023817142857142856,0.020674285714285714,0.028628571428571427,0.020125714285714285,0.02016,0.03576,0.03576,0.024457142857142858,0.024457142857142858,0.020594285714285714,0.03142857142857143,0.026662857142857144,0.03178285714285714,0.03102857142857143,0.02534857142857143,0.020125714285714285,0.035988571428571425,0.019542857142857143,0.024822857142857143,0.02065142857142857,0.07222857142857143,0.10518857142857142,0.05589714285714286,0.07250285714285715,0.03024
Baldwin,0.026389714285714284,0.026571428571428572,0.2856,0.24513142857142858,0.05252571428571429,0.17602285714285715,0.11046857142857143,0.17668571428571428,0.17668571428571428,0.17668571428571428,0.17668571428571428,0.17602285714285715,0.17668571428571428,0.17602285714285715,0.24770285714285714,0.17602285714285715,0.17668571428571428,0.22381714285714285,0.18728,0.11586285714285714,0.08554285714285714,0.108,0.008011428571428572,0.015291428571428572,0.12344,0.02077714285714286,0.0,0.00112,0.0038742857142857142,0.13157714285714286,0.0009142857142857143,0.007577142857142857,0.015622857142857143,0.007051428571428571,0.025954285714285714,0.005588571428571429,0.0032914285714285715,0.005897142857142857,0.0033942857142857143,0.007062857142857142,0.007657142857142857,0.0028914285714285713,0.010308571428571429,0.0035085714285714286,0.015851428571428572,0.002342857142857143,0.002182857142857143,0.024297142857142857,0.024297142857142857,0.013325714285714286,0.013325714285714286,0.0014857142857142857,0.01646857142857143,0.01817142857142857,0.017531428571428573,0.0164,0.008182857142857143,0.002342857142857143,0.023508571428571427,0.0052,0.014285714285714285,0.0028,0.0708,0.10123428571428572,0.054125714285714284,0.060605714285714284,0.0176
Strict Nanson,0.025801714285714292,0.026,0.2856228571428571,0.24518857142857142,0.05211428571428572,0.17613714285714285,0.11027428571428571,0.17673142857142857,0.17673142857142857,0.17673142857142857,0.17673142857142857,0.17613714285714285,0.17673142857142857,0.17613714285714285,0.24746285714285715,0.17613714285714285,0.17673142857142857,0.22378285714285714,0.18749714285714286,0.11564571428571428,0.08521142857142858,0.10824,0.00817142857142857,0.01545142857142857,0.12380571428571428,0.020365714285714286,0.00112,0.0,0.0029142857142857143,0.13190857142857143,0.0018742857142857142,0.0077714285714285715,0.015188571428571428,0.006857142857142857,0.026148571428571427,0.004982857142857143,0.002765714285714286,0.0064685714285714286,0.0028914285714285713,0.006868571428571429,0.00809142857142857,0.0021142857142857144,0.010708571428571428,0.002994285714285714,0.015977142857142856,0.0016685714285714285,0.001417142857142857,0.024525714285714286,0.024525714285714286,0.012468571428571428,0.012468571428571428,0.001302857142857143,0.01664,0.01776,0.01777142857142857,0.0168,0.008422857142857143,0.0016685714285714285,0.023622857142857143,0.004354285714285714,0.013554285714285715,0.0024114285714285713,0.07051428571428571,0.10129142857142857,0.05369142857142857,0.060605714285714284,0.017371428571428572
Weak Nanson,0.02425257142857143,0.02446857142857143,0.28561142857142857,0.24521142857142858,0.051405714285714284,0.17654857142857142,0.11,0.1770057142857143,0.1770057142857143,0.1770057142857143,0.1770057142857143,0.17654857142857142,0.1770057142857143,0.17654857142857142,0.24692571428571428,0.17654857142857142,0.1770057142857143,0.2240457142857143,0.18828571428571428,0.11562285714285714,0.08466285714285714,0.10874285714285714,0.009017142857142857,0.015874285714285716,0.12420571428571428,0.019725714285714287,0.0038742857142857142,0.0029142857142857143,0.0,0.13250285714285714,0.004582857142857143,0.008708571428571428,0.014262857142857143,0.008457142857142858,0.026525714285714284,0.0034857142857142856,0.0041028571428571425,0.00809142857142857,0.004342857142857143,0.008468571428571428,0.00966857142857143,0.0036457142857142855,0.0116,0.004434285714285714,0.01614857142857143,0.0032914285714285715,0.0032114285714285712,0.02496,0.02496,0.010834285714285715,0.010834285714285715,0.003782857142857143,0.017222857142857144,0.01705142857142857,0.018274285714285715,0.01742857142857143,0.009337142857142856,0.0032914285714285715,0.024034285714285713,0.00208,0.011794285714285714,0.004045714285714285,0.06988571428571429,0.10153142857142858,0.05302857142857143,0.06086857142857143,0.01648
Iterated Removal Condorcet Loser,0.14696685714285715,0.14714285714285713,0.24696,0.24564571428571427,0.15602285714285713,0.2045142857142857,0.18362285714285714,0.2105257142857143,0.2105257142857143,0.2105257142857143,0.2105257142857143,0.2045142857142857,0.2105257142857143,0.2045142857142857,0.2696342857142857,0.2045142857142857,0.2105257142857143,0.23302857142857142,0.1644,0.1784457142857143,0.1704,0.17504,0.13352,0.13705142857142857,0.17681142857142856,0.1382742857142857,0.13157714285714286,0.13190857142857143,0.13250285714285714,0.0,0.1312457142857143,0.13180571428571428,0.1388,0.12787428571428572,0.12763428571428573,0.1317142857142857,0.13061714285714285,0.12822857142857144,0.13025142857142857,0.12787428571428572,0.12602285714285713,0.13070857142857142,0.12250285714285715,0.12989714285714285,0.13652571428571428,0.13161142857142857,0.13153142857142858,0.12709714285714285,0.12709714285714285,0.13893714285714287,0.13893714285714287,0.13188571428571427,0.13414857142857142,0.13913142857142857,0.13753142857142858,0.13616,0.13182857142857143,0.13161142857142857,0.14077714285714285,0.13288,0.1389257142857143,0.1313257142857143,0.16342857142857142,0.15718857142857143,0.15696,0.15699428571428573,0.13910857142857141
Raynaud,0.026964,0.027154285714285714,0.2855885714285714,0.2450857142857143,0.05284571428571429,0.17592,0.11076571428571429,0.17654857142857142,0.17654857142857142,0.17654857142857142,0.17654857142857142,0.17592,0.17654857142857142,0.17592,0.24786285714285713,0.17592,0.17654857142857142,0.22370285714285715,0.18709714285714285,0.11585142857142858,0.08572571428571428,0.10797714285714285,0.008034285714285714,0.01536,0.12340571428571429,0.021142857142857144,0.0009142857142857143,0.0018742857142857142,0.004582857142857143,0.1312457142857143,0.0,0.00736,0.01592,0.007177142857142857,0.02576,0.006228571428571429,0.0038285714285714286,0.005257142857142857,0.00392,0.007188571428571429,0.007222857142857143,0.0034857142857142856,0.00992,0.004045714285714285,0.015897142857142856,0.003085714285714286,0.0029371428571428574,0.024011428571428572,0.024011428571428572,0.014114285714285715,0.014114285714285715,0.0019085714285714285,0.01630857142857143,0.018491428571428572,0.01750857142857143,0.016285714285714285,0.00792,0.003085714285714286,0.023405714285714287,0.005977142857142857,0.015062857142857143,0.003245714285714286,0.07104,0.10115428571428571,0.05443428571428571,0.06078857142857143,0.017942857142857142
Tideman Alternative Top Cycle,0.028488,0.028685714285714287,0.28547428571428574,0.24512,0.05452571428571429,0.17505142857142858,0.10870857142857143,0.17548571428571427,0.17548571428571427,0.17548571428571427,0.17548571428571427,0.17505142857142858,0.17548571428571427,0.17505142857142858,0.24765714285714285,0.17505142857142858,0.17548571428571427,0.22334857142857142,0.18802285714285713,0.11542857142857142,0.08728,0.10448,0.00864,0.012011428571428572,0.12164571428571429,0.025085714285714284,0.007577142857142857,0.0077714285714285715,0.008708571428571428,0.13180571428571428,0.00736,0.0,0.018571428571428572,0.009622857142857143,0.026194285714285715,0.00944,0.008365714285714285,0.008011428571428572,0.008434285714285714,0.009634285714285715,0.009234285714285714,0.007954285714285714,0.010537142857142858,0.008502857142857144,0.018228571428571427,0.008228571428571429,0.008102857142857143,0.024445714285714286,0.024445714285714286,0.017737142857142858,0.017737142857142858,0.007942857142857142,0.014914285714285715,0.020171428571428573,0.014011428571428572,0.012994285714285713,0.0010857142857142858,0.008228571428571429,0.022537142857142856,0.009371428571428572,0.018114285714285715,0.007942857142857142,0.07267428571428572,0.10264,0.05592,0.05989714285714286,0.01752
