,NN,Min Violations Committee,Max Violations Committee,Random Choice,Borda ranking,Plurality ranking,STV,Approval Voting (AV),Proportional Approval Voting (PAV),Approval Chamberlin-Courant (CC),Lexicographic Chamberlin-Courant (lex-CC),Sequential Approval Chamberlin-Courant (seq-CC),Monroe's Approval Rule (Monroe),Greedy Monroe,Minimax Approval Voting (MAV),Method of Equal Shares (aka Rule X) with Phragmén phase,E Pluribus Hugo (EPH),Random Serial Dictator,Anti-Plurality,Two-Approval,Three-Approval,Instant Runoff,Bottom-Two-Runoff Instant Runoff,Benham,PluralityWRunoff PUT,Coombs,Baldwin,Strict Nanson,Weak Nanson,Iterated Removal Condorcet Loser,Raynaud,Tideman Alternative Top Cycle,Knockout Voting,Banks,Condorcet,Copeland,Llull,Uncovered Set,Uncovered Set - Fishburn,Uncovered Set - Bordes,Uncovered Set - McKelvey,Slater,Top Cycle,GOCHA,Bipartisan Set,Minimax,Split Cycle,Ranked Pairs ZT,Ranked Pairs TB,Simple Stable Voting,Stable Voting,Loss-Trimmer Voting,Daunou,Blacks,Condorcet IRV,Condorcet IRV PUT,Smith IRV,Smith-Minimax,Condorcet Plurality,Copeland-Local-Borda,Copeland-Global-Borda,Borda-Minimax Faceoff,Bucklin,Simplified Bucklin,Weighted Bucklin,Bracket Voting,Superior Voting
Min Violations Committee,0.0004959999999999999,0.0,0.3333333333333333,0.27782666666666667,0.05968,0.18018666666666666,0.09666666666666666,0.17888,0.17888,0.17888,0.17888,0.18018666666666666,0.17888,0.18018666666666666,0.2714666666666667,0.18018666666666666,0.17888,0.24544,0.21242666666666668,0.10710666666666667,0.10846666666666667,0.10978666666666667,0.027986666666666667,0.024573333333333332,0.12368,0.03793333333333333,0.02916,0.028493333333333332,0.026773333333333333,0.13066666666666665,0.029826666666666668,0.031413333333333335,0.018853333333333333,0.03376,0.036706666666666665,0.02668,0.028973333333333334,0.03337333333333333,0.028986666666666668,0.03376,0.034973333333333335,0.028986666666666668,0.03556,0.028986666666666668,0.0182,0.028573333333333333,0.02876,0.0364,0.0364,0.016306666666666667,0.016306666666666667,0.0282,0.02948,0.021773333333333332,0.02632,0.027266666666666668,0.03166666666666667,0.028573333333333333,0.025893333333333334,0.025813333333333334,0.01701333333333333,0.029173333333333332,0.07605333333333333,0.12572,0.05772,0.049146666666666665,0.019946666666666668
Max Violations Committee,0.33327933333333337,0.3333333333333333,0.0,0.27809333333333336,0.3323333333333333,0.32206666666666667,0.33150666666666667,0.3231733333333333,0.3231733333333333,0.3231733333333333,0.3231733333333333,0.32206666666666667,0.3231733333333333,0.32206666666666667,0.28724,0.32206666666666667,0.3231733333333333,0.29956,0.32294666666666666,0.3300666666666667,0.33098666666666665,0.33050666666666667,0.33314666666666665,0.3330533333333333,0.3297466666666667,0.33294666666666667,0.33324,0.33322666666666667,0.3332133333333333,0.29861333333333334,0.3331866666666667,0.33304,0.3332,0.33284,0.3237466666666667,0.33316,0.33314666666666665,0.33286666666666664,0.33308,0.33284,0.33264,0.33316,0.33182666666666666,0.33304,0.3330266666666667,0.3332133333333333,0.3332,0.32822666666666667,0.32822666666666667,0.33328,0.33328,0.33325333333333335,0.33284,0.3331866666666667,0.3329066666666667,0.3328933333333333,0.33298666666666665,0.3332133333333333,0.3322,0.33326666666666666,0.33326666666666666,0.3332133333333333,0.3316,0.32777333333333336,0.33229333333333333,0.3324,0.33309333333333335
Random Choice,0.27785266666666664,0.27782666666666667,0.27809333333333336,0.0,0.27792,0.2769066666666667,0.27730666666666665,0.27654666666666666,0.27654666666666666,0.27654666666666666,0.27654666666666666,0.2769066666666667,0.27654666666666666,0.2769066666666667,0.2777733333333333,0.2769066666666667,0.27654666666666666,0.2789466666666667,0.2782133333333333,0.27784,0.27757333333333334,0.27744,0.278,0.27797333333333335,0.2771866666666667,0.27810666666666667,0.27813333333333334,0.27812,0.2779066666666667,0.2772266666666667,0.2781866666666667,0.2779333333333333,0.27782666666666667,0.27804,0.27804,0.2779333333333333,0.27812,0.27812,0.2780666666666667,0.27804,0.27812,0.27808,0.27781333333333336,0.27808,0.27801333333333333,0.27809333333333336,0.27808,0.27804,0.27804,0.27785333333333334,0.27785333333333334,0.27808,0.27817333333333333,0.27782666666666667,0.27814666666666665,0.27808,0.2779333333333333,0.27809333333333336,0.27829333333333334,0.2778933333333333,0.27786666666666665,0.27801333333333333,0.27770666666666666,0.2789333333333333,0.27764,0.27776,0.27816
Borda ranking,0.05944066666666666,0.05968,0.3323333333333333,0.27792,0.0,0.20962666666666666,0.13106666666666666,0.20941333333333334,0.20941333333333334,0.20941333333333334,0.20941333333333334,0.20962666666666666,0.20941333333333334,0.20962666666666666,0.27952,0.20962666666666666,0.20941333333333334,0.25396,0.18633333333333332,0.11654666666666667,0.0706,0.135,0.058706666666666664,0.06286666666666667,0.15381333333333333,0.05824,0.057306666666666665,0.05676,0.05588,0.14398666666666668,0.05776,0.05888,0.0418,0.05805333333333333,0.06902666666666667,0.05590666666666667,0.05690666666666667,0.05861333333333334,0.056946666666666666,0.05805333333333333,0.058706666666666664,0.057,0.05994666666666667,0.056973333333333334,0.05858666666666667,0.056453333333333335,0.05648,0.06745333333333334,0.06745333333333334,0.0514,0.0514,0.05692,0.06234666666666667,0.03792,0.06369333333333334,0.06318666666666667,0.05905333333333333,0.056453333333333335,0.07009333333333333,0.05564,0.04496,0.054733333333333335,0.07318666666666666,0.12764,0.04902666666666667,0.09341333333333333,0.06401333333333334
Plurality ranking,0.1802933333333333,0.18018666666666666,0.32206666666666667,0.2769066666666667,0.20962666666666666,0.0,0.1396,0.02825333333333333,0.02825333333333333,0.02825333333333333,0.02825333333333333,0.0,0.02825333333333333,0.0,0.28217333333333333,0.0,0.02825333333333333,0.22185333333333335,0.27270666666666665,0.19688,0.24306666666666665,0.133,0.17673333333333333,0.17337333333333332,0.10914666666666667,0.1868,0.17922666666666667,0.17916,0.17945333333333333,0.20850666666666667,0.1792,0.17794666666666667,0.18536,0.17978666666666668,0.18590666666666666,0.17961333333333335,0.17924,0.1798,0.17933333333333334,0.17978666666666668,0.17984,0.17912,0.18030666666666667,0.17937333333333333,0.17993333333333333,0.17926666666666666,0.1792,0.18424,0.18424,0.18290666666666666,0.18290666666666666,0.17913333333333334,0.17044,0.18677333333333335,0.17201333333333332,0.17302666666666666,0.17772,0.17926666666666666,0.1546,0.17973333333333333,0.18437333333333333,0.17990666666666666,0.2116,0.20622666666666667,0.19598666666666667,0.15525333333333333,0.17068
STV,0.09673466666666668,0.09666666666666666,0.33150666666666667,0.27730666666666665,0.13106666666666666,0.1396,0.0,0.13728,0.13728,0.13728,0.13728,0.1396,0.13728,0.1396,0.27236,0.1396,0.13728,0.23504,0.23501333333333332,0.14105333333333334,0.17368,0.034973333333333335,0.10289333333333334,0.09585333333333333,0.08349333333333334,0.11372,0.10529333333333334,0.10502666666666667,0.10476,0.17332,0.10574666666666667,0.10337333333333333,0.10390666666666666,0.10669333333333333,0.11333333333333333,0.10442666666666667,0.10506666666666667,0.10761333333333334,0.10502666666666667,0.10669333333333333,0.1076,0.10506666666666667,0.10834666666666666,0.10504,0.10185333333333334,0.10516,0.10526666666666666,0.1124,0.1124,0.10318666666666666,0.10318666666666666,0.10472,0.10201333333333333,0.1052,0.0936,0.09469333333333334,0.10308,0.10516,0.09813333333333334,0.10446666666666667,0.10322666666666666,0.10572,0.14268,0.15953333333333333,0.12526666666666667,0.07490666666666666,0.09421333333333333
Approval Voting (AV),0.17901533333333333,0.17888,0.3231733333333333,0.27654666666666666,0.20941333333333334,0.02825333333333333,0.13728,0.0,0.0,0.0,0.0,0.02825333333333333,0.0,0.02825333333333333,0.27216,0.02825333333333333,0.0,0.22216,0.27773333333333333,0.19689333333333334,0.24324,0.13352,0.1772,0.17368,0.11173333333333334,0.18678666666666666,0.17956,0.17956,0.17972,0.21392,0.17958666666666667,0.17853333333333332,0.185,0.18073333333333333,0.18672,0.18,0.17977333333333334,0.1806,0.17984,0.18073333333333333,0.18086666666666668,0.17966666666666667,0.18132,0.17988,0.17966666666666667,0.17964,0.1796,0.18530666666666668,0.18530666666666668,0.18238666666666667,0.18238666666666667,0.17945333333333333,0.17118666666666665,0.18628,0.17224,0.17344,0.17826666666666666,0.17964,0.15784,0.17994666666666667,0.18392,0.18026666666666666,0.2112,0.21028,0.19572,0.15456,0.17088
Proportional Approval Voting (PAV),0.17901533333333333,0.17888,0.3231733333333333,0.27654666666666666,0.20941333333333334,0.02825333333333333,0.13728,0.0,0.0,0.0,0.0,0.02825333333333333,0.0,0.02825333333333333,0.27216,0.02825333333333333,0.0,0.22216,0.27773333333333333,0.19689333333333334,0.24324,0.13352,0.1772,0.17368,0.11173333333333334,0.18678666666666666,0.17956,0.17956,0.17972,0.21392,0.17958666666666667,0.17853333333333332,0.185,0.18073333333333333,0.18672,0.18,0.17977333333333334,0.1806,0.17984,0.18073333333333333,0.18086666666666668,0.17966666666666667,0.18132,0.17988,0.17966666666666667,0.17964,0.1796,0.18530666666666668,0.18530666666666668,0.18238666666666667,0.18238666666666667,0.17945333333333333,0.17118666666666665,0.18628,0.17224,0.17344,0.17826666666666666,0.17964,0.15784,0.17994666666666667,0.18392,0.18026666666666666,0.2112,0.21028,0.19572,0.15456,0.17088
Approval Chamberlin-Courant (CC),0.17901533333333333,0.17888,0.3231733333333333,0.27654666666666666,0.20941333333333334,0.02825333333333333,0.13728,0.0,0.0,0.0,0.0,0.02825333333333333,0.0,0.02825333333333333,0.27216,0.02825333333333333,0.0,0.22216,0.27773333333333333,0.19689333333333334,0.24324,0.13352,0.1772,0.17368,0.11173333333333334,0.18678666666666666,0.17956,0.17956,0.17972,0.21392,0.17958666666666667,0.17853333333333332,0.185,0.18073333333333333,0.18672,0.18,0.17977333333333334,0.1806,0.17984,0.18073333333333333,0.18086666666666668,0.17966666666666667,0.18132,0.17988,0.17966666666666667,0.17964,0.1796,0.18530666666666668,0.18530666666666668,0.18238666666666667,0.18238666666666667,0.17945333333333333,0.17118666666666665,0.18628,0.17224,0.17344,0.17826666666666666,0.17964,0.15784,0.17994666666666667,0.18392,0.18026666666666666,0.2112,0.21028,0.19572,0.15456,0.17088
Lexicographic Chamberlin-Courant (lex-CC),0.17901533333333333,0.17888,0.3231733333333333,0.27654666666666666,0.20941333333333334,0.02825333333333333,0.13728,0.0,0.0,0.0,0.0,0.02825333333333333,0.0,0.02825333333333333,0.27216,0.02825333333333333,0.0,0.22216,0.27773333333333333,0.19689333333333334,0.24324,0.13352,0.1772,0.17368,0.11173333333333334,0.18678666666666666,0.17956,0.17956,0.17972,0.21392,0.17958666666666667,0.17853333333333332,0.185,0.18073333333333333,0.18672,0.18,0.17977333333333334,0.1806,0.17984,0.18073333333333333,0.18086666666666668,0.17966666666666667,0.18132,0.17988,0.17966666666666667,0.17964,0.1796,0.18530666666666668,0.18530666666666668,0.18238666666666667,0.18238666666666667,0.17945333333333333,0.17118666666666665,0.18628,0.17224,0.17344,0.17826666666666666,0.17964,0.15784,0.17994666666666667,0.18392,0.18026666666666666,0.2112,0.21028,0.19572,0.15456,0.17088
Sequential Approval Chamberlin-Courant (seq-CC),0.1802933333333333,0.18018666666666666,0.32206666666666667,0.2769066666666667,0.20962666666666666,0.0,0.1396,0.02825333333333333,0.02825333333333333,0.02825333333333333,0.02825333333333333,0.0,0.02825333333333333,0.0,0.28217333333333333,0.0,0.02825333333333333,0.22185333333333335,0.27270666666666665,0.19688,0.24306666666666665,0.133,0.17673333333333333,0.17337333333333332,0.10914666666666667,0.1868,0.17922666666666667,0.17916,0.17945333333333333,0.20850666666666667,0.1792,0.17794666666666667,0.18536,0.17978666666666668,0.18590666666666666,0.17961333333333335,0.17924,0.1798,0.17933333333333334,0.17978666666666668,0.17984,0.17912,0.18030666666666667,0.17937333333333333,0.17993333333333333,0.17926666666666666,0.1792,0.18424,0.18424,0.18290666666666666,0.18290666666666666,0.17913333333333334,0.17044,0.18677333333333335,0.17201333333333332,0.17302666666666666,0.17772,0.17926666666666666,0.1546,0.17973333333333333,0.18437333333333333,0.17990666666666666,0.2116,0.20622666666666667,0.19598666666666667,0.15525333333333333,0.17068
Monroe's Approval Rule (Monroe),0.17901533333333333,0.17888,0.3231733333333333,0.27654666666666666,0.20941333333333334,0.02825333333333333,0.13728,0.0,0.0,0.0,0.0,0.02825333333333333,0.0,0.02825333333333333,0.27216,0.02825333333333333,0.0,0.22216,0.27773333333333333,0.19689333333333334,0.24324,0.13352,0.1772,0.17368,0.11173333333333334,0.18678666666666666,0.17956,0.17956,0.17972,0.21392,0.17958666666666667,0.17853333333333332,0.185,0.18073333333333333,0.18672,0.18,0.17977333333333334,0.1806,0.17984,0.18073333333333333,0.18086666666666668,0.17966666666666667,0.18132,0.17988,0.17966666666666667,0.17964,0.1796,0.18530666666666668,0.18530666666666668,0.18238666666666667,0.18238666666666667,0.17945333333333333,0.17118666666666665,0.18628,0.17224,0.17344,0.17826666666666666,0.17964,0.15784,0.17994666666666667,0.18392,0.18026666666666666,0.2112,0.21028,0.19572,0.15456,0.17088
Greedy Monroe,0.1802933333333333,0.18018666666666666,0.32206666666666667,0.2769066666666667,0.20962666666666666,0.0,0.1396,0.02825333333333333,0.02825333333333333,0.02825333333333333,0.02825333333333333,0.0,0.02825333333333333,0.0,0.28217333333333333,0.0,0.02825333333333333,0.22185333333333335,0.27270666666666665,0.19688,0.24306666666666665,0.133,0.17673333333333333,0.17337333333333332,0.10914666666666667,0.1868,0.17922666666666667,0.17916,0.17945333333333333,0.20850666666666667,0.1792,0.17794666666666667,0.18536,0.17978666666666668,0.18590666666666666,0.17961333333333335,0.17924,0.1798,0.17933333333333334,0.17978666666666668,0.17984,0.17912,0.18030666666666667,0.17937333333333333,0.17993333333333333,0.17926666666666666,0.1792,0.18424,0.18424,0.18290666666666666,0.18290666666666666,0.17913333333333334,0.17044,0.18677333333333335,0.17201333333333332,0.17302666666666666,0.17772,0.17926666666666666,0.1546,0.17973333333333333,0.18437333333333333,0.17990666666666666,0.2116,0.20622666666666667,0.19598666666666667,0.15525333333333333,0.17068
Minimax Approval Voting (MAV),0.27156333333333327,0.2714666666666667,0.28724,0.2777733333333333,0.27952,0.28217333333333333,0.27236,0.27216,0.27216,0.27216,0.27216,0.28217333333333333,0.27216,0.28217333333333333,0.0,0.28217333333333333,0.27216,0.27804,0.3255866666666667,0.2813866666666667,0.2809066666666667,0.28098666666666666,0.28168,0.27992,0.2843866666666667,0.28108,0.28241333333333335,0.2822266666666667,0.28173333333333334,0.3039866666666667,0.28264,0.28236,0.27838666666666667,0.2842,0.2842,0.2822,0.28288,0.2842,0.28288,0.2842,0.2842,0.28269333333333335,0.2842,0.28288,0.27909333333333336,0.28253333333333336,0.28254666666666667,0.2842,0.2842,0.27845333333333333,0.27845333333333333,0.2822266666666667,0.28028,0.27845333333333333,0.27996,0.28072,0.28242666666666666,0.28253333333333336,0.27828,0.28158666666666665,0.27844,0.2826266666666667,0.28030666666666665,0.30334666666666665,0.27798666666666666,0.27742666666666665,0.27856
Method of Equal Shares (aka Rule X) with Phragmén phase,0.1802933333333333,0.18018666666666666,0.32206666666666667,0.2769066666666667,0.20962666666666666,0.0,0.1396,0.02825333333333333,0.02825333333333333,0.02825333333333333,0.02825333333333333,0.0,0.02825333333333333,0.0,0.28217333333333333,0.0,0.02825333333333333,0.22185333333333335,0.27270666666666665,0.19688,0.24306666666666665,0.133,0.17673333333333333,0.17337333333333332,0.10914666666666667,0.1868,0.17922666666666667,0.17916,0.17945333333333333,0.20850666666666667,0.1792,0.17794666666666667,0.18536,0.17978666666666668,0.18590666666666666,0.17961333333333335,0.17924,0.1798,0.17933333333333334,0.17978666666666668,0.17984,0.17912,0.18030666666666667,0.17937333333333333,0.17993333333333333,0.17926666666666666,0.1792,0.18424,0.18424,0.18290666666666666,0.18290666666666666,0.17913333333333334,0.17044,0.18677333333333335,0.17201333333333332,0.17302666666666666,0.17772,0.17926666666666666,0.1546,0.17973333333333333,0.18437333333333333,0.17990666666666666,0.2116,0.20622666666666667,0.19598666666666667,0.15525333333333333,0.17068
E Pluribus Hugo (EPH),0.17901533333333333,0.17888,0.3231733333333333,0.27654666666666666,0.20941333333333334,0.02825333333333333,0.13728,0.0,0.0,0.0,0.0,0.02825333333333333,0.0,0.02825333333333333,0.27216,0.02825333333333333,0.0,0.22216,0.27773333333333333,0.19689333333333334,0.24324,0.13352,0.1772,0.17368,0.11173333333333334,0.18678666666666666,0.17956,0.17956,0.17972,0.21392,0.17958666666666667,0.17853333333333332,0.185,0.18073333333333333,0.18672,0.18,0.17977333333333334,0.1806,0.17984,0.18073333333333333,0.18086666666666668,0.17966666666666667,0.18132,0.17988,0.17966666666666667,0.17964,0.1796,0.18530666666666668,0.18530666666666668,0.18238666666666667,0.18238666666666667,0.17945333333333333,0.17118666666666665,0.18628,0.17224,0.17344,0.17826666666666666,0.17964,0.15784,0.17994666666666667,0.18392,0.18026666666666666,0.2112,0.21028,0.19572,0.15456,0.17088
Random Serial Dictator,0.24552066666666666,0.24544,0.29956,0.2789466666666667,0.25396,0.22185333333333335,0.23504,0.22216,0.22216,0.22216,0.22216,0.22185333333333335,0.22216,0.22185333333333335,0.27804,0.22185333333333335,0.22216,0.0,0.2764,0.24981333333333333,0.26470666666666665,0.23377333333333333,0.24436,0.24332,0.23005333333333333,0.24712,0.24508,0.24510666666666667,0.2452,0.25508,0.24514666666666668,0.24472,0.24685333333333334,0.2456,0.24761333333333332,0.24514666666666668,0.24525333333333332,0.24546666666666667,0.24528,0.2456,0.24552,0.24518666666666666,0.24546666666666667,0.24529333333333334,0.24574666666666667,0.2452,0.24522666666666668,0.2468,0.2468,0.24626666666666666,0.24626666666666666,0.24508,0.24402666666666667,0.24718666666666667,0.24316,0.24342666666666668,0.24468,0.2452,0.24121333333333334,0.245,0.24645333333333333,0.2454,0.254,0.2524266666666667,0.25037333333333334,0.23816,0.2432
Anti-Plurality,0.21233333333333335,0.21242666666666668,0.32294666666666666,0.2782133333333333,0.18633333333333332,0.27270666666666665,0.23501333333333332,0.27773333333333333,0.27773333333333333,0.27773333333333333,0.27773333333333333,0.27270666666666665,0.27773333333333333,0.27270666666666665,0.3255866666666667,0.27270666666666665,0.27773333333333333,0.2764,0.0,0.21138666666666667,0.18424,0.23033333333333333,0.20268,0.20676,0.24130666666666667,0.2006,0.2002,0.20030666666666666,0.20073333333333335,0.19514666666666666,0.20013333333333333,0.20113333333333333,0.201,0.19817333333333334,0.20336,0.20024,0.19970666666666667,0.19882666666666668,0.19964,0.19817333333333334,0.19770666666666667,0.19989333333333334,0.19742666666666667,0.19961333333333334,0.20513333333333333,0.20008,0.20008,0.20056,0.20056,0.20377333333333333,0.20377333333333333,0.20046666666666665,0.2056,0.19948,0.20736,0.20629333333333333,0.20118666666666668,0.20008,0.21328,0.20097333333333334,0.2022,0.19922666666666666,0.19741333333333333,0.17484,0.19918666666666668,0.21985333333333335,0.20876
Two-Approval,0.10710800000000001,0.10710666666666667,0.3300666666666667,0.27784,0.11654666666666667,0.19688,0.14105333333333334,0.19689333333333334,0.19689333333333334,0.19689333333333334,0.19689333333333334,0.19688,0.19689333333333334,0.19688,0.2813866666666667,0.19688,0.19689333333333334,0.24981333333333333,0.21138666666666667,0.0,0.15988,0.14270666666666668,0.10486666666666666,0.10561333333333334,0.15488,0.11009333333333333,0.10496,0.10485333333333334,0.10488,0.16769333333333333,0.10510666666666667,0.10552,0.10598666666666667,0.10474666666666667,0.11450666666666667,0.10501333333333333,0.10474666666666667,0.10541333333333333,0.10470666666666667,0.10474666666666667,0.10510666666666667,0.10468,0.10593333333333334,0.10469333333333333,0.10632,0.10468,0.10465333333333333,0.113,0.113,0.10468,0.10468,0.10485333333333334,0.10598666666666667,0.10661333333333334,0.10585333333333333,0.10588,0.1054,0.10468,0.10962666666666666,0.10489333333333334,0.10546666666666667,0.10490666666666666,0.07638666666666667,0.09170666666666667,0.10412,0.11610666666666666,0.10653333333333333
Three-Approval,0.10818933333333333,0.10846666666666667,0.33098666666666665,0.27757333333333334,0.0706,0.24306666666666665,0.17368,0.24324,0.24324,0.24324,0.24324,0.24306666666666665,0.24324,0.24306666666666665,0.2809066666666667,0.24306666666666665,0.24324,0.26470666666666665,0.18424,0.15988,0.0,0.1776,0.1084,0.11264,0.19568,0.10333333333333333,0.10625333333333334,0.10586666666666666,0.10525333333333334,0.17465333333333333,0.10653333333333333,0.1078,0.09762666666666667,0.10602666666666667,0.11602666666666667,0.10501333333333333,0.10552,0.10646666666666667,0.10561333333333334,0.10602666666666667,0.10648,0.10582666666666667,0.10750666666666667,0.10566666666666667,0.10693333333333334,0.10556,0.10554666666666666,0.11453333333333333,0.11453333333333333,0.10168,0.10168,0.106,0.11177333333333334,0.09566666666666666,0.11334666666666667,0.11258666666666667,0.10786666666666667,0.10556,0.11878666666666667,0.10528,0.09905333333333333,0.10468,0.08609333333333333,0.15782666666666667,0.08105333333333334,0.14172,0.11365333333333333
Instant Runoff,0.10986066666666668,0.10978666666666667,0.33050666666666667,0.27744,0.135,0.133,0.034973333333333335,0.13352,0.13352,0.13352,0.13352,0.133,0.13352,0.133,0.28098666666666666,0.133,0.13352,0.23377333333333333,0.23033333333333333,0.14270666666666668,0.1776,0.0,0.09736,0.08738666666666667,0.06710666666666666,0.11333333333333333,0.10082666666666666,0.10102666666666667,0.10164,0.16262666666666667,0.10072,0.09628,0.10829333333333334,0.10229333333333333,0.11336,0.10185333333333334,0.10110666666666666,0.10109333333333333,0.10102666666666667,0.10229333333333333,0.10181333333333334,0.10118666666666666,0.10248,0.10106666666666667,0.10516,0.10124,0.10133333333333333,0.11132,0.11132,0.10764,0.10764,0.10088,0.10084,0.10952,0.08374666666666666,0.0866,0.09570666666666666,0.10124,0.10116,0.10194666666666667,0.10748,0.10137333333333333,0.14608,0.15481333333333333,0.12952,0.07777333333333333,0.09805333333333334
Bottom-Two-Runoff Instant Runoff,0.027801999999999993,0.027986666666666667,0.33314666666666665,0.278,0.058706666666666664,0.17673333333333333,0.10289333333333334,0.1772,0.1772,0.1772,0.1772,0.17673333333333333,0.1772,0.17673333333333333,0.28168,0.17673333333333333,0.1772,0.24436,0.20268,0.10486666666666666,0.1084,0.09736,0.0,0.011813333333333334,0.11248,0.025973333333333334,0.00796,0.007973333333333334,0.00888,0.11226666666666667,0.008173333333333333,0.008946666666666667,0.018533333333333332,0.011266666666666666,0.02796,0.00984,0.008626666666666666,0.009826666666666666,0.008626666666666666,0.011266666666666666,0.011293333333333334,0.008466666666666667,0.01324,0.008693333333333334,0.019133333333333332,0.0082,0.008186666666666667,0.025506666666666667,0.025506666666666667,0.017306666666666668,0.017306666666666668,0.008133333333333333,0.013466666666666667,0.020786666666666665,0.013613333333333333,0.013,0.009213333333333334,0.0082,0.022133333333333335,0.009453333333333333,0.01728,0.008653333333333334,0.07613333333333333,0.11456,0.05805333333333333,0.04722666666666667,0.016933333333333335
Benham,0.02438333333333333,0.024573333333333332,0.3330533333333333,0.27797333333333335,0.06286666666666667,0.17337333333333332,0.09585333333333333,0.17368,0.17368,0.17368,0.17368,0.17337333333333332,0.17368,0.17337333333333332,0.27992,0.17337333333333332,0.17368,0.24332,0.20676,0.10561333333333334,0.11264,0.08738666666666667,0.011813333333333334,0.0,0.10733333333333334,0.03169333333333333,0.01556,0.015693333333333333,0.016186666666666665,0.11613333333333334,0.01556,0.011333333333333334,0.023413333333333335,0.01752,0.029626666666666666,0.016466666666666668,0.015906666666666666,0.01633333333333333,0.015826666666666666,0.01752,0.017173333333333332,0.015933333333333334,0.018026666666666667,0.01588,0.020133333333333333,0.01596,0.016053333333333333,0.027706666666666668,0.027706666666666668,0.022186666666666667,0.022186666666666667,0.0156,0.016973333333333333,0.024946666666666666,0.00364,0.00556,0.011453333333333333,0.01596,0.018773333333333333,0.0164,0.02224,0.016253333333333335,0.07926666666666667,0.118,0.061173333333333337,0.0414,0.011106666666666667
PluralityWRunoff PUT,0.12377800000000001,0.12368,0.3297466666666667,0.2771866666666667,0.15381333333333333,0.10914666666666667,0.08349333333333334,0.11173333333333334,0.11173333333333334,0.11173333333333334,0.11173333333333334,0.10914666666666667,0.11173333333333334,0.10914666666666667,0.2843866666666667,0.10914666666666667,0.11173333333333334,0.23005333333333333,0.24130666666666667,0.15488,0.19568,0.06710666666666666,0.11248,0.10733333333333334,0.0,0.12641333333333332,0.11468,0.11490666666666667,0.11561333333333333,0.16642666666666667,0.11446666666666666,0.11282666666666667,0.1238,0.11596,0.12656,0.11592,0.11501333333333333,0.1148,0.11496,0.11596,0.11557333333333333,0.115,0.11621333333333334,0.11506666666666666,0.11865333333333333,0.11508,0.11508,0.12445333333333333,0.12445333333333333,0.12174666666666667,0.12174666666666667,0.11478666666666666,0.11434666666666667,0.12529333333333334,0.10676,0.10725333333333334,0.11277333333333334,0.11508,0.11217333333333333,0.11594666666666667,0.12249333333333333,0.11564,0.16256,0.16616,0.14656,0.09112,0.11030666666666666
Coombs,0.037791333333333336,0.03793333333333333,0.33294666666666667,0.27810666666666667,0.05824,0.1868,0.11372,0.18678666666666666,0.18678666666666666,0.18678666666666666,0.18678666666666666,0.1868,0.18678666666666666,0.1868,0.28108,0.1868,0.18678666666666666,0.24712,0.2006,0.11009333333333333,0.10333333333333333,0.11333333333333333,0.025973333333333334,0.03169333333333333,0.12641333333333332,0.0,0.021146666666666668,0.020786666666666665,0.020586666666666666,0.11898666666666667,0.02152,0.026413333333333334,0.027186666666666668,0.022426666666666668,0.039,0.020693333333333334,0.02084,0.022573333333333334,0.021,0.022426666666666668,0.023093333333333334,0.021053333333333334,0.024813333333333333,0.021053333333333334,0.030266666666666667,0.020626666666666668,0.02070666666666667,0.03672,0.03672,0.025853333333333332,0.025853333333333332,0.020906666666666667,0.03165333333333333,0.02825333333333333,0.03269333333333333,0.03172,0.026493333333333334,0.020626666666666668,0.03809333333333333,0.020453333333333334,0.02648,0.0208,0.07478666666666667,0.11677333333333334,0.0586,0.06306666666666666,0.03237333333333333
Baldwin,0.029013999999999995,0.02916,0.33324,0.27813333333333334,0.057306666666666665,0.17922666666666667,0.10529333333333334,0.17956,0.17956,0.17956,0.17956,0.17922666666666667,0.17956,0.17922666666666667,0.28241333333333335,0.17922666666666667,0.17956,0.24508,0.2002,0.10496,0.10625333333333334,0.10082666666666666,0.00796,0.01556,0.11468,0.021146666666666668,0.0,0.0011733333333333333,0.00392,0.10997333333333334,0.0010133333333333333,0.0084,0.016306666666666667,0.007146666666666667,0.026813333333333335,0.005853333333333334,0.003266666666666667,0.005493333333333334,0.0033333333333333335,0.007146666666666667,0.00748,0.0029733333333333335,0.010333333333333333,0.00344,0.01716,0.0023333333333333335,0.0023066666666666665,0.02424,0.02424,0.01464,0.01464,0.0017066666666666667,0.01484,0.019386666666666667,0.01708,0.01576,0.008653333333333334,0.0023333333333333335,0.024626666666666668,0.005546666666666667,0.01508,0.0030266666666666667,0.0742,0.11232,0.05653333333333333,0.04917333333333333,0.01832
Strict Nanson,0.028334666666666668,0.028493333333333332,0.33322666666666667,0.27812,0.05676,0.17916,0.10502666666666667,0.17956,0.17956,0.17956,0.17956,0.17916,0.17956,0.17916,0.2822266666666667,0.17916,0.17956,0.24510666666666667,0.20030666666666666,0.10485333333333334,0.10586666666666666,0.10102666666666667,0.007973333333333334,0.015693333333333333,0.11490666666666667,0.020786666666666665,0.0011733333333333333,0.0,0.0028933333333333333,0.11046666666666667,0.0020266666666666666,0.008626666666666666,0.01565333333333333,0.006933333333333333,0.02712,0.005093333333333333,0.0025466666666666667,0.006226666666666667,0.00268,0.006933333333333333,0.008,0.002213333333333333,0.010826666666666667,0.0027733333333333334,0.017053333333333334,0.00152,0.0014133333333333333,0.024613333333333334,0.024613333333333334,0.013733333333333334,0.013733333333333334,0.0012266666666666667,0.014946666666666667,0.01884,0.01728,0.015986666666666666,0.00896,0.00152,0.02456,0.004693333333333333,0.01428,0.002426666666666667,0.07378666666666667,0.11242666666666666,0.05605333333333333,0.04892,0.017893333333333334
Weak Nanson,0.026581333333333332,0.026773333333333333,0.3332133333333333,0.2779066666666667,0.05588,0.17945333333333333,0.10476,0.17972,0.17972,0.17972,0.17972,0.17945333333333333,0.17972,0.17945333333333333,0.28173333333333334,0.17945333333333333,0.17972,0.2452,0.20073333333333335,0.10488,0.10525333333333334,0.10164,0.00888,0.016186666666666665,0.11561333333333333,0.020586666666666666,0.00392,0.0028933333333333333,0.0,0.11149333333333333,0.0048,0.009386666666666666,0.014533333333333334,0.008693333333333334,0.027733333333333332,0.00356,0.00416,0.008133333333333333,0.004293333333333333,0.008693333333333334,0.009826666666666666,0.003853333333333333,0.011946666666666666,0.004373333333333333,0.01712,0.0031466666666666665,0.0030933333333333334,0.025346666666666667,0.025346666666666667,0.01184,0.01184,0.0037066666666666667,0.015546666666666667,0.01796,0.017893333333333334,0.016826666666666667,0.00972,0.0031466666666666665,0.024853333333333335,0.0023066666666666665,0.012426666666666667,0.003986666666666667,0.07305333333333333,0.11273333333333334,0.0552,0.048973333333333334,0.017066666666666667
Iterated Removal Condorcet Loser,0.13063266666666667,0.13066666666666665,0.29861333333333334,0.2772266666666667,0.14398666666666668,0.20850666666666667,0.17332,0.21392,0.21392,0.21392,0.21392,0.20850666666666667,0.21392,0.20850666666666667,0.3039866666666667,0.20850666666666667,0.21392,0.25508,0.19514666666666666,0.16769333333333333,0.17465333333333333,0.16262666666666667,0.11226666666666667,0.11613333333333334,0.16642666666666667,0.11898666666666667,0.10997333333333334,0.11046666666666667,0.11149333333333333,0.0,0.10958666666666667,0.11044,0.1194,0.10590666666666666,0.11061333333333333,0.11062666666666666,0.10912,0.10649333333333333,0.1088,0.10590666666666666,0.10372,0.10928,0.10006666666666666,0.1086,0.11746666666666666,0.11016,0.11008,0.10850666666666667,0.10850666666666667,0.11993333333333334,0.11993333333333334,0.11049333333333333,0.11326666666666667,0.11966666666666667,0.11658666666666667,0.11482666666666666,0.11041333333333334,0.11016,0.12193333333333334,0.11212,0.11954666666666666,0.10992,0.15370666666666666,0.15038666666666667,0.14421333333333333,0.13628,0.11966666666666667
Raynaud,0.02968066666666666,0.029826666666666668,0.3331866666666667,0.2781866666666667,0.05776,0.1792,0.10574666666666667,0.17958666666666667,0.17958666666666667,0.17958666666666667,0.17958666666666667,0.1792,0.17958666666666667,0.1792,0.28264,0.1792,0.17958666666666667,0.24514666666666668,0.20013333333333333,0.10510666666666667,0.10653333333333333,0.10072,0.008173333333333333,0.01556,0.11446666666666666,0.02152,0.0010133333333333333,0.0020266666666666666,0.0048,0.10958666666666667,0.0,0.00808,0.016866666666666665,0.007186666666666667,0.026573333333333334,0.00644,0.0038133333333333335,0.004746666666666666,0.00384,0.007186666666666667,0.006973333333333333,0.00356,0.00992,0.00396,0.01728,0.0032133333333333332,0.0031333333333333335,0.02388,0.02388,0.015586666666666667,0.015586666666666667,0.00208,0.014946666666666667,0.01984,0.016973333333333333,0.015533333333333333,0.008333333333333333,0.0032133333333333332,0.0246,0.006386666666666666,0.01588,0.0036266666666666665,0.07453333333333333,0.11214666666666667,0.05710666666666667,0.0494,0.01868
Tideman Alternative Top Cycle,0.031213333333333333,0.031413333333333335,0.33304,0.2779333333333333,0.05888,0.17794666666666667,0.10337333333333333,0.17853333333333332,0.17853333333333332,0.17853333333333332,0.17853333333333332,0.17794666666666667,0.17853333333333332,0.17794666666666667,0.28236,0.17794666666666667,0.17853333333333332,0.24472,0.20113333333333333,0.10552,0.1078,0.09628,0.008946666666666667,0.011333333333333334,0.11282666666666667,0.026413333333333334,0.0084,0.008626666666666666,0.009386666666666666,0.11044,0.00808,0.0,0.01944,0.010373333333333333,0.027133333333333332,0.010226666666666667,0.009066666666666667,0.0088,0.008986666666666667,0.010373333333333333,0.009933333333333334,0.008893333333333333,0.01084,0.009053333333333333,0.0202,0.009106666666666667,0.00908,0.024666666666666667,0.024666666666666667,0.019466666666666667,0.019466666666666667,0.008573333333333334,0.013466666666666667,0.02096,0.012533333333333334,0.011586666666666667,0.00072,0.009106666666666667,0.02334666666666667,0.01004,0.019013333333333333,0.008866666666666667,0.07597333333333334,0.11374666666666666,0.05825333333333333,0.048773333333333335,0.018346666666666667
Knockout Voting,0.018598666666666666,0.018853333333333333,0.3332,0.27782666666666667,0.0418,0.18536,0.10390666666666666,0.185,0.185,0.185,0.185,0.18536,0.185,0.18536,0.27838666666666667,0.18536,0.185,0.24685333333333334,0.201,0.10598666666666667,0.09762666666666667,0.10829333333333334,0.018533333333333332,0.023413333333333335,0.1238,0.027186666666666668,0.016306666666666667,0.01565333333333333,0.014533333333333334,0.1194,0.016866666666666665,0.01944,0.0,0.019346666666666668,0.031146666666666666,0.015093333333333334,0.016133333333333333,0.018906666666666665,0.016173333333333335,0.019346666666666668,0.020146666666666667,0.015933333333333334,0.02172,0.01624,0.01824,0.01564,0.01568,0.029506666666666667,0.029506666666666667,0.01032,0.01032,0.015813333333333332,0.023173333333333334,0.00388,0.024546666666666668,0.024,0.019693333333333334,0.01564,0.03076,0.014493333333333334,0.00424,0.01416,0.06950666666666666,0.11772,0.04896,0.05585333333333333,0.024533333333333334
Banks,0.033618,0.03376,0.33284,0.27804,0.05805333333333333,0.17978666666666668,0.10669333333333333,0.18073333333333333,0.18073333333333333,0.18073333333333333,0.18073333333333333,0.17978666666666668,0.18073333333333333,0.17978666666666668,0.2842,0.17978666666666668,0.18073333333333333,0.2456,0.19817333333333334,0.10474666666666667,0.10602666666666667,0.10229333333333333,0.011266666666666666,0.01752,0.11596,0.022426666666666668,0.007146666666666667,0.006933333333333333,0.008693333333333334,0.10590666666666666,0.007186666666666667,0.010373333333333333,0.019346666666666668,0.0,0.02428,0.0077866666666666666,0.00532,0.0058,0.005013333333333333,0.0,0.0025466666666666667,0.005346666666666666,0.0061066666666666665,0.005173333333333334,0.01816,0.00652,0.0064,0.021186666666666666,0.021186666666666666,0.0192,0.0192,0.006826666666666667,0.016293333333333333,0.020133333333333333,0.018546666666666666,0.016826666666666667,0.010373333333333333,0.00652,0.025186666666666666,0.009586666666666667,0.018986666666666666,0.007,0.07394666666666666,0.10946666666666667,0.05733333333333333,0.05144,0.01924
Condorcet,0.036542000000000005,0.036706666666666665,0.3237466666666667,0.27804,0.06902666666666667,0.18590666666666666,0.11333333333333333,0.18672,0.18672,0.18672,0.18672,0.18590666666666666,0.18672,0.18590666666666666,0.2842,0.18590666666666666,0.18672,0.24761333333333332,0.20336,0.11450666666666667,0.11602666666666667,0.11336,0.02796,0.029626666666666666,0.12656,0.039,0.026813333333333335,0.02712,0.027733333333333332,0.11061333333333333,0.026573333333333334,0.027133333333333332,0.031146666666666666,0.02428,0.0,0.027306666666666667,0.026346666666666668,0.024546666666666668,0.026106666666666667,0.02428,0.022786666666666667,0.026506666666666668,0.02004,0.025933333333333333,0.029906666666666668,0.026933333333333333,0.02688,0.007013333333333333,0.007013333333333333,0.03166666666666667,0.03166666666666667,0.02716,0.028986666666666668,0.031106666666666668,0.029613333333333332,0.02868,0.02712,0.026933333333333333,0.03130666666666666,0.0282,0.031253333333333334,0.02676,0.08489333333333333,0.12070666666666667,0.06828,0.061746666666666665,0.03144
Copeland,0.026496,0.02668,0.33316,0.2779333333333333,0.05590666666666667,0.17961333333333335,0.10442666666666667,0.18,0.18,0.18,0.18,0.17961333333333335,0.18,0.17961333333333335,0.2822,0.17961333333333335,0.18,0.24514666666666668,0.20024,0.10501333333333333,0.10501333333333333,0.10185333333333334,0.00984,0.016466666666666668,0.11592,0.020693333333333334,0.005853333333333334,0.005093333333333333,0.00356,0.11062666666666666,0.00644,0.010226666666666667,0.015093333333333334,0.0077866666666666666,0.027306666666666667,0.0,0.003,0.007626666666666667,0.0033333333333333335,0.0077866666666666666,0.009106666666666667,0.0035466666666666667,0.011,0.00352,0.0158,0.00424,0.004426666666666666,0.024706666666666665,0.024706666666666665,0.011933333333333334,0.011933333333333334,0.004666666666666667,0.016373333333333333,0.017986666666666668,0.018106666666666667,0.01688,0.010413333333333333,0.00424,0.025013333333333332,0.002,0.011426666666666667,0.005173333333333334,0.07284,0.11224,0.05524,0.04938666666666667,0.016426666666666666
Llull,0.028805333333333332,0.028973333333333334,0.33314666666666665,0.27812,0.05690666666666667,0.17924,0.10506666666666667,0.17977333333333334,0.17977333333333334,0.17977333333333334,0.17977333333333334,0.17924,0.17977333333333334,0.17924,0.28288,0.17924,0.17977333333333334,0.24525333333333332,0.19970666666666667,0.10474666666666667,0.10552,0.10110666666666666,0.008626666666666666,0.015906666666666666,0.11501333333333333,0.02084,0.003266666666666667,0.0025466666666666667,0.00416,0.10912,0.0038133333333333335,0.009066666666666667,0.016133333333333333,0.00532,0.026346666666666668,0.003,0.0,0.0048,0.00036,0.00532,0.00648,0.00088,0.0094,0.0005866666666666667,0.015146666666666666,0.00152,0.0016933333333333334,0.023613333333333333,0.023613333333333333,0.014346666666666667,0.014346666666666667,0.0019733333333333334,0.015626666666666667,0.018986666666666666,0.01736,0.016,0.009226666666666666,0.00152,0.02464,0.0046,0.014213333333333333,0.0028133333333333335,0.07342666666666667,0.11150666666666667,0.056093333333333335,0.04917333333333333,0.017893333333333334
Uncovered Set,0.033218666666666674,0.03337333333333333,0.33286666666666664,0.27812,0.05861333333333334,0.1798,0.10761333333333334,0.1806,0.1806,0.1806,0.1806,0.1798,0.1806,0.1798,0.2842,0.1798,0.1806,0.24546666666666667,0.19882666666666668,0.10541333333333333,0.10646666666666667,0.10109333333333333,0.009826666666666666,0.01633333333333333,0.1148,0.022573333333333334,0.005493333333333334,0.006226666666666667,0.008133333333333333,0.10649333333333333,0.004746666666666666,0.0088,0.018906666666666665,0.0058,0.024546666666666668,0.007626666666666667,0.0048,0.0,0.00444,0.0058,0.003266666666666667,0.004893333333333334,0.00664,0.004706666666666666,0.015466666666666667,0.006093333333333333,0.005893333333333334,0.021386666666666665,0.021386666666666665,0.018813333333333335,0.018813333333333335,0.0064533333333333335,0.016026666666666668,0.020693333333333334,0.017346666666666666,0.01564,0.008866666666666667,0.006093333333333333,0.0252,0.0092,0.01864,0.00596,0.07470666666666667,0.11070666666666666,0.05794666666666667,0.05110666666666667,0.020546666666666668
