,NN,Random Choice,Borda ranking,Plurality ranking,STV,Approval Voting (AV),Proportional Approval Voting (PAV),Approval Chamberlin-Courant (CC),Lexicographic Chamberlin-Courant (lex-CC),Sequential Approval Chamberlin-Courant (seq-CC),Monroe's Approval Rule (Monroe),Greedy Monroe,Minimax Approval Voting (MAV),Method of Equal Shares (aka Rule X) with Phragmén phase,E Pluribus Hugo (EPH),Random Serial Dictator,Anti-Plurality,Two-Approval,Three-Approval,Instant Runoff,Bottom-Two-Runoff Instant Runoff,Benham,PluralityWRunoff PUT,Coombs,Baldwin,Strict Nanson,Weak Nanson,Iterated Removal Condorcet Loser,Raynaud,Tideman Alternative Top Cycle,Knockout Voting,Banks,Condorcet,Copeland,Llull,Uncovered Set,Uncovered Set - Fishburn,Uncovered Set - Bordes,Uncovered Set - McKelvey,Slater,Top Cycle,GOCHA,Bipartisan Set,Minimax,Split Cycle,Ranked Pairs ZT,Ranked Pairs TB,Simple Stable Voting,Stable Voting,Loss-Trimmer Voting,Daunou,Blacks,Condorcet IRV,Condorcet IRV PUT,Smith IRV,Smith-Minimax,Condorcet Plurality,Copeland-Local-Borda,Copeland-Global-Borda,Borda-Minimax Faceoff,Bucklin,Simplified Bucklin,Weighted Bucklin,Bracket Voting,Superior Voting
Random Choice,0.27842333333333336,0.0,0.27856,0.2792,0.27802666666666664,0.2789333333333333,0.2789333333333333,0.2789333333333333,0.2789333333333333,0.2792,0.2789333333333333,0.2792,0.2792133333333333,0.2792,0.2789333333333333,0.2778933333333333,0.27588,0.2785066666666667,0.27826666666666666,0.27769333333333335,0.27874666666666664,0.2786666666666667,0.2781866666666667,0.27885333333333334,0.27829333333333334,0.27864,0.2786266666666667,0.27681333333333336,0.27845333333333333,0.2783466666666667,0.27841333333333335,0.27809333333333336,0.27737333333333336,0.27858666666666665,0.2786266666666667,0.278,0.2785066666666667,0.27809333333333336,0.2780666666666667,0.27873333333333333,0.27797333333333335,0.27846666666666664,0.27868,0.2787733333333333,0.2787733333333333,0.27732,0.27732,0.27892,0.27892,0.2783333333333333,0.2783333333333333,0.27813333333333334,0.27856,0.27838666666666667,0.2781866666666667,0.2787733333333333,0.27898666666666666,0.27856,0.2786266666666667,0.2785066666666667,0.27882666666666667,0.27825333333333335,0.2794,0.27909333333333336,0.2786666666666667
Borda ranking,0.056963333333333324,0.27856,0.0,0.15745333333333333,0.10670666666666667,0.15804,0.15804,0.15804,0.15804,0.15745333333333333,0.15804,0.15745333333333333,0.26264,0.15745333333333333,0.15804,0.22190666666666667,0.202,0.12125333333333334,0.10188,0.10754666666666667,0.05450666666666667,0.05784,0.11617333333333334,0.05725333333333334,0.05397333333333333,0.05262666666666667,0.05092,0.13581333333333334,0.05536,0.05648,0.034453333333333336,0.057133333333333335,0.07093333333333333,0.0492,0.0518,0.057773333333333336,0.053026666666666666,0.057146666666666665,0.05869333333333333,0.05332,0.06172,0.05368,0.05690666666666667,0.05088,0.0516,0.06765333333333333,0.06765333333333333,0.044213333333333334,0.044213333333333334,0.05344,0.05809333333333333,0.027133333333333332,0.0588,0.05873333333333333,0.05653333333333333,0.05088,0.06268,0.0486,0.03646666666666667,0.04781333333333333,0.0744,0.13361333333333333,0.042653333333333335,0.07474666666666667,0.05361333333333333
Plurality ranking,0.14606866666666668,0.2792,0.15745333333333333,0.0,0.11664,0.030426666666666668,0.030426666666666668,0.030426666666666668,0.030426666666666668,0.0,0.030426666666666668,0.0,0.26497333333333334,0.0,0.030426666666666668,0.20433333333333334,0.25577333333333335,0.17568,0.22009333333333334,0.10966666666666666,0.13753333333333334,0.1356,0.09225333333333334,0.15210666666666667,0.14258666666666667,0.14245333333333332,0.14228,0.17842666666666668,0.14298666666666668,0.13885333333333333,0.14486666666666667,0.14444,0.1528,0.14196,0.14245333333333332,0.14446666666666666,0.14296,0.14445333333333332,0.14496,0.14296,0.14656,0.14336,0.14373333333333332,0.14233333333333334,0.14252,0.15006666666666665,0.15006666666666665,0.14429333333333333,0.14429333333333333,0.14265333333333333,0.12441333333333333,0.14556,0.13446666666666668,0.13634666666666667,0.1384,0.14230666666666666,0.11001333333333334,0.14196,0.14413333333333334,0.14269333333333334,0.17372,0.17796,0.15606666666666666,0.12110666666666667,0.1328
STV,0.08026866666666668,0.27802666666666664,0.10670666666666667,0.11664,0.0,0.11354666666666667,0.11354666666666667,0.11354666666666667,0.11354666666666667,0.11664,0.11354666666666667,0.11664,0.25418666666666667,0.11664,0.11354666666666667,0.21076,0.23644,0.13844,0.17658666666666667,0.0364,0.08690666666666666,0.07953333333333333,0.07542666666666667,0.10278666666666667,0.09152,0.0912,0.08974666666666667,0.15976,0.09254666666666667,0.08485333333333334,0.08730666666666667,0.09746666666666666,0.10452,0.08986666666666666,0.09192,0.09812,0.09225333333333334,0.09752,0.09917333333333334,0.0922,0.10070666666666667,0.09264,0.08893333333333334,0.09141333333333333,0.09205333333333333,0.10313333333333333,0.10313333333333333,0.08616,0.08616,0.09012,0.08841333333333333,0.08952,0.07737333333333334,0.08013333333333333,0.08414666666666666,0.09138666666666667,0.08470666666666667,0.08934666666666667,0.0864,0.09162666666666666,0.12637333333333334,0.15662666666666666,0.10756,0.06597333333333333,0.07945333333333333
Approval Voting (AV),0.14335266666666666,0.2789333333333333,0.15804,0.030426666666666668,0.11354666666666667,0.0,0.0,0.0,0.0,0.030426666666666668,0.0,0.030426666666666668,0.2547466666666667,0.030426666666666668,0.0,0.20468,0.26198666666666665,0.17761333333333335,0.22170666666666666,0.11118666666666667,0.13853333333333334,0.13685333333333333,0.09690666666666667,0.15288,0.14381333333333332,0.14350666666666667,0.14289333333333334,0.18602666666666667,0.14452,0.14042666666666667,0.14482666666666666,0.14757333333333333,0.15549333333333334,0.14326666666666665,0.14422666666666667,0.14733333333333334,0.14492,0.14761333333333335,0.14845333333333333,0.14434666666666668,0.15001333333333333,0.14530666666666667,0.14474666666666666,0.14374666666666666,0.14409333333333332,0.15330666666666667,0.15330666666666667,0.14412,0.14412,0.14384,0.1288,0.14562666666666665,0.13590666666666668,0.13825333333333334,0.14,0.14373333333333332,0.11784,0.14270666666666668,0.14398666666666668,0.14412,0.17433333333333334,0.18712,0.15604,0.12092,0.13354666666666667
Proportional Approval Voting (PAV),0.14335266666666666,0.2789333333333333,0.15804,0.030426666666666668,0.11354666666666667,0.0,0.0,0.0,0.0,0.030426666666666668,0.0,0.030426666666666668,0.2547466666666667,0.030426666666666668,0.0,0.20468,0.26198666666666665,0.17761333333333335,0.22170666666666666,0.11118666666666667,0.13853333333333334,0.13685333333333333,0.09690666666666667,0.15288,0.14381333333333332,0.14350666666666667,0.14289333333333334,0.18602666666666667,0.14452,0.14042666666666667,0.14482666666666666,0.14757333333333333,0.15549333333333334,0.14326666666666665,0.14422666666666667,0.14733333333333334,0.14492,0.14761333333333335,0.14845333333333333,0.14434666666666668,0.15001333333333333,0.14530666666666667,0.14474666666666666,0.14374666666666666,0.14409333333333332,0.15330666666666667,0.15330666666666667,0.14412,0.14412,0.14384,0.1288,0.14562666666666665,0.13590666666666668,0.13825333333333334,0.14,0.14373333333333332,0.11784,0.14270666666666668,0.14398666666666668,0.14412,0.17433333333333334,0.18712,0.15604,0.12092,0.13354666666666667
Approval Chamberlin-Courant (CC),0.14335266666666666,0.2789333333333333,0.15804,0.030426666666666668,0.11354666666666667,0.0,0.0,0.0,0.0,0.030426666666666668,0.0,0.030426666666666668,0.2547466666666667,0.030426666666666668,0.0,0.20468,0.26198666666666665,0.17761333333333335,0.22170666666666666,0.11118666666666667,0.13853333333333334,0.13685333333333333,0.09690666666666667,0.15288,0.14381333333333332,0.14350666666666667,0.14289333333333334,0.18602666666666667,0.14452,0.14042666666666667,0.14482666666666666,0.14757333333333333,0.15549333333333334,0.14326666666666665,0.14422666666666667,0.14733333333333334,0.14492,0.14761333333333335,0.14845333333333333,0.14434666666666668,0.15001333333333333,0.14530666666666667,0.14474666666666666,0.14374666666666666,0.14409333333333332,0.15330666666666667,0.15330666666666667,0.14412,0.14412,0.14384,0.1288,0.14562666666666665,0.13590666666666668,0.13825333333333334,0.14,0.14373333333333332,0.11784,0.14270666666666668,0.14398666666666668,0.14412,0.17433333333333334,0.18712,0.15604,0.12092,0.13354666666666667
Lexicographic Chamberlin-Courant (lex-CC),0.14335266666666666,0.2789333333333333,0.15804,0.030426666666666668,0.11354666666666667,0.0,0.0,0.0,0.0,0.030426666666666668,0.0,0.030426666666666668,0.2547466666666667,0.030426666666666668,0.0,0.20468,0.26198666666666665,0.17761333333333335,0.22170666666666666,0.11118666666666667,0.13853333333333334,0.13685333333333333,0.09690666666666667,0.15288,0.14381333333333332,0.14350666666666667,0.14289333333333334,0.18602666666666667,0.14452,0.14042666666666667,0.14482666666666666,0.14757333333333333,0.15549333333333334,0.14326666666666665,0.14422666666666667,0.14733333333333334,0.14492,0.14761333333333335,0.14845333333333333,0.14434666666666668,0.15001333333333333,0.14530666666666667,0.14474666666666666,0.14374666666666666,0.14409333333333332,0.15330666666666667,0.15330666666666667,0.14412,0.14412,0.14384,0.1288,0.14562666666666665,0.13590666666666668,0.13825333333333334,0.14,0.14373333333333332,0.11784,0.14270666666666668,0.14398666666666668,0.14412,0.17433333333333334,0.18712,0.15604,0.12092,0.13354666666666667
Sequential Approval Chamberlin-Courant (seq-CC),0.14606866666666668,0.2792,0.15745333333333333,0.0,0.11664,0.030426666666666668,0.030426666666666668,0.030426666666666668,0.030426666666666668,0.0,0.030426666666666668,0.0,0.26497333333333334,0.0,0.030426666666666668,0.20433333333333334,0.25577333333333335,0.17568,0.22009333333333334,0.10966666666666666,0.13753333333333334,0.1356,0.09225333333333334,0.15210666666666667,0.14258666666666667,0.14245333333333332,0.14228,0.17842666666666668,0.14298666666666668,0.13885333333333333,0.14486666666666667,0.14444,0.1528,0.14196,0.14245333333333332,0.14446666666666666,0.14296,0.14445333333333332,0.14496,0.14296,0.14656,0.14336,0.14373333333333332,0.14233333333333334,0.14252,0.15006666666666665,0.15006666666666665,0.14429333333333333,0.14429333333333333,0.14265333333333333,0.12441333333333333,0.14556,0.13446666666666668,0.13634666666666667,0.1384,0.14230666666666666,0.11001333333333334,0.14196,0.14413333333333334,0.14269333333333334,0.17372,0.17796,0.15606666666666666,0.12110666666666667,0.1328
Monroe's Approval Rule (Monroe),0.14335266666666666,0.2789333333333333,0.15804,0.030426666666666668,0.11354666666666667,0.0,0.0,0.0,0.0,0.030426666666666668,0.0,0.030426666666666668,0.2547466666666667,0.030426666666666668,0.0,0.20468,0.26198666666666665,0.17761333333333335,0.22170666666666666,0.11118666666666667,0.13853333333333334,0.13685333333333333,0.09690666666666667,0.15288,0.14381333333333332,0.14350666666666667,0.14289333333333334,0.18602666666666667,0.14452,0.14042666666666667,0.14482666666666666,0.14757333333333333,0.15549333333333334,0.14326666666666665,0.14422666666666667,0.14733333333333334,0.14492,0.14761333333333335,0.14845333333333333,0.14434666666666668,0.15001333333333333,0.14530666666666667,0.14474666666666666,0.14374666666666666,0.14409333333333332,0.15330666666666667,0.15330666666666667,0.14412,0.14412,0.14384,0.1288,0.14562666666666665,0.13590666666666668,0.13825333333333334,0.14,0.14373333333333332,0.11784,0.14270666666666668,0.14398666666666668,0.14412,0.17433333333333334,0.18712,0.15604,0.12092,0.13354666666666667
Greedy Monroe,0.14606866666666668,0.2792,0.15745333333333333,0.0,0.11664,0.030426666666666668,0.030426666666666668,0.030426666666666668,0.030426666666666668,0.0,0.030426666666666668,0.0,0.26497333333333334,0.0,0.030426666666666668,0.20433333333333334,0.25577333333333335,0.17568,0.22009333333333334,0.10966666666666666,0.13753333333333334,0.1356,0.09225333333333334,0.15210666666666667,0.14258666666666667,0.14245333333333332,0.14228,0.17842666666666668,0.14298666666666668,0.13885333333333333,0.14486666666666667,0.14444,0.1528,0.14196,0.14245333333333332,0.14446666666666666,0.14296,0.14445333333333332,0.14496,0.14296,0.14656,0.14336,0.14373333333333332,0.14233333333333334,0.14252,0.15006666666666665,0.15006666666666665,0.14429333333333333,0.14429333333333333,0.14265333333333333,0.12441333333333333,0.14556,0.13446666666666668,0.13634666666666667,0.1384,0.14230666666666666,0.11001333333333334,0.14196,0.14413333333333334,0.14269333333333334,0.17372,0.17796,0.15606666666666666,0.12110666666666667,0.1328
Minimax Approval Voting (MAV),0.24850799999999995,0.2792133333333333,0.26264,0.26497333333333334,0.25418666666666667,0.2547466666666667,0.2547466666666667,0.2547466666666667,0.2547466666666667,0.26497333333333334,0.2547466666666667,0.26497333333333334,0.0,0.26497333333333334,0.2547466666666667,0.2612,0.3168533333333333,0.27686666666666665,0.28352,0.2639066666666667,0.26516,0.26426666666666665,0.26796,0.26486666666666664,0.26628,0.266,0.2650133333333333,0.28604,0.26694666666666667,0.2660133333333333,0.2618533333333333,0.2701866666666667,0.2701866666666667,0.26570666666666665,0.26714666666666664,0.2701866666666667,0.26736,0.2701866666666667,0.2701866666666667,0.26694666666666667,0.2701866666666667,0.26736,0.2649066666666667,0.26622666666666667,0.26684,0.2701866666666667,0.2701866666666667,0.26134666666666667,0.26134666666666667,0.26584,0.2643066666666667,0.26209333333333334,0.26422666666666667,0.26568,0.26592,0.26622666666666667,0.26237333333333335,0.26442666666666664,0.2615733333333333,0.2663333333333333,0.2644,0.29048,0.2621733333333333,0.26104,0.2618933333333333
Method of Equal Shares (aka Rule X) with Phragmén phase,0.14606866666666668,0.2792,0.15745333333333333,0.0,0.11664,0.030426666666666668,0.030426666666666668,0.030426666666666668,0.030426666666666668,0.0,0.030426666666666668,0.0,0.26497333333333334,0.0,0.030426666666666668,0.20433333333333334,0.25577333333333335,0.17568,0.22009333333333334,0.10966666666666666,0.13753333333333334,0.1356,0.09225333333333334,0.15210666666666667,0.14258666666666667,0.14245333333333332,0.14228,0.17842666666666668,0.14298666666666668,0.13885333333333333,0.14486666666666667,0.14444,0.1528,0.14196,0.14245333333333332,0.14446666666666666,0.14296,0.14445333333333332,0.14496,0.14296,0.14656,0.14336,0.14373333333333332,0.14233333333333334,0.14252,0.15006666666666665,0.15006666666666665,0.14429333333333333,0.14429333333333333,0.14265333333333333,0.12441333333333333,0.14556,0.13446666666666668,0.13634666666666667,0.1384,0.14230666666666666,0.11001333333333334,0.14196,0.14413333333333334,0.14269333333333334,0.17372,0.17796,0.15606666666666666,0.12110666666666667,0.1328
E Pluribus Hugo (EPH),0.14335266666666666,0.2789333333333333,0.15804,0.030426666666666668,0.11354666666666667,0.0,0.0,0.0,0.0,0.030426666666666668,0.0,0.030426666666666668,0.2547466666666667,0.030426666666666668,0.0,0.20468,0.26198666666666665,0.17761333333333335,0.22170666666666666,0.11118666666666667,0.13853333333333334,0.13685333333333333,0.09690666666666667,0.15288,0.14381333333333332,0.14350666666666667,0.14289333333333334,0.18602666666666667,0.14452,0.14042666666666667,0.14482666666666666,0.14757333333333333,0.15549333333333334,0.14326666666666665,0.14422666666666667,0.14733333333333334,0.14492,0.14761333333333335,0.14845333333333333,0.14434666666666668,0.15001333333333333,0.14530666666666667,0.14474666666666666,0.14374666666666666,0.14409333333333332,0.15330666666666667,0.15330666666666667,0.14412,0.14412,0.14384,0.1288,0.14562666666666665,0.13590666666666668,0.13825333333333334,0.14,0.14373333333333332,0.11784,0.14270666666666668,0.14398666666666668,0.14412,0.17433333333333334,0.18712,0.15604,0.12092,0.13354666666666667
Random Serial Dictator,0.218232,0.2778933333333333,0.22190666666666667,0.20433333333333334,0.21076,0.20468,0.20468,0.20468,0.20468,0.20433333333333334,0.20468,0.20433333333333334,0.2612,0.20433333333333334,0.20468,0.0,0.26416,0.23550666666666667,0.25054666666666664,0.20988,0.21641333333333335,0.21561333333333332,0.20762666666666665,0.21872,0.21718666666666667,0.21696,0.21697333333333332,0.22682666666666668,0.21717333333333333,0.21626666666666666,0.21814666666666666,0.21738666666666667,0.22068,0.21708,0.21682666666666667,0.21717333333333333,0.21685333333333334,0.2174,0.21744,0.21698666666666666,0.21772,0.21682666666666667,0.217,0.21694666666666668,0.217,0.21913333333333335,0.21913333333333335,0.21724,0.21724,0.21698666666666666,0.2156,0.21856,0.21549333333333334,0.21565333333333334,0.21630666666666667,0.21693333333333334,0.21493333333333334,0.21713333333333334,0.21798666666666666,0.21706666666666666,0.2236,0.22486666666666666,0.22036,0.21250666666666668,0.2156
Anti-Plurality,0.22166933333333336,0.27588,0.202,0.25577333333333335,0.23644,0.26198666666666665,0.26198666666666665,0.26198666666666665,0.26198666666666665,0.25577333333333335,0.26198666666666665,0.25577333333333335,0.3168533333333333,0.25577333333333335,0.26198666666666665,0.26416,0.0,0.21629333333333334,0.18056,0.2286,0.21290666666666666,0.21556,0.234,0.20696,0.20985333333333334,0.20984,0.21012,0.20413333333333333,0.20964,0.21170666666666665,0.2104,0.20766666666666667,0.21330666666666667,0.20889333333333332,0.20856,0.20790666666666666,0.20861333333333335,0.20762666666666665,0.20693333333333333,0.20892,0.20752,0.20870666666666668,0.21358666666666667,0.20910666666666666,0.20912,0.20757333333333333,0.20757333333333333,0.21273333333333333,0.21273333333333333,0.20998666666666665,0.21592,0.2086,0.21592,0.21442666666666665,0.21210666666666667,0.20912,0.22124,0.20981333333333332,0.21129333333333333,0.20845333333333332,0.21172,0.17673333333333333,0.21074666666666667,0.22394666666666665,0.21596
Two-Approval,0.12518533333333332,0.2785066666666667,0.12125333333333334,0.17568,0.13844,0.17761333333333335,0.17761333333333335,0.17761333333333335,0.17761333333333335,0.17568,0.17761333333333335,0.17568,0.27686666666666665,0.17568,0.17761333333333335,0.23550666666666667,0.21629333333333334,0.0,0.16058666666666666,0.13866666666666666,0.12164,0.12312,0.14636,0.12602666666666668,0.12118666666666666,0.12074666666666667,0.12030666666666667,0.17494666666666667,0.12177333333333333,0.12261333333333334,0.11957333333333334,0.122,0.13345333333333334,0.11910666666666667,0.12,0.12258666666666666,0.1208,0.12202666666666667,0.12306666666666667,0.12073333333333333,0.1252,0.12116,0.12317333333333333,0.12006666666666667,0.12028,0.13032,0.13032,0.11897333333333333,0.11897333333333333,0.12116,0.12292,0.11865333333333333,0.12266666666666666,0.12249333333333333,0.12232,0.12005333333333333,0.12598666666666666,0.11933333333333333,0.11861333333333333,0.11969333333333333,0.09285333333333333,0.12638666666666667,0.1076,0.12773333333333334,0.12226666666666666
Three-Approval,0.13047933333333334,0.27826666666666666,0.10188,0.22009333333333334,0.17658666666666667,0.22170666666666666,0.22170666666666666,0.22170666666666666,0.22170666666666666,0.22009333333333334,0.22170666666666666,0.22009333333333334,0.28352,0.22009333333333334,0.22170666666666666,0.25054666666666664,0.18056,0.16058666666666666,0.0,0.17558666666666667,0.12769333333333333,0.13052,0.18442666666666666,0.12517333333333333,0.12472,0.12410666666666667,0.12417333333333333,0.1782,0.12509333333333333,0.12762666666666667,0.11829333333333333,0.12414666666666667,0.13616,0.12246666666666667,0.12296,0.12504,0.12365333333333334,0.12413333333333333,0.12470666666666666,0.12372,0.12721333333333334,0.12416,0.12662666666666667,0.12302666666666667,0.12318666666666667,0.13136,0.13136,0.12017333333333333,0.12017333333333333,0.12448,0.13208,0.11556,0.1312,0.13014666666666666,0.12782666666666667,0.12302666666666667,0.13696,0.12329333333333334,0.119,0.1218,0.09454666666666667,0.15432,0.10814666666666667,0.14958666666666667,0.12962666666666667
Instant Runoff,0.09614066666666667,0.27769333333333335,0.10754666666666667,0.10966666666666666,0.0364,0.11118666666666667,0.11118666666666667,0.11118666666666667,0.11118666666666667,0.10966666666666666,0.11118666666666667,0.10966666666666666,0.2639066666666667,0.10966666666666666,0.11118666666666667,0.20988,0.2286,0.13866666666666666,0.17558666666666667,0.0,0.07482666666666667,0.06288,0.055933333333333335,0.09736,0.08101333333333334,0.08150666666666667,0.08238666666666666,0.14582666666666666,0.0812,0.06981333333333334,0.08893333333333334,0.08690666666666666,0.10058666666666667,0.08348,0.08290666666666667,0.08476,0.08322666666666667,0.08696,0.08693333333333333,0.08241333333333334,0.08946666666666667,0.08368,0.08950666666666666,0.08258666666666667,0.08249333333333334,0.09705333333333334,0.09705333333333334,0.08881333333333333,0.08881333333333333,0.08148,0.08277333333333334,0.09118666666666667,0.05952,0.06462666666666667,0.06846666666666666,0.08256,0.08397333333333333,0.08314666666666666,0.08833333333333333,0.08248,0.12773333333333334,0.14646666666666666,0.10985333333333333,0.06726666666666667,0.08104
Bottom-Two-Runoff Instant Runoff,0.03619666666666666,0.27874666666666664,0.05450666666666667,0.13753333333333334,0.08690666666666666,0.13853333333333334,0.13853333333333334,0.13853333333333334,0.13853333333333334,0.13753333333333334,0.13853333333333334,0.13753333333333334,0.26516,0.13753333333333334,0.13853333333333334,0.21641333333333335,0.21290666666666666,0.12164,0.12769333333333333,0.07482666666666667,0.0,0.013613333333333333,0.08293333333333333,0.032946666666666666,0.014386666666666667,0.013893333333333334,0.0144,0.11142666666666666,0.015333333333333332,0.012213333333333333,0.0234,0.022173333333333333,0.04053333333333333,0.016866666666666665,0.015906666666666666,0.019906666666666666,0.01636,0.022253333333333333,0.02297333333333333,0.014866666666666667,0.026413333333333334,0.017066666666666667,0.027106666666666668,0.01524,0.014986666666666667,0.03648,0.03648,0.022853333333333333,0.022853333333333333,0.014653333333333334,0.02028,0.027373333333333333,0.015306666666666666,0.016306666666666667,0.012653333333333334,0.015226666666666666,0.02752,0.015346666666666666,0.02297333333333333,0.0152,0.08130666666666667,0.12512,0.05957333333333333,0.041506666666666664,0.022733333333333335
Benham,0.03510533333333333,0.2786666666666667,0.05784,0.1356,0.07953333333333333,0.13685333333333333,0.13685333333333333,0.13685333333333333,0.13685333333333333,0.1356,0.13685333333333333,0.1356,0.26426666666666665,0.1356,0.13685333333333333,0.21561333333333332,0.21556,0.12312,0.13052,0.06288,0.013613333333333333,0.0,0.07932,0.03845333333333333,0.01996,0.02048,0.02124,0.11373333333333334,0.02016,0.008866666666666667,0.027986666666666667,0.026506666666666668,0.04138666666666667,0.02244,0.021973333333333334,0.02425333333333333,0.02228,0.026573333333333334,0.026573333333333334,0.021346666666666667,0.029346666666666667,0.022773333333333333,0.02856,0.021666666666666667,0.021626666666666666,0.03782666666666667,0.03782666666666667,0.027746666666666666,0.027746666666666666,0.020293333333333333,0.023426666666666665,0.030706666666666667,0.00336,0.007733333333333333,0.009,0.02164,0.025586666666666667,0.021946666666666666,0.02732,0.021653333333333333,0.08421333333333333,0.12762666666666667,0.06230666666666667,0.03844,0.01876
PluralityWRunoff PUT,0.10336133333333335,0.2781866666666667,0.11617333333333334,0.09225333333333334,0.07542666666666667,0.09690666666666667,0.09690666666666667,0.09690666666666667,0.09690666666666667,0.09225333333333334,0.09690666666666667,0.09225333333333334,0.26796,0.09225333333333334,0.09690666666666667,0.20762666666666665,0.234,0.14636,0.18442666666666666,0.055933333333333335,0.08293333333333333,0.07932,0.0,0.10213333333333334,0.08717333333333334,0.08762666666666667,0.08829333333333333,0.1438,0.08726666666666667,0.08233333333333333,0.09568,0.0912,0.10469333333333333,0.08906666666666667,0.08810666666666667,0.08914666666666667,0.08852,0.09128,0.09109333333333333,0.08789333333333334,0.09345333333333333,0.08918666666666666,0.09446666666666667,0.08852,0.08814666666666666,0.10092,0.10092,0.09512,0.09512,0.08764,0.08658666666666667,0.0978,0.07845333333333333,0.07838666666666666,0.08205333333333334,0.08849333333333333,0.08644,0.08918666666666666,0.0948,0.08850666666666666,0.13572,0.14998666666666666,0.11758666666666667,0.07374666666666667,0.08532
Coombs,0.04645,0.27885333333333334,0.05725333333333334,0.15210666666666667,0.10278666666666667,0.15288,0.15288,0.15288,0.15288,0.15210666666666667,0.15288,0.15210666666666667,0.26486666666666664,0.15210666666666667,0.15288,0.21872,0.20696,0.12602666666666668,0.12517333333333333,0.09736,0.032946666666666666,0.03845333333333333,0.10213333333333334,0.0,0.026226666666666665,0.02576,0.02636,0.1156,0.02664,0.0344,0.03286666666666667,0.03133333333333333,0.049253333333333336,0.027693333333333334,0.027146666666666666,0.030493333333333334,0.02804,0.03136,0.032106666666666665,0.02676,0.035146666666666666,0.028466666666666668,0.03781333333333333,0.026293333333333332,0.025973333333333334,0.045026666666666666,0.045026666666666666,0.03276,0.03276,0.026546666666666666,0.04018666666666667,0.03457333333333333,0.03952,0.038253333333333334,0.03478666666666667,0.026266666666666667,0.04616,0.026613333333333333,0.03322666666666667,0.025946666666666666,0.07926666666666667,0.12554666666666667,0.06078666666666667,0.060226666666666664,0.03836
Baldwin,0.037242,0.27829333333333334,0.05397333333333333,0.14258666666666667,0.09152,0.14381333333333332,0.14381333333333332,0.14381333333333332,0.14381333333333332,0.14258666666666667,0.14381333333333332,0.14258666666666667,0.26628,0.14258666666666667,0.14381333333333332,0.21718666666666667,0.20985333333333334,0.12118666666666666,0.12472,0.08101333333333334,0.014386666666666667,0.01996,0.08717333333333334,0.026226666666666665,0.0,0.0027866666666666665,0.00792,0.10909333333333333,0.0032533333333333333,0.014493333333333334,0.020866666666666665,0.017986666666666668,0.03936,0.013,0.009866666666666666,0.014746666666666667,0.01048,0.018013333333333333,0.018813333333333335,0.008013333333333334,0.02364,0.0112,0.024106666666666665,0.007226666666666667,0.006226666666666667,0.03473333333333333,0.03473333333333333,0.019093333333333334,0.019093333333333334,0.00456,0.024626666666666668,0.02684,0.021493333333333333,0.019813333333333332,0.015306666666666666,0.0072,0.032573333333333336,0.011746666666666667,0.02161333333333333,0.00744,0.07825333333333333,0.12152,0.05796,0.045533333333333335,0.02424
Strict Nanson,0.03644733333333333,0.27864,0.05262666666666667,0.14245333333333332,0.0912,0.14350666666666667,0.14350666666666667,0.14350666666666667,0.14350666666666667,0.14245333333333332,0.14350666666666667,0.14245333333333332,0.266,0.14245333333333332,0.14350666666666667,0.21696,0.20984,0.12074666666666667,0.12410666666666667,0.08150666666666667,0.013893333333333334,0.02048,0.08762666666666667,0.02576,0.0027866666666666665,0.0,0.00568,0.10957333333333333,0.00528,0.015053333333333333,0.019186666666666668,0.017893333333333334,0.039733333333333336,0.01188,0.008853333333333333,0.015626666666666667,0.009893333333333334,0.017933333333333332,0.019466666666666667,0.00668,0.02416,0.01052,0.024146666666666667,0.005866666666666667,0.004733333333333333,0.03526666666666667,0.03526666666666667,0.017333333333333333,0.017333333333333333,0.004906666666666667,0.024306666666666667,0.025493333333333333,0.021986666666666668,0.0204,0.0158,0.00584,0.03244,0.01032,0.020186666666666665,0.00604,0.07737333333333334,0.12168,0.05665333333333333,0.04496,0.023746666666666666
Weak Nanson,0.034187999999999996,0.2786266666666667,0.05092,0.14228,0.08974666666666667,0.14289333333333334,0.14289333333333334,0.14289333333333334,0.14289333333333334,0.14228,0.14289333333333334,0.14228,0.2650133333333333,0.14228,0.14289333333333334,0.21697333333333332,0.21012,0.12030666666666667,0.12417333333333333,0.08238666666666666,0.0144,0.02124,0.08829333333333333,0.02636,0.00792,0.00568,0.0,0.11092,0.010026666666666666,0.016,0.017466666666666665,0.02016,0.04068,0.010173333333333333,0.010853333333333333,0.018093333333333333,0.011933333333333334,0.020213333333333333,0.02176,0.00892,0.025666666666666667,0.0126,0.024666666666666667,0.008,0.007266666666666667,0.036506666666666666,0.036506666666666666,0.01504,0.01504,0.00904,0.024066666666666667,0.023786666666666668,0.022866666666666667,0.021626666666666666,0.016693333333333334,0.007973333333333334,0.032266666666666666,0.007293333333333333,0.017426666666666667,0.00836,0.07688,0.12297333333333334,0.055413333333333335,0.04394666666666667,0.021653333333333333
Iterated Removal Condorcet Loser,0.13069866666666666,0.27681333333333336,0.13581333333333334,0.17842666666666668,0.15976,0.18602666666666667,0.18602666666666667,0.18602666666666667,0.18602666666666667,0.17842666666666668,0.18602666666666667,0.17842666666666668,0.28604,0.17842666666666668,0.18602666666666667,0.22682666666666668,0.20413333333333333,0.17494666666666667,0.1782,0.14582666666666666,0.11142666666666666,0.11373333333333334,0.1438,0.1156,0.10909333333333333,0.10957333333333333,0.11092,0.0,0.10816,0.10950666666666667,0.1182,0.09908,0.09645333333333334,0.10916,0.10653333333333333,0.10012,0.10450666666666666,0.099,0.09524,0.10673333333333333,0.08636,0.1024,0.11236,0.10912,0.10832,0.09629333333333333,0.09629333333333333,0.11890666666666666,0.11890666666666666,0.10954666666666667,0.11204,0.11801333333333333,0.11390666666666667,0.11125333333333333,0.10957333333333333,0.10909333333333333,0.11898666666666667,0.11181333333333333,0.11832,0.10909333333333333,0.14552,0.13612,0.13764,0.12973333333333334,0.11836
Raynaud,0.038572,0.27845333333333333,0.05536,0.14298666666666668,0.09254666666666667,0.14452,0.14452,0.14452,0.14452,0.14298666666666668,0.14452,0.14298666666666668,0.26694666666666667,0.14298666666666668,0.14452,0.21717333333333333,0.20964,0.12177333333333333,0.12509333333333333,0.0812,0.015333333333333332,0.02016,0.08726666666666667,0.02664,0.0032533333333333333,0.00528,0.010026666666666666,0.10816,0.0,0.01472,0.02264,0.017973333333333334,0.03870666666666667,0.014386666666666667,0.01108,0.013306666666666666,0.01144,0.017973333333333334,0.01772,0.00964,0.02266666666666667,0.01204,0.02392,0.00888,0.007986666666666666,0.03384,0.03384,0.02128,0.02128,0.005266666666666667,0.025106666666666666,0.028226666666666667,0.02168,0.01972,0.01556,0.008853333333333333,0.032973333333333334,0.013813333333333334,0.023306666666666667,0.008933333333333333,0.07882666666666667,0.12094666666666666,0.05936,0.04649333333333333,0.025426666666666667
Tideman Alternative Top Cycle,0.03994,0.2783466666666667,0.05648,0.13885333333333333,0.08485333333333334,0.14042666666666667,0.14042666666666667,0.14042666666666667,0.14042666666666667,0.13885333333333333,0.14042666666666667,0.13885333333333333,0.2660133333333333,0.13885333333333333,0.14042666666666667,0.21626666666666666,0.21170666666666665,0.12261333333333334,0.12762666666666667,0.06981333333333334,0.012213333333333333,0.008866666666666667,0.08233333333333333,0.0344,0.014493333333333334,0.015053333333333333,0.016,0.10950666666666667,0.01472,0.0,0.02636,0.021213333333333334,0.03953333333333333,0.017746666666666668,0.016866666666666665,0.018546666666666666,0.017186666666666666,0.02128,0.021146666666666668,0.016146666666666667,0.024066666666666667,0.01772,0.027813333333333332,0.016586666666666666,0.016453333333333334,0.03546666666666667,0.03546666666666667,0.02616,0.02616,0.015066666666666667,0.020973333333333333,0.029346666666666667,0.010293333333333333,0.011506666666666667,0.0015733333333333333,0.01656,0.02884,0.017453333333333335,0.026226666666666665,0.01632,0.08186666666666667,0.12446666666666667,0.061173333333333337,0.043346666666666665,0.023413333333333335
Knockout Voting,0.02583666666666667,0.27841333333333335,0.034453333333333336,0.14486666666666667,0.08730666666666667,0.14482666666666666,0.14482666666666666,0.14482666666666666,0.14482666666666666,0.14486666666666667,0.14482666666666666,0.14486666666666667,0.2618533333333333,0.14486666666666667,0.14482666666666666,0.21814666666666666,0.2104,0.11957333333333334,0.11829333333333333,0.08893333333333334,0.0234,0.027986666666666667,0.09568,0.03286666666666667,0.020866666666666665,0.019186666666666668,0.017466666666666665,0.1182,0.02264,0.02636,0.0,0.03016,0.044026666666666665,0.018426666666666668,0.02052,0.028693333333333335,0.021973333333333334,0.03024,0.03168,0.020093333333333335,0.03474666666666667,0.0226,0.02648,0.019693333333333334,0.020066666666666667,0.040986666666666664,0.040986666666666664,0.01284,0.01284,0.020413333333333332,0.029813333333333334,0.00732,0.029413333333333333,0.029186666666666666,0.026773333333333333,0.019666666666666666,0.03485333333333333,0.016266666666666665,0.00692,0.017,0.07318666666666666,0.12873333333333334,0.04661333333333333,0.04712,0.024493333333333332
Banks,0.04702600000000001,0.27809333333333336,0.057133333333333335,0.14444,0.09746666666666666,0.14757333333333333,0.14757333333333333,0.14757333333333333,0.14757333333333333,0.14444,0.14757333333333333,0.14444,0.2701866666666667,0.14444,0.14757333333333333,0.21738666666666667,0.20766666666666667,0.122,0.12414666666666667,0.08690666666666666,0.022173333333333333,0.026506666666666668,0.0912,0.03133333333333333,0.017986666666666668,0.017893333333333334,0.02016,0.09908,0.017973333333333334,0.021213333333333334,0.03016,0.0,0.031586666666666666,0.0176,0.013666666666666667,0.01128,0.011333333333333334,0.00016,0.005026666666666666,0.01336,0.013093333333333334,0.01264,0.023333333333333334,0.0174,0.016306666666666667,0.025946666666666666,0.025946666666666666,0.030506666666666668,0.030506666666666668,0.017573333333333333,0.027173333333333334,0.03,0.027386666666666667,0.024573333333333332,0.02152,0.017373333333333334,0.03442666666666667,0.021373333333333334,0.029786666666666666,0.01756,0.07868,0.11413333333333334,0.06084,0.05204,0.02936
Condorcet,0.050963333333333326,0.27737333333333336,0.07093333333333333,0.1528,0.10452,0.15549333333333334,0.15549333333333334,0.15549333333333334,0.15549333333333334,0.1528,0.15549333333333334,0.1528,0.2701866666666667,0.1528,0.15549333333333334,0.22068,0.21330666666666667,0.13345333333333334,0.13616,0.10058666666666667,0.04053333333333333,0.04138666666666667,0.10469333333333333,0.049253333333333336,0.03936,0.039733333333333336,0.04068,0.09645333333333334,0.03870666666666667,0.03953333333333333,0.044026666666666665,0.031586666666666666,0.0,0.03950666666666667,0.03749333333333333,0.032253333333333335,0.03568,0.03150666666666667,0.028613333333333334,0.03762666666666667,0.020733333333333333,0.03372,0.03936,0.039413333333333335,0.03870666666666667,0.011773333333333334,0.011773333333333334,0.044546666666666665,0.044546666666666665,0.039733333333333336,0.041306666666666665,0.0438,0.04106666666666667,0.038946666666666664,0.039586666666666666,0.0394,0.04278666666666667,0.041306666666666665,0.044066666666666664,0.039253333333333335,0.09156,0.1268,0.07413333333333333,0.06408,0.044013333333333335
Copeland,0.033828,0.27858666666666665,0.0492,0.14196,0.08986666666666666,0.14326666666666665,0.14326666666666665,0.14326666666666665,0.14326666666666665,0.14196,0.14326666666666665,0.14196,0.26570666666666665,0.14196,0.14326666666666665,0.21708,0.20889333333333332,0.11910666666666667,0.12246666666666667,0.08348,0.016866666666666665,0.02244,0.08906666666666667,0.027693333333333334,0.013,0.01188,0.010173333333333333,0.10916,0.014386666666666667,0.017746666666666668,0.018426666666666668,0.0176,0.03950666666666667,0.0,0.005973333333333333,0.016653333333333332,0.008466666666666667,0.01768,0.019666666666666666,0.009053333333333333,0.023653333333333332,0.009533333333333333,0.021866666666666666,0.010066666666666666,0.010933333333333333,0.035013333333333334,0.035013333333333334,0.015613333333333333,0.015613333333333333,0.011093333333333334,0.02432,0.022066666666666665,0.02396,0.02304,0.018173333333333333,0.01004,0.031946666666666665,0.00464,0.013173333333333334,0.010093333333333333,0.07562666666666666,0.12069333333333333,0.0534,0.04413333333333333,0.017946666666666666
Llull,0.036858,0.2786266666666667,0.0518,0.14245333333333332,0.09192,0.14422666666666667,0.14422666666666667,0.14422666666666667,0.14422666666666667,0.14245333333333332,0.14422666666666667,0.14245333333333332,0.26714666666666664,0.14245333333333332,0.14422666666666667,0.21682666666666667,0.20856,0.12,0.12296,0.08290666666666667,0.015906666666666666,0.021973333333333334,0.08810666666666667,0.027146666666666666,0.009866666666666666,0.008853333333333333,0.010853333333333333,0.10653333333333333,0.01108,0.016866666666666665,0.02052,0.013666666666666667,0.03749333333333333,0.005973333333333333,0.0,0.01172,0.0028933333333333333,0.013746666666666667,0.015186666666666666,0.005026666666666666,0.020826666666666667,0.00444,0.01964,0.00644,0.00736,0.03237333333333333,0.03237333333333333,0.019413333333333335,0.019413333333333335,0.00728,0.0246,0.024666666666666667,0.023386666666666667,0.021733333333333334,0.01738666666666667,0.006413333333333333,0.03244,0.009546666666666667,0.018533333333333332,0.0071066666666666665,0.0766,0.11846666666666666,0.05576,0.0452,0.022746666666666665
Uncovered Set,0.045542000000000006,0.278,0.057773333333333336,0.14446666666666666,0.09812,0.14733333333333334,0.14733333333333334,0.14733333333333334,0.14733333333333334,0.14446666666666666,0.14733333333333334,0.14446666666666666,0.2701866666666667,0.14446666666666666,0.14733333333333334,0.21717333333333333,0.20790666666666666,0.12258666666666666,0.12504,0.08476,0.019906666666666666,0.02425333333333333,0.08914666666666667,0.030493333333333334,0.014746666666666667,0.015626666666666667,0.018093333333333333,0.10012,0.013306666666666666,0.018546666666666666,0.028693333333333335,0.01128,0.032253333333333335,0.016653333333333332,0.01172,0.0,0.008853333333333333,0.011226666666666666,0.006533333333333334,0.01168,0.0142,0.011,0.018213333333333335,0.015746666666666666,0.01416,0.026506666666666668,0.026506666666666668,0.029173333333333332,0.029173333333333332,0.016106666666666665,0.027066666666666666,0.03064,0.02524,0.021933333333333332,0.019026666666666667,0.01572,0.034453333333333336,0.019986666666666666,0.028613333333333334,0.0154,0.07969333333333334,0.11577333333333334,0.06165333333333333,0.05053333333333333,0.030253333333333333
Uncovered Set - Fishburn,0.037082000000000004,0.2785066666666667,0.053026666666666666,0.14296,0.09225333333333334,0.14492,0.14492,0.14492,0.14492,0.14296,0.14492,0.14296,0.26736,0.14296,0.14492,0.21685333333333334,0.20861333333333335,0.1208,0.12365333333333334,0.08322666666666667,0.01636,0.02228,0.08852,0.02804,0.01048,0.009893333333333334,0.011933333333333334,0.10450666666666666,0.01144,0.017186666666666666,0.021973333333333334,0.011333333333333334,0.03568,0.008466666666666667,0.0028933333333333333,0.008853333333333333,0.0,0.011306666666666666,0.012426666666666667,0.0056,0.0188,0.0023866666666666667,0.01752,0.00704,0.007853333333333334,0.0306,0.0306,0.0208,0.0208,0.0074,0.025106666666666666,0.025893333333333334,0.023706666666666668,0.02184,0.017693333333333332,0.007013333333333333,0.032946666666666666,0.011546666666666667,0.020466666666666668,0.008266666666666667,0.07736,0.11793333333333333,0.05705333333333333,0.045893333333333335,0.024306666666666667
