,NN,Random Choice,Borda ranking,Plurality ranking,STV,Approval Voting (AV),Proportional Approval Voting (PAV),Approval Chamberlin-Courant (CC),Lexicographic Chamberlin-Courant (lex-CC),Sequential Approval Chamberlin-Courant (seq-CC),Monroe's Approval Rule (Monroe),Greedy Monroe,Minimax Approval Voting (MAV),Method of Equal Shares (aka Rule X) with Phragmén phase,E Pluribus Hugo (EPH),Random Serial Dictator,Anti-Plurality,Two-Approval,Three-Approval,Instant Runoff,Bottom-Two-Runoff Instant Runoff,Benham,PluralityWRunoff PUT,Coombs,Baldwin,Strict Nanson,Weak Nanson,Iterated Removal Condorcet Loser,Raynaud,Tideman Alternative Top Cycle,Knockout Voting,Banks,Condorcet,Copeland,Llull,Uncovered Set,Uncovered Set - Fishburn,Uncovered Set - Bordes,Uncovered Set - McKelvey,Slater,Top Cycle,GOCHA,Bipartisan Set,Minimax,Split Cycle,Ranked Pairs ZT,Ranked Pairs TB,Simple Stable Voting,Stable Voting,Loss-Trimmer Voting,Daunou,Blacks,Condorcet IRV,Condorcet IRV PUT,Smith IRV,Smith-Minimax,Condorcet Plurality,Copeland-Local-Borda,Copeland-Global-Borda,Borda-Minimax Faceoff,Bucklin,Simplified Bucklin,Weighted Bucklin,Bracket Voting,Superior Voting
Random Choice,0.27839666666666657,0.0,0.27748,0.27696,0.27856,0.27753333333333335,0.27753333333333335,0.27753333333333335,0.27753333333333335,0.27696,0.27753333333333335,0.27696,0.27781333333333336,0.27696,0.27753333333333335,0.2778933333333333,0.27756,0.27846666666666664,0.27804,0.2787866666666667,0.27825333333333335,0.2788,0.2781866666666667,0.2768,0.2783733333333333,0.27854666666666666,0.27852,0.2759333333333333,0.27776,0.2785066666666667,0.27872,0.2778,0.27876,0.27836,0.2779333333333333,0.2771733333333333,0.27817333333333333,0.27788,0.27730666666666665,0.27797333333333335,0.2782133333333333,0.2782266666666667,0.27688,0.27848,0.2785066666666667,0.2786133333333333,0.2786133333333333,0.27864,0.27864,0.27854666666666666,0.2783466666666667,0.27770666666666666,0.27897333333333335,0.2787866666666667,0.27870666666666666,0.2785066666666667,0.2776533333333333,0.2786533333333333,0.27810666666666667,0.2783733333333333,0.27798666666666666,0.27612,0.2770533333333333,0.27801333333333333,0.2783466666666667
Borda ranking,0.10542533333333333,0.27748,0.0,0.17161333333333334,0.12169333333333333,0.17248,0.17248,0.17248,0.17248,0.17161333333333334,0.17248,0.17161333333333334,0.27952,0.17161333333333334,0.17248,0.26109333333333334,0.18504,0.12264,0.10757333333333334,0.12317333333333333,0.09976,0.10704,0.13636,0.11378666666666666,0.09824,0.09393333333333333,0.08692,0.2444,0.10425333333333334,0.10644,0.04784,0.11486666666666667,0.1506,0.07357333333333334,0.0876,0.11754666666666666,0.09461333333333333,0.11496,0.12217333333333333,0.09446666666666667,0.13926666666666668,0.09862666666666667,0.10694666666666666,0.08472,0.08842666666666667,0.14264,0.14264,0.06525333333333333,0.06525333333333333,0.09588,0.11288,0.01504,0.10836,0.10881333333333333,0.10765333333333334,0.08464,0.11584,0.07448,0.04922666666666667,0.0704,0.10718666666666667,0.19152,0.03525333333333333,0.10414666666666667,0.07809333333333333
Plurality ranking,0.1879593333333333,0.27696,0.17161333333333334,0.0,0.16254666666666667,0.06185333333333334,0.06185333333333334,0.06185333333333334,0.06185333333333334,0.0,0.06185333333333334,0.0,0.28725333333333336,0.0,0.06185333333333334,0.25164,0.2534266666666667,0.1794,0.21546666666666667,0.14848,0.15654666666666667,0.15808,0.11833333333333333,0.20696,0.17533333333333334,0.17357333333333333,0.17317333333333335,0.24534666666666666,0.17705333333333334,0.16114666666666666,0.17212,0.17953333333333332,0.20077333333333333,0.1722,0.17354666666666665,0.18121333333333334,0.17476,0.17944,0.18193333333333334,0.17397333333333334,0.19170666666666666,0.17616,0.17957333333333333,0.17274666666666666,0.17285333333333333,0.19428,0.19428,0.17134666666666667,0.17134666666666667,0.175,0.09542666666666667,0.17053333333333334,0.15581333333333333,0.16098666666666667,0.15878666666666666,0.17270666666666667,0.06973333333333333,0.17302666666666666,0.17164,0.17130666666666666,0.21518666666666666,0.22694666666666666,0.17694666666666667,0.14188,0.15957333333333334
STV,0.09975400000000004,0.27856,0.12169333333333333,0.16254666666666667,0.0,0.15674666666666667,0.15674666666666667,0.15674666666666667,0.15674666666666667,0.16254666666666667,0.15674666666666667,0.16254666666666667,0.2638,0.16254666666666667,0.15674666666666667,0.2592,0.22564,0.14946666666666666,0.16637333333333335,0.06901333333333333,0.09725333333333333,0.0776,0.12178666666666667,0.15104,0.11322666666666667,0.11054666666666667,0.10705333333333333,0.25996,0.11836,0.08578666666666666,0.10034666666666667,0.14178666666666667,0.16429333333333335,0.10686666666666667,0.11556,0.14476,0.11822666666666666,0.1418,0.14853333333333332,0.11445333333333334,0.15893333333333334,0.12121333333333334,0.12098666666666667,0.11204,0.1158,0.15937333333333334,0.15937333333333334,0.09728,0.09728,0.1076,0.11230666666666667,0.11085333333333333,0.07556,0.08630666666666667,0.082,0.11198666666666666,0.11394666666666667,0.10217333333333334,0.10050666666666666,0.11166666666666666,0.16598666666666667,0.22788,0.12530666666666668,0.08642666666666667,0.09113333333333333
Approval Voting (AV),0.1798066666666667,0.27753333333333335,0.17248,0.06185333333333334,0.15674666666666667,0.0,0.0,0.0,0.0,0.06185333333333334,0.0,0.06185333333333334,0.2645866666666667,0.06185333333333334,0.0,0.25217333333333336,0.25661333333333336,0.18325333333333332,0.21784,0.15349333333333334,0.16057333333333335,0.16229333333333334,0.13357333333333332,0.20814666666666667,0.17968,0.17762666666666665,0.17621333333333333,0.2683066666666667,0.18257333333333334,0.16609333333333334,0.17281333333333335,0.19404,0.21345333333333333,0.17594666666666667,0.18086666666666668,0.19390666666666667,0.18330666666666667,0.19402666666666665,0.19688,0.18034666666666666,0.20593333333333333,0.18482666666666667,0.18718666666666667,0.17804,0.17934666666666665,0.20810666666666666,0.20810666666666666,0.17122666666666667,0.17122666666666667,0.17897333333333335,0.11814666666666666,0.17138666666666666,0.16013333333333332,0.16901333333333332,0.16350666666666666,0.17801333333333333,0.10416,0.1742,0.1714,0.1766,0.21753333333333333,0.24724,0.17666666666666667,0.14145333333333332,0.16098666666666667
Proportional Approval Voting (PAV),0.1798066666666667,0.27753333333333335,0.17248,0.06185333333333334,0.15674666666666667,0.0,0.0,0.0,0.0,0.06185333333333334,0.0,0.06185333333333334,0.2645866666666667,0.06185333333333334,0.0,0.25217333333333336,0.25661333333333336,0.18325333333333332,0.21784,0.15349333333333334,0.16057333333333335,0.16229333333333334,0.13357333333333332,0.20814666666666667,0.17968,0.17762666666666665,0.17621333333333333,0.2683066666666667,0.18257333333333334,0.16609333333333334,0.17281333333333335,0.19404,0.21345333333333333,0.17594666666666667,0.18086666666666668,0.19390666666666667,0.18330666666666667,0.19402666666666665,0.19688,0.18034666666666666,0.20593333333333333,0.18482666666666667,0.18718666666666667,0.17804,0.17934666666666665,0.20810666666666666,0.20810666666666666,0.17122666666666667,0.17122666666666667,0.17897333333333335,0.11814666666666666,0.17138666666666666,0.16013333333333332,0.16901333333333332,0.16350666666666666,0.17801333333333333,0.10416,0.1742,0.1714,0.1766,0.21753333333333333,0.24724,0.17666666666666667,0.14145333333333332,0.16098666666666667
Approval Chamberlin-Courant (CC),0.1798066666666667,0.27753333333333335,0.17248,0.06185333333333334,0.15674666666666667,0.0,0.0,0.0,0.0,0.06185333333333334,0.0,0.06185333333333334,0.2645866666666667,0.06185333333333334,0.0,0.25217333333333336,0.25661333333333336,0.18325333333333332,0.21784,0.15349333333333334,0.16057333333333335,0.16229333333333334,0.13357333333333332,0.20814666666666667,0.17968,0.17762666666666665,0.17621333333333333,0.2683066666666667,0.18257333333333334,0.16609333333333334,0.17281333333333335,0.19404,0.21345333333333333,0.17594666666666667,0.18086666666666668,0.19390666666666667,0.18330666666666667,0.19402666666666665,0.19688,0.18034666666666666,0.20593333333333333,0.18482666666666667,0.18718666666666667,0.17804,0.17934666666666665,0.20810666666666666,0.20810666666666666,0.17122666666666667,0.17122666666666667,0.17897333333333335,0.11814666666666666,0.17138666666666666,0.16013333333333332,0.16901333333333332,0.16350666666666666,0.17801333333333333,0.10416,0.1742,0.1714,0.1766,0.21753333333333333,0.24724,0.17666666666666667,0.14145333333333332,0.16098666666666667
Lexicographic Chamberlin-Courant (lex-CC),0.1798066666666667,0.27753333333333335,0.17248,0.06185333333333334,0.15674666666666667,0.0,0.0,0.0,0.0,0.06185333333333334,0.0,0.06185333333333334,0.2645866666666667,0.06185333333333334,0.0,0.25217333333333336,0.25661333333333336,0.18325333333333332,0.21784,0.15349333333333334,0.16057333333333335,0.16229333333333334,0.13357333333333332,0.20814666666666667,0.17968,0.17762666666666665,0.17621333333333333,0.2683066666666667,0.18257333333333334,0.16609333333333334,0.17281333333333335,0.19404,0.21345333333333333,0.17594666666666667,0.18086666666666668,0.19390666666666667,0.18330666666666667,0.19402666666666665,0.19688,0.18034666666666666,0.20593333333333333,0.18482666666666667,0.18718666666666667,0.17804,0.17934666666666665,0.20810666666666666,0.20810666666666666,0.17122666666666667,0.17122666666666667,0.17897333333333335,0.11814666666666666,0.17138666666666666,0.16013333333333332,0.16901333333333332,0.16350666666666666,0.17801333333333333,0.10416,0.1742,0.1714,0.1766,0.21753333333333333,0.24724,0.17666666666666667,0.14145333333333332,0.16098666666666667
Sequential Approval Chamberlin-Courant (seq-CC),0.1879593333333333,0.27696,0.17161333333333334,0.0,0.16254666666666667,0.06185333333333334,0.06185333333333334,0.06185333333333334,0.06185333333333334,0.0,0.06185333333333334,0.0,0.28725333333333336,0.0,0.06185333333333334,0.25164,0.2534266666666667,0.1794,0.21546666666666667,0.14848,0.15654666666666667,0.15808,0.11833333333333333,0.20696,0.17533333333333334,0.17357333333333333,0.17317333333333335,0.24534666666666666,0.17705333333333334,0.16114666666666666,0.17212,0.17953333333333332,0.20077333333333333,0.1722,0.17354666666666665,0.18121333333333334,0.17476,0.17944,0.18193333333333334,0.17397333333333334,0.19170666666666666,0.17616,0.17957333333333333,0.17274666666666666,0.17285333333333333,0.19428,0.19428,0.17134666666666667,0.17134666666666667,0.175,0.09542666666666667,0.17053333333333334,0.15581333333333333,0.16098666666666667,0.15878666666666666,0.17270666666666667,0.06973333333333333,0.17302666666666666,0.17164,0.17130666666666666,0.21518666666666666,0.22694666666666666,0.17694666666666667,0.14188,0.15957333333333334
Monroe's Approval Rule (Monroe),0.1798066666666667,0.27753333333333335,0.17248,0.06185333333333334,0.15674666666666667,0.0,0.0,0.0,0.0,0.06185333333333334,0.0,0.06185333333333334,0.2645866666666667,0.06185333333333334,0.0,0.25217333333333336,0.25661333333333336,0.18325333333333332,0.21784,0.15349333333333334,0.16057333333333335,0.16229333333333334,0.13357333333333332,0.20814666666666667,0.17968,0.17762666666666665,0.17621333333333333,0.2683066666666667,0.18257333333333334,0.16609333333333334,0.17281333333333335,0.19404,0.21345333333333333,0.17594666666666667,0.18086666666666668,0.19390666666666667,0.18330666666666667,0.19402666666666665,0.19688,0.18034666666666666,0.20593333333333333,0.18482666666666667,0.18718666666666667,0.17804,0.17934666666666665,0.20810666666666666,0.20810666666666666,0.17122666666666667,0.17122666666666667,0.17897333333333335,0.11814666666666666,0.17138666666666666,0.16013333333333332,0.16901333333333332,0.16350666666666666,0.17801333333333333,0.10416,0.1742,0.1714,0.1766,0.21753333333333333,0.24724,0.17666666666666667,0.14145333333333332,0.16098666666666667
Greedy Monroe,0.1879593333333333,0.27696,0.17161333333333334,0.0,0.16254666666666667,0.06185333333333334,0.06185333333333334,0.06185333333333334,0.06185333333333334,0.0,0.06185333333333334,0.0,0.28725333333333336,0.0,0.06185333333333334,0.25164,0.2534266666666667,0.1794,0.21546666666666667,0.14848,0.15654666666666667,0.15808,0.11833333333333333,0.20696,0.17533333333333334,0.17357333333333333,0.17317333333333335,0.24534666666666666,0.17705333333333334,0.16114666666666666,0.17212,0.17953333333333332,0.20077333333333333,0.1722,0.17354666666666665,0.18121333333333334,0.17476,0.17944,0.18193333333333334,0.17397333333333334,0.19170666666666666,0.17616,0.17957333333333333,0.17274666666666666,0.17285333333333333,0.19428,0.19428,0.17134666666666667,0.17134666666666667,0.175,0.09542666666666667,0.17053333333333334,0.15581333333333333,0.16098666666666667,0.15878666666666666,0.17270666666666667,0.06973333333333333,0.17302666666666666,0.17164,0.17130666666666666,0.21518666666666666,0.22694666666666666,0.17694666666666667,0.14188,0.15957333333333334
Minimax Approval Voting (MAV),0.2263493333333333,0.27781333333333336,0.27952,0.28725333333333336,0.2638,0.2645866666666667,0.2645866666666667,0.2645866666666667,0.2645866666666667,0.28725333333333336,0.2645866666666667,0.28725333333333336,0.0,0.28725333333333336,0.2645866666666667,0.27832,0.29005333333333333,0.28545333333333334,0.2851066666666667,0.28429333333333334,0.2843866666666667,0.28392,0.29218666666666665,0.2834933333333333,0.2875333333333333,0.28701333333333334,0.28364,0.32837333333333335,0.2899333333333333,0.286,0.27868,0.30532,0.30532,0.2856533333333333,0.2916,0.30532,0.29264,0.30532,0.30532,0.2907866666666667,0.30532,0.29269333333333336,0.29345333333333334,0.2882,0.2912266666666667,0.30532,0.30532,0.2772266666666667,0.2772266666666667,0.28558666666666666,0.28445333333333334,0.2791866666666667,0.28398666666666667,0.29088,0.28530666666666665,0.2882,0.2832266666666667,0.28008,0.27744,0.28829333333333335,0.28502666666666665,0.32910666666666666,0.27745333333333333,0.27769333333333335,0.27885333333333334
Method of Equal Shares (aka Rule X) with Phragmén phase,0.1879593333333333,0.27696,0.17161333333333334,0.0,0.16254666666666667,0.06185333333333334,0.06185333333333334,0.06185333333333334,0.06185333333333334,0.0,0.06185333333333334,0.0,0.28725333333333336,0.0,0.06185333333333334,0.25164,0.2534266666666667,0.1794,0.21546666666666667,0.14848,0.15654666666666667,0.15808,0.11833333333333333,0.20696,0.17533333333333334,0.17357333333333333,0.17317333333333335,0.24534666666666666,0.17705333333333334,0.16114666666666666,0.17212,0.17953333333333332,0.20077333333333333,0.1722,0.17354666666666665,0.18121333333333334,0.17476,0.17944,0.18193333333333334,0.17397333333333334,0.19170666666666666,0.17616,0.17957333333333333,0.17274666666666666,0.17285333333333333,0.19428,0.19428,0.17134666666666667,0.17134666666666667,0.175,0.09542666666666667,0.17053333333333334,0.15581333333333333,0.16098666666666667,0.15878666666666666,0.17270666666666667,0.06973333333333333,0.17302666666666666,0.17164,0.17130666666666666,0.21518666666666666,0.22694666666666666,0.17694666666666667,0.14188,0.15957333333333334
E Pluribus Hugo (EPH),0.1798066666666667,0.27753333333333335,0.17248,0.06185333333333334,0.15674666666666667,0.0,0.0,0.0,0.0,0.06185333333333334,0.0,0.06185333333333334,0.2645866666666667,0.06185333333333334,0.0,0.25217333333333336,0.25661333333333336,0.18325333333333332,0.21784,0.15349333333333334,0.16057333333333335,0.16229333333333334,0.13357333333333332,0.20814666666666667,0.17968,0.17762666666666665,0.17621333333333333,0.2683066666666667,0.18257333333333334,0.16609333333333334,0.17281333333333335,0.19404,0.21345333333333333,0.17594666666666667,0.18086666666666668,0.19390666666666667,0.18330666666666667,0.19402666666666665,0.19688,0.18034666666666666,0.20593333333333333,0.18482666666666667,0.18718666666666667,0.17804,0.17934666666666665,0.20810666666666666,0.20810666666666666,0.17122666666666667,0.17122666666666667,0.17897333333333335,0.11814666666666666,0.17138666666666666,0.16013333333333332,0.16901333333333332,0.16350666666666666,0.17801333333333333,0.10416,0.1742,0.1714,0.1766,0.21753333333333333,0.24724,0.17666666666666667,0.14145333333333332,0.16098666666666667
Random Serial Dictator,0.2624246666666667,0.2778933333333333,0.26109333333333334,0.25164,0.2592,0.25217333333333336,0.25217333333333336,0.25217333333333336,0.25217333333333336,0.25164,0.25217333333333336,0.25164,0.27832,0.25164,0.25217333333333336,0.0,0.2727333333333333,0.26141333333333333,0.26653333333333334,0.25797333333333333,0.25938666666666665,0.25866666666666666,0.2557066666666667,0.26470666666666665,0.2605866666666667,0.26054666666666665,0.26065333333333335,0.27354666666666666,0.26116,0.2591733333333333,0.26106666666666667,0.2622933333333333,0.2662933333333333,0.26024,0.26078666666666667,0.26216,0.26072,0.26236,0.2624,0.26069333333333333,0.2643066666666667,0.2611733333333333,0.26221333333333335,0.2601333333333333,0.2602933333333333,0.26448,0.26448,0.26024,0.26024,0.2608533333333333,0.25521333333333335,0.26125333333333334,0.25864,0.25896,0.25872,0.26009333333333334,0.25408,0.26064,0.26092,0.26082666666666665,0.2664666666666667,0.2673066666666667,0.2614533333333333,0.25797333333333333,0.2594533333333333
Anti-Plurality,0.2105146666666667,0.27756,0.18504,0.2534266666666667,0.22564,0.25661333333333336,0.25661333333333336,0.25661333333333336,0.25661333333333336,0.2534266666666667,0.25661333333333336,0.2534266666666667,0.29005333333333333,0.2534266666666667,0.25661333333333336,0.2727333333333333,0.0,0.23733333333333334,0.21828,0.22569333333333333,0.21124,0.21429333333333334,0.22894666666666666,0.18165333333333333,0.20137333333333332,0.20076,0.19998666666666667,0.24810666666666667,0.20278666666666667,0.21254666666666666,0.19349333333333332,0.19998666666666667,0.21705333333333332,0.19548,0.19709333333333334,0.20253333333333334,0.19882666666666668,0.20001333333333332,0.20188,0.19949333333333333,0.20868,0.19948,0.20265333333333332,0.19853333333333334,0.19858666666666666,0.21122666666666667,0.21122666666666667,0.19642666666666667,0.19642666666666667,0.20193333333333333,0.22216,0.18821333333333334,0.21585333333333334,0.21341333333333334,0.21448,0.19850666666666666,0.22381333333333334,0.19718666666666668,0.19288,0.19613333333333333,0.21834666666666666,0.22936,0.20261333333333334,0.21433333333333332,0.20081333333333334
Two-Approval,0.15242866666666668,0.27846666666666664,0.12264,0.1794,0.14946666666666666,0.18325333333333332,0.18325333333333332,0.18325333333333332,0.18325333333333332,0.1794,0.18325333333333332,0.1794,0.28545333333333334,0.1794,0.18325333333333332,0.26141333333333333,0.23733333333333334,0.0,0.16025333333333333,0.14429333333333333,0.13542666666666667,0.1404,0.15854666666666667,0.17081333333333334,0.14149333333333333,0.13873333333333332,0.13668,0.24132,0.14421333333333333,0.14021333333333333,0.12922666666666666,0.14689333333333332,0.17550666666666667,0.13225333333333333,0.13621333333333333,0.14993333333333334,0.13898666666666668,0.14689333333333332,0.15148,0.13868,0.16481333333333334,0.14186666666666667,0.14606666666666668,0.13484,0.13529333333333332,0.16726666666666667,0.16726666666666667,0.12992,0.12992,0.14054666666666665,0.1412,0.12376,0.13958666666666666,0.13976,0.13938666666666666,0.1348,0.14678666666666668,0.13274666666666668,0.12794666666666665,0.13216,0.1596,0.1984,0.12701333333333334,0.14445333333333332,0.13486666666666666
Three-Approval,0.150966,0.27804,0.10757333333333334,0.21546666666666667,0.16637333333333335,0.21784,0.21784,0.21784,0.21784,0.21546666666666667,0.21784,0.21546666666666667,0.2851066666666667,0.21546666666666667,0.21784,0.26653333333333334,0.21828,0.16025333333333333,0.0,0.16588,0.14837333333333333,0.15346666666666667,0.18144,0.15081333333333333,0.14057333333333333,0.13808,0.13493333333333332,0.24306666666666665,0.14385333333333333,0.15165333333333333,0.12302666666666667,0.14425333333333334,0.17481333333333332,0.12777333333333332,0.13216,0.1484,0.13642666666666667,0.14442666666666668,0.14936,0.13670666666666667,0.16326666666666667,0.1396,0.14492,0.13206666666666667,0.13308,0.16652,0.16652,0.12665333333333334,0.12665333333333334,0.13948,0.16402666666666665,0.11301333333333333,0.15464,0.15206666666666666,0.15312,0.13204,0.16816,0.12986666666666666,0.12176,0.12857333333333335,0.0006533333333333333,0.16937333333333332,0.10272,0.15749333333333335,0.13645333333333334
Instant Runoff,0.125332,0.2787866666666667,0.12317333333333333,0.14848,0.06901333333333333,0.15349333333333334,0.15349333333333334,0.15349333333333334,0.15349333333333334,0.14848,0.15349333333333334,0.14848,0.28429333333333334,0.14848,0.15349333333333334,0.25797333333333333,0.22569333333333333,0.14429333333333333,0.16588,0.0,0.06729333333333333,0.026,0.08682666666666666,0.14604,0.09209333333333333,0.09130666666666666,0.09389333333333333,0.23772,0.09374666666666667,0.040786666666666666,0.10322666666666666,0.11736,0.1516,0.10036,0.09932,0.11062666666666666,0.10213333333333334,0.11741333333333333,0.11964,0.09486666666666667,0.13724,0.10541333333333333,0.11448,0.09709333333333334,0.09549333333333333,0.14281333333333332,0.14281333333333332,0.10153333333333334,0.10153333333333334,0.09449333333333333,0.10144,0.11296,0.01964,0.04373333333333333,0.03228,0.09705333333333334,0.10572,0.09716,0.10433333333333333,0.09529333333333333,0.16546666666666668,0.20402666666666666,0.12805333333333332,0.08477333333333334,0.0924
Bottom-Two-Runoff Instant Runoff,0.09816800000000002,0.27825333333333335,0.09976,0.15654666666666667,0.09725333333333333,0.16057333333333335,0.16057333333333335,0.16057333333333335,0.16057333333333335,0.15654666666666667,0.16057333333333335,0.15654666666666667,0.2843866666666667,0.15654666666666667,0.16057333333333335,0.25938666666666665,0.21124,0.13542666666666667,0.14837333333333333,0.06729333333333333,0.0,0.04508,0.09677333333333334,0.11525333333333333,0.05905333333333333,0.05602666666666667,0.05606666666666667,0.23426666666666668,0.06301333333333334,0.043346666666666665,0.06942666666666666,0.09010666666666667,0.13117333333333334,0.06601333333333333,0.06306666666666666,0.08273333333333334,0.06670666666666666,0.09029333333333334,0.09510666666666667,0.05654666666666667,0.11565333333333333,0.07021333333333334,0.08569333333333333,0.06166666666666667,0.059866666666666665,0.1224,0.1224,0.06786666666666667,0.06786666666666667,0.059906666666666664,0.07916,0.08472,0.04765333333333333,0.053213333333333335,0.04634666666666667,0.0616,0.08681333333333334,0.060346666666666667,0.0718,0.05908,0.14797333333333335,0.19749333333333333,0.10629333333333334,0.07272,0.06913333333333334
Benham,0.10306466666666668,0.2788,0.10704,0.15808,0.0776,0.16229333333333334,0.16229333333333334,0.16229333333333334,0.16229333333333334,0.15808,0.16229333333333334,0.15808,0.28392,0.15808,0.16229333333333334,0.25866666666666666,0.21429333333333334,0.1404,0.15346666666666667,0.026,0.04508,0.0,0.09172,0.1258,0.0688,0.06804,0.07068,0.23538666666666666,0.07065333333333333,0.016133333333333333,0.08004,0.09670666666666666,0.13194666666666666,0.07697333333333334,0.07657333333333333,0.08934666666666667,0.07956,0.09682666666666667,0.09932,0.07166666666666667,0.11741333333333333,0.08302666666666667,0.09237333333333334,0.0744,0.07282666666666666,0.123,0.123,0.07841333333333333,0.07841333333333333,0.07112,0.08385333333333334,0.092,0.00636,0.0272,0.016293333333333333,0.07434666666666667,0.08834666666666667,0.0734,0.08113333333333334,0.07237333333333333,0.15304,0.20054666666666668,0.11318666666666667,0.07044,0.0678
PluralityWRunoff PUT,0.14694533333333334,0.2781866666666667,0.13636,0.11833333333333333,0.12178666666666667,0.13357333333333332,0.13357333333333332,0.13357333333333332,0.13357333333333332,0.11833333333333333,0.13357333333333332,0.11833333333333333,0.29218666666666665,0.11833333333333333,0.13357333333333332,0.2557066666666667,0.22894666666666666,0.15854666666666667,0.18144,0.08682666666666666,0.09677333333333334,0.09172,0.0,0.16036,0.11433333333333333,0.11336,0.11513333333333334,0.22792,0.11545333333333334,0.09502666666666666,0.12250666666666667,0.12505333333333332,0.15822666666666665,0.11870666666666667,0.11608,0.12104,0.11782666666666666,0.12508,0.1268,0.11357333333333333,0.14288,0.12068,0.12774666666666668,0.11716,0.11478666666666666,0.14944,0.14944,0.12257333333333334,0.12257333333333334,0.11677333333333334,0.10437333333333333,0.12872,0.09116,0.09189333333333333,0.09433333333333334,0.11709333333333333,0.10229333333333333,0.11812,0.12346666666666667,0.11449333333333334,0.18118666666666666,0.20261333333333334,0.14234666666666668,0.09878666666666666,0.10642666666666667
Coombs,0.12240399999999997,0.2768,0.11378666666666666,0.20696,0.15104,0.20814666666666667,0.20814666666666667,0.20814666666666667,0.20814666666666667,0.20696,0.20814666666666667,0.20696,0.2834933333333333,0.20696,0.20814666666666667,0.26470666666666665,0.18165333333333333,0.17081333333333334,0.15081333333333333,0.14604,0.11525333333333333,0.1258,0.16036,0.0,0.09136,0.08984,0.08969333333333333,0.23728,0.09410666666666667,0.12238666666666667,0.09597333333333333,0.11385333333333333,0.14938666666666667,0.09446666666666667,0.09468,0.1094,0.09842666666666666,0.11406666666666666,0.11782666666666666,0.09249333333333333,0.13473333333333334,0.1016,0.11181333333333333,0.09329333333333334,0.09184,0.14105333333333334,0.14105333333333334,0.09530666666666666,0.09530666666666666,0.0932,0.14064,0.10385333333333334,0.12792,0.12489333333333333,0.12482666666666667,0.09325333333333333,0.144,0.09130666666666666,0.09725333333333333,0.09066666666666667,0.15057333333333334,0.19949333333333333,0.12126666666666666,0.13046666666666668,0.11024
Baldwin,0.094068,0.2783733333333333,0.09824,0.17533333333333334,0.11322666666666667,0.17968,0.17968,0.17968,0.17968,0.17533333333333334,0.17968,0.17533333333333334,0.2875333333333333,0.17533333333333334,0.17968,0.2605866666666667,0.20137333333333332,0.14149333333333333,0.14057333333333333,0.09209333333333333,0.05905333333333333,0.0688,0.11433333333333333,0.09136,0.0,0.01232,0.03170666666666667,0.22934666666666667,0.01572,0.06230666666666667,0.05716,0.07904,0.12734666666666666,0.05656,0.04492,0.06768,0.04874666666666667,0.0792,0.08512,0.03432,0.11010666666666667,0.053386666666666666,0.07356,0.03516,0.030186666666666667,0.11656,0.11656,0.05096,0.05096,0.021866666666666666,0.10024,0.0832,0.07245333333333333,0.06716,0.06718666666666667,0.03509333333333333,0.1056,0.04974666666666667,0.06610666666666666,0.03404,0.14022666666666667,0.1868,0.10458666666666666,0.08461333333333333,0.07302666666666667
Strict Nanson,0.09221533333333332,0.27854666666666666,0.09393333333333333,0.17357333333333333,0.11054666666666667,0.17762666666666665,0.17762666666666665,0.17762666666666665,0.17762666666666665,0.17357333333333333,0.17762666666666665,0.17357333333333333,0.28701333333333334,0.17357333333333333,0.17762666666666665,0.26054666666666665,0.20076,0.13873333333333332,0.13808,0.09130666666666666,0.05602666666666667,0.06804,0.11336,0.08984,0.01232,0.0,0.023133333333333332,0.23032,0.023146666666666666,0.06161333333333333,0.05148,0.07849333333333333,0.12809333333333334,0.0528,0.04185333333333333,0.06986666666666666,0.04708,0.07866666666666666,0.08670666666666667,0.02792,0.1112,0.051706666666666665,0.07430666666666666,0.032266666666666666,0.026013333333333333,0.11766666666666667,0.11766666666666667,0.04593333333333333,0.04593333333333333,0.02392,0.09816,0.07889333333333333,0.07166666666666667,0.06694666666666667,0.06661333333333333,0.0322,0.10384,0.04468,0.06156,0.03032,0.13770666666666667,0.18710666666666667,0.10034666666666667,0.08122666666666667,0.06926666666666667
Weak Nanson,0.08581666666666664,0.27852,0.08692,0.17317333333333335,0.10705333333333333,0.17621333333333333,0.17621333333333333,0.17621333333333333,0.17621333333333333,0.17317333333333335,0.17621333333333333,0.17317333333333335,0.28364,0.17317333333333335,0.17621333333333333,0.26065333333333335,0.19998666666666667,0.13668,0.13493333333333332,0.09389333333333333,0.05606666666666667,0.07068,0.11513333333333334,0.08969333333333333,0.03170666666666667,0.023133333333333332,0.0,0.23389333333333334,0.04070666666666667,0.06505333333333334,0.04496,0.08481333333333334,0.13090666666666667,0.04646666666666667,0.04594666666666666,0.07765333333333334,0.05172,0.08504,0.09325333333333333,0.0344,0.11502666666666667,0.05618666666666667,0.07508,0.03698666666666667,0.03244,0.12130666666666666,0.12130666666666666,0.038106666666666664,0.038106666666666664,0.03836,0.09686666666666667,0.07188,0.07425333333333334,0.07128,0.06957333333333333,0.036893333333333334,0.10344,0.0352,0.05246666666666667,0.03524,0.13452,0.19037333333333334,0.09366666666666666,0.07922666666666667,0.06214666666666667
Iterated Removal Condorcet Loser,0.2625079999999999,0.2759333333333333,0.2444,0.24534666666666666,0.25996,0.2683066666666667,0.2683066666666667,0.2683066666666667,0.2683066666666667,0.24534666666666666,0.2683066666666667,0.24534666666666666,0.32837333333333335,0.24534666666666666,0.2683066666666667,0.27354666666666666,0.24810666666666667,0.24132,0.24306666666666665,0.23772,0.23426666666666668,0.23538666666666666,0.22792,0.23728,0.22934666666666667,0.23032,0.23389333333333334,0.0,0.22617333333333334,0.23270666666666667,0.24076,0.18481333333333333,0.13337333333333334,0.22926666666666667,0.21770666666666666,0.19021333333333335,0.20792,0.18446666666666667,0.16992,0.22046666666666667,0.12165333333333334,0.19537333333333334,0.21352,0.22682666666666668,0.22276,0.14732,0.14732,0.24277333333333334,0.24277333333333334,0.23082666666666668,0.2334,0.24026666666666666,0.23546666666666666,0.2244,0.23328,0.22682666666666668,0.23701333333333333,0.23773333333333332,0.24217333333333332,0.2272,0.24306666666666665,0.16812,0.24750666666666668,0.24437333333333333,0.24148
Raynaud,0.09954933333333331,0.27776,0.10425333333333334,0.17705333333333334,0.11836,0.18257333333333334,0.18257333333333334,0.18257333333333334,0.18257333333333334,0.17705333333333334,0.18257333333333334,0.17705333333333334,0.2899333333333333,0.17705333333333334,0.18257333333333334,0.26116,0.20278666666666667,0.14421333333333333,0.14385333333333333,0.09374666666666667,0.06301333333333334,0.07065333333333333,0.11545333333333334,0.09410666666666667,0.01572,0.023146666666666666,0.04070666666666667,0.22617333333333334,0.0,0.06410666666666667,0.06477333333333334,0.07942666666666667,0.12466666666666666,0.06234666666666667,0.04990666666666667,0.0626,0.05293333333333333,0.07956,0.0816,0.04185333333333333,0.10684,0.05736,0.07424,0.04076,0.036866666666666666,0.11296,0.11296,0.060173333333333336,0.060173333333333336,0.02528,0.10210666666666667,0.08921333333333334,0.07410666666666667,0.06728,0.06909333333333334,0.04072,0.10732,0.057093333333333336,0.073,0.04016,0.14350666666666667,0.18513333333333334,0.11057333333333333,0.08853333333333334,0.07813333333333333
Tideman Alternative Top Cycle,0.10566333333333332,0.2785066666666667,0.10644,0.16114666666666666,0.08578666666666666,0.16609333333333334,0.16609333333333334,0.16609333333333334,0.16609333333333334,0.16114666666666666,0.16609333333333334,0.16114666666666666,0.286,0.16114666666666666,0.16609333333333334,0.2591733333333333,0.21254666666666666,0.14021333333333333,0.15165333333333333,0.040786666666666666,0.043346666666666665,0.016133333333333333,0.09502666666666666,0.12238666666666667,0.06230666666666667,0.06161333333333333,0.06505333333333334,0.23270666666666667,0.06410666666666667,0.0,0.07870666666666666,0.09149333333333333,0.13032,0.07306666666666667,0.07132,0.08353333333333333,0.07430666666666666,0.0916,0.09433333333333334,0.06606666666666666,0.11361333333333333,0.07773333333333333,0.09037333333333333,0.06877333333333334,0.06672,0.12092,0.12092,0.07718666666666667,0.07718666666666667,0.06497333333333333,0.08336,0.0914,0.021146666666666668,0.032146666666666664,0.009146666666666668,0.06870666666666667,0.09141333333333333,0.0694,0.07981333333333333,0.06658666666666667,0.15125333333333332,0.19670666666666667,0.11290666666666667,0.07552,0.07158666666666667
Knockout Voting,0.074132,0.27872,0.04784,0.17212,0.10034666666666667,0.17281333333333335,0.17281333333333335,0.17281333333333335,0.17281333333333335,0.17212,0.17281333333333335,0.17212,0.27868,0.17212,0.17281333333333335,0.26106666666666667,0.19349333333333332,0.12922666666666666,0.12302666666666667,0.10322666666666666,0.06942666666666666,0.08004,0.12250666666666667,0.09597333333333333,0.05716,0.05148,0.04496,0.24076,0.06477333333333334,0.07870666666666666,0.0,0.09942666666666666,0.13612,0.04629333333333333,0.05533333333333333,0.09417333333333333,0.06262666666666666,0.09961333333333333,0.10710666666666667,0.05228,0.1246,0.06748,0.07856,0.05308,0.05586666666666667,0.12824,0.12824,0.033986666666666665,0.033986666666666665,0.054586666666666665,0.09854666666666667,0.0328,0.08358666666666667,0.08373333333333334,0.08193333333333333,0.053,0.10238666666666667,0.038,0.029933333333333333,0.04065333333333333,0.12264,0.19604,0.06473333333333334,0.07825333333333333,0.05604
Banks,0.13574466666666668,0.2778,0.11486666666666667,0.17953333333333332,0.14178666666666667,0.19404,0.19404,0.19404,0.19404,0.17953333333333332,0.19404,0.17953333333333332,0.30532,0.17953333333333332,0.19404,0.2622933333333333,0.19998666666666667,0.14689333333333332,0.14425333333333334,0.11736,0.09010666666666667,0.09670666666666666,0.12505333333333332,0.11385333333333333,0.07904,0.07849333333333333,0.08481333333333334,0.18481333333333333,0.07942666666666667,0.09149333333333333,0.09942666666666666,0.0,0.08849333333333333,0.07921333333333333,0.06348,0.04864,0.05137333333333333,0.00056,0.020906666666666667,0.06238666666666667,0.06424,0.05652,0.06790666666666667,0.07692,0.07044,0.07552,0.07552,0.10093333333333333,0.10093333333333333,0.07977333333333333,0.10533333333333333,0.09982666666666666,0.09772,0.08496,0.09372,0.07686666666666667,0.1098,0.0928,0.09992,0.07624,0.14392,0.15645333333333333,0.12206666666666667,0.11268,0.09784
Condorcet,0.153228,0.27876,0.1506,0.20077333333333333,0.16429333333333335,0.21345333333333333,0.21345333333333333,0.21345333333333333,0.21345333333333333,0.20077333333333333,0.21345333333333333,0.20077333333333333,0.30532,0.20077333333333333,0.21345333333333333,0.2662933333333333,0.21705333333333332,0.17550666666666667,0.17481333333333332,0.1516,0.13117333333333334,0.13194666666666666,0.15822666666666665,0.14938666666666667,0.12734666666666666,0.12809333333333334,0.13090666666666667,0.13337333333333334,0.12466666666666666,0.13032,0.13612,0.08849333333333333,0.0,0.12742666666666666,0.11768,0.09354666666666667,0.1088,0.08814666666666666,0.07582666666666667,0.11982666666666666,0.03133333333333333,0.09698666666666667,0.11254666666666667,0.12508,0.12136,0.03510666666666667,0.03510666666666667,0.1374,0.1374,0.12876,0.13068,0.13556,0.13196,0.12234666666666667,0.13086666666666666,0.12510666666666667,0.13104,0.13429333333333332,0.13717333333333334,0.12569333333333332,0.17450666666666667,0.18262666666666666,0.15530666666666668,0.14517333333333332,0.13648
Copeland,0.08251333333333334,0.27836,0.07357333333333334,0.1722,0.10686666666666667,0.17594666666666667,0.17594666666666667,0.17594666666666667,0.17594666666666667,0.1722,0.17594666666666667,0.1722,0.2856533333333333,0.1722,0.17594666666666667,0.26024,0.19548,0.13225333333333333,0.12777333333333332,0.10036,0.06601333333333333,0.07697333333333334,0.11870666666666667,0.09446666666666667,0.05656,0.0528,0.04646666666666667,0.22926666666666667,0.06234666666666667,0.07306666666666667,0.04629333333333333,0.07921333333333333,0.12742666666666666,0.0,0.030066666666666665,0.07712,0.04209333333333334,0.07942666666666667,0.08893333333333334,0.04518666666666667,0.10984,0.04849333333333333,0.06794666666666667,0.04473333333333333,0.04992,0.11810666666666667,0.11810666666666667,0.03976,0.03976,0.04908,0.09586666666666667,0.05853333333333333,0.08072,0.07818666666666667,0.07630666666666666,0.04466666666666667,0.10246666666666666,0.018213333333333335,0.02588,0.04105333333333333,0.12737333333333334,0.18349333333333334,0.08216,0.07969333333333334,0.03964
Llull,0.09257066666666669,0.2779333333333333,0.0876,0.17354666666666665,0.11556,0.18086666666666668,0.18086666666666668,0.18086666666666668,0.18086666666666668,0.17354666666666665,0.18086666666666668,0.17354666666666665,0.2916,0.17354666666666665,0.18086666666666668,0.26078666666666667,0.19709333333333334,0.13621333333333333,0.13216,0.09932,0.06306666666666666,0.07657333333333333,0.11608,0.09468,0.04492,0.04185333333333333,0.04594666666666666,0.21770666666666666,0.04990666666666667,0.07132,0.05533333333333333,0.06348,0.11768,0.030066666666666665,0.0,0.054106666666666664,0.01504,0.06369333333333334,0.06974666666666667,0.02888,0.0978,0.02504,0.05718666666666666,0.028413333333333332,0.03442666666666667,0.10626666666666666,0.10626666666666666,0.05298666666666667,0.05298666666666667,0.03421333333333333,0.0978,0.07256,0.07968,0.07326666666666666,0.07488,0.02836,0.10381333333333333,0.041346666666666664,0.052213333333333334,0.029866666666666666,0.13178666666666666,0.17332,0.09488,0.08325333333333333,0.06658666666666667
Uncovered Set,0.13075933333333337,0.2771733333333333,0.11754666666666666,0.18121333333333334,0.14476,0.19390666666666667,0.19390666666666667,0.19390666666666667,0.19390666666666667,0.18121333333333334,0.19390666666666667,0.18121333333333334,0.30532,0.18121333333333334,0.19390666666666667,0.26216,0.20253333333333334,0.14993333333333334,0.1484,0.11062666666666666,0.08273333333333334,0.08934666666666667,0.12104,0.1094,0.06768,0.06986666666666666,0.07765333333333334,0.19021333333333335,0.0626,0.08353333333333333,0.09417333333333333,0.04864,0.09354666666666667,0.07712,0.054106666666666664,0.0,0.0396,0.048666666666666664,0.02952,0.05550666666666667,0.06958666666666667,0.05114666666666667,0.04792,0.06981333333333334,0.06129333333333333,0.08085333333333333,0.08085333333333333,0.09576,0.09576,0.07414666666666667,0.10717333333333333,0.10250666666666666,0.09098666666666666,0.07765333333333334,0.08664,0.06976,0.11148,0.08769333333333333,0.09702666666666666,0.06868,0.14806666666666668,0.16302666666666665,0.12412,0.10974666666666667,0.10154666666666666
Uncovered Set - Fishburn,0.093706,0.27817333333333333,0.09461333333333333,0.17476,0.11822666666666666,0.18330666666666667,0.18330666666666667,0.18330666666666667,0.18330666666666667,0.17476,0.18330666666666667,0.17476,0.29264,0.17476,0.18330666666666667,0.26072,0.19882666666666668,0.13898666666666668,0.13642666666666667,0.10213333333333334,0.06670666666666666,0.07956,0.11782666666666666,0.09842666666666666,0.04874666666666667,0.04708,0.05172,0.20792,0.05293333333333333,0.07430666666666666,0.06262666666666666,0.05137333333333333,0.1088,0.04209333333333334,0.01504,0.0396,0.0,0.051493333333333335,0.05604,0.03281333333333333,0.08796,0.014706666666666666,0.04618666666666667,0.03188,0.03730666666666667,0.09736,0.09736,0.05974666666666666,0.05974666666666666,0.03598666666666667,0.09962666666666667,0.07957333333333333,0.08249333333333334,0.07461333333333334,0.0776,0.03182666666666667,0.10502666666666667,0.050866666666666664,0.06172,0.035826666666666666,0.13605333333333333,0.17192,0.10198666666666667,0.08784,0.07442666666666667
Uncovered Set - Bordes,0.13587799999999997,0.27788,0.11496,0.17944,0.1418,0.19402666666666665,0.19402666666666665,0.19402666666666665,0.19402666666666665,0.17944,0.19402666666666665,0.17944,0.30532,0.17944,0.19402666666666665,0.26236,0.20001333333333332,0.14689333333333332,0.14442666666666668,0.11741333333333333,0.09029333333333334,0.09682666666666667,0.12508,0.11406666666666666,0.0792,0.07866666666666666,0.08504,0.18446666666666667,0.07956,0.0916,0.09961333333333333,0.00056,0.08814666666666666,0.07942666666666667,0.06369333333333334,0.048666666666666664,0.051493333333333335,0.0,0.020453333333333334,0.0626,0.06389333333333333,0.05656,0.06814666666666666,0.07706666666666667,0.07057333333333334,0.07521333333333333,0.07521333333333333,0.10110666666666666,0.10110666666666666,0.07996,0.10525333333333334,0.09992,0.09777333333333334,0.08498666666666667,0.09377333333333333,0.07701333333333334,0.10970666666666666,0.09301333333333334,0.10012,0.07642666666666667,0.14409333333333332,0.1564,0.12217333333333333,0.1128,0.09802666666666666
