,NN,Random Choice,Borda ranking,Plurality ranking,STV,Approval Voting (AV),Proportional Approval Voting (PAV),Approval Chamberlin-Courant (CC),Lexicographic Chamberlin-Courant (lex-CC),Sequential Approval Chamberlin-Courant (seq-CC),Monroe's Approval Rule (Monroe),Greedy Monroe,Minimax Approval Voting (MAV),Method of Equal Shares (aka Rule X) with Phragmén phase,E Pluribus Hugo (EPH),Random Serial Dictator,Anti-Plurality,Two-Approval,Three-Approval,Instant Runoff,Bottom-Two-Runoff Instant Runoff,Benham,PluralityWRunoff PUT,Coombs,Baldwin,Strict Nanson,Weak Nanson,Iterated Removal Condorcet Loser,Raynaud,Tideman Alternative Top Cycle,Knockout Voting,Banks,Condorcet,Copeland,Llull,Uncovered Set,Uncovered Set - Fishburn,Uncovered Set - Bordes,Uncovered Set - McKelvey,Slater,Top Cycle,GOCHA,Bipartisan Set,Minimax,Split Cycle,Ranked Pairs ZT,Ranked Pairs TB,Simple Stable Voting,Stable Voting,Loss-Trimmer Voting,Daunou,Blacks,Condorcet IRV,Condorcet IRV PUT,Smith IRV,Smith-Minimax,Condorcet Plurality,Copeland-Local-Borda,Copeland-Global-Borda,Borda-Minimax Faceoff,Bucklin,Simplified Bucklin,Weighted Bucklin,Bracket Voting,Superior Voting
Random Choice,0.2447914285714286,0.0,0.24371428571428572,0.24506285714285714,0.24483428571428573,0.24513142857142858,0.24513142857142858,0.24513142857142858,0.24513142857142858,0.24506285714285714,0.24513142857142858,0.24506285714285714,0.24346285714285715,0.24506285714285714,0.24513142857142858,0.24469714285714286,0.24570285714285714,0.2437942857142857,0.24441142857142859,0.24506285714285714,0.24446857142857142,0.24450285714285713,0.24561142857142856,0.24428571428571427,0.24445714285714285,0.24450285714285713,0.24441142857142859,0.2445942857142857,0.24448,0.24446857142857142,0.2444457142857143,0.2445142857142857,0.24434285714285714,0.24454857142857142,0.2445142857142857,0.2444,0.24449142857142858,0.2445142857142857,0.24443428571428572,0.24450285714285713,0.24429714285714285,0.24448,0.24409142857142857,0.24450285714285713,0.24443428571428572,0.24430857142857143,0.24430857142857143,0.2444457142857143,0.2444457142857143,0.2445142857142857,0.24454857142857142,0.24422857142857143,0.24458285714285713,0.24462857142857142,0.2444457142857143,0.24449142857142858,0.24486857142857144,0.24454857142857142,0.24448,0.2445257142857143,0.24432,0.24386285714285713,0.2438742857142857,0.24562285714285714,0.2445942857142857
Borda ranking,0.05389371428571428,0.24371428571428572,0.0,0.2015542857142857,0.13214857142857142,0.20041142857142857,0.20041142857142857,0.20041142857142857,0.20041142857142857,0.2015542857142857,0.20041142857142857,0.2015542857142857,0.2464457142857143,0.2015542857142857,0.20041142857142857,0.22906285714285715,0.1833942857142857,0.13142857142857142,0.06176,0.13688,0.054342857142857144,0.05817142857142857,0.15546285714285715,0.054354285714285716,0.05278857142857143,0.05237714285714286,0.05217142857142857,0.15657142857142858,0.053245714285714285,0.054662857142857145,0.03789714285714286,0.05328,0.06388571428571428,0.05161142857142857,0.052354285714285714,0.05422857142857143,0.052571428571428575,0.05328,0.05416,0.052411428571428574,0.05536,0.052617142857142855,0.053874285714285715,0.05180571428571429,0.05196571428571429,0.06317714285714286,0.06317714285714286,0.047542857142857144,0.047542857142857144,0.052514285714285715,0.05817142857142857,0.034274285714285715,0.059725714285714285,0.05897142857142857,0.05496,0.05180571428571429,0.06418285714285714,0.05145142857142857,0.04137142857142857,0.05033142857142857,0.06750857142857143,0.11196571428571428,0.046502857142857144,0.09883428571428571,0.05834285714285714
Plurality ranking,0.17774342857142858,0.24506285714285714,0.2015542857142857,0.0,0.13452571428571428,0.029165714285714284,0.029165714285714284,0.029165714285714284,0.029165714285714284,0.0,0.029165714285714284,0.0,0.24929142857142858,0.0,0.029165714285714284,0.2045942857142857,0.23898285714285714,0.1694857142857143,0.2178057142857143,0.12965714285714286,0.1737942857142857,0.17109714285714286,0.10232,0.18328,0.17613714285714285,0.17610285714285714,0.17618285714285714,0.20248,0.17627428571428572,0.17554285714285714,0.18213714285714286,0.17737142857142857,0.18245714285714285,0.17652571428571429,0.17626285714285714,0.17662857142857144,0.17627428571428572,0.17737142857142857,0.1772,0.1762057142857143,0.17757714285714285,0.1763542857142857,0.17662857142857144,0.1762057142857143,0.17629714285714285,0.18149714285714286,0.18149714285714286,0.17909714285714284,0.17909714285714284,0.17601142857142857,0.16674285714285714,0.1830057142857143,0.16934857142857143,0.1702057142857143,0.17530285714285715,0.1762057142857143,0.15309714285714285,0.17634285714285713,0.1804342857142857,0.17672,0.2025142857142857,0.19413714285714287,0.19181714285714285,0.14797714285714286,0.16902857142857142
STV,0.10422057142857144,0.24483428571428573,0.13214857142857142,0.13452571428571428,0.0,0.13214857142857142,0.13214857142857142,0.13214857142857142,0.13214857142857142,0.13452571428571428,0.13214857142857142,0.13452571428571428,0.2404,0.13452571428571428,0.13214857142857142,0.21248,0.21540571428571428,0.13185142857142856,0.15658285714285713,0.036262857142857145,0.10729142857142857,0.10084571428571429,0.08630857142857143,0.11881142857142857,0.11044571428571429,0.11012571428571429,0.10976,0.18264,0.11094857142857142,0.10868571428571429,0.11042285714285714,0.11206857142857143,0.11790857142857143,0.10984,0.11052571428571428,0.11249142857142858,0.11038857142857143,0.11205714285714286,0.11273142857142857,0.11044571428571429,0.11313142857142858,0.11042285714285714,0.10795428571428571,0.11035428571428571,0.11044571428571429,0.11732571428571428,0.11732571428571428,0.10867428571428571,0.10867428571428571,0.11002285714285714,0.10643428571428572,0.11141714285714285,0.09821714285714286,0.09985142857142858,0.10835428571428571,0.11035428571428571,0.10394285714285714,0.10974857142857143,0.10923428571428571,0.11089142857142857,0.14190857142857144,0.15104,0.12797714285714284,0.07472,0.10116571428571429
Approval Voting (AV),0.1759977142857143,0.24513142857142858,0.20041142857142857,0.029165714285714284,0.13214857142857142,0.0,0.0,0.0,0.0,0.029165714285714284,0.0,0.029165714285714284,0.24061714285714286,0.029165714285714284,0.0,0.20478857142857143,0.24421714285714285,0.16995428571428572,0.21737142857142858,0.1296342857142857,0.17352,0.1703542857142857,0.10491428571428571,0.18290285714285714,0.17597714285714286,0.17582857142857142,0.17592,0.2086742857142857,0.17622857142857143,0.17521142857142857,0.18125714285714287,0.17748571428571427,0.18282285714285715,0.17627428571428572,0.17606857142857144,0.17683428571428572,0.17609142857142857,0.17748571428571427,0.17741714285714286,0.17601142857142857,0.17797714285714286,0.17618285714285714,0.17601142857142857,0.17589714285714286,0.17601142857142857,0.18208,0.18208,0.17827428571428572,0.17827428571428572,0.1757257142857143,0.16722285714285715,0.18216,0.16862857142857143,0.16994285714285715,0.1750057142857143,0.17589714285714286,0.1560342857142857,0.17604571428571428,0.1796457142857143,0.17648,0.20208,0.1973257142857143,0.1909142857142857,0.14714285714285713,0.16824
Proportional Approval Voting (PAV),0.1759977142857143,0.24513142857142858,0.20041142857142857,0.029165714285714284,0.13214857142857142,0.0,0.0,0.0,0.0,0.029165714285714284,0.0,0.029165714285714284,0.24061714285714286,0.029165714285714284,0.0,0.20478857142857143,0.24421714285714285,0.16995428571428572,0.21737142857142858,0.1296342857142857,0.17352,0.1703542857142857,0.10491428571428571,0.18290285714285714,0.17597714285714286,0.17582857142857142,0.17592,0.2086742857142857,0.17622857142857143,0.17521142857142857,0.18125714285714287,0.17748571428571427,0.18282285714285715,0.17627428571428572,0.17606857142857144,0.17683428571428572,0.17609142857142857,0.17748571428571427,0.17741714285714286,0.17601142857142857,0.17797714285714286,0.17618285714285714,0.17601142857142857,0.17589714285714286,0.17601142857142857,0.18208,0.18208,0.17827428571428572,0.17827428571428572,0.1757257142857143,0.16722285714285715,0.18216,0.16862857142857143,0.16994285714285715,0.1750057142857143,0.17589714285714286,0.1560342857142857,0.17604571428571428,0.1796457142857143,0.17648,0.20208,0.1973257142857143,0.1909142857142857,0.14714285714285713,0.16824
Approval Chamberlin-Courant (CC),0.1759977142857143,0.24513142857142858,0.20041142857142857,0.029165714285714284,0.13214857142857142,0.0,0.0,0.0,0.0,0.029165714285714284,0.0,0.029165714285714284,0.24061714285714286,0.029165714285714284,0.0,0.20478857142857143,0.24421714285714285,0.16995428571428572,0.21737142857142858,0.1296342857142857,0.17352,0.1703542857142857,0.10491428571428571,0.18290285714285714,0.17597714285714286,0.17582857142857142,0.17592,0.2086742857142857,0.17622857142857143,0.17521142857142857,0.18125714285714287,0.17748571428571427,0.18282285714285715,0.17627428571428572,0.17606857142857144,0.17683428571428572,0.17609142857142857,0.17748571428571427,0.17741714285714286,0.17601142857142857,0.17797714285714286,0.17618285714285714,0.17601142857142857,0.17589714285714286,0.17601142857142857,0.18208,0.18208,0.17827428571428572,0.17827428571428572,0.1757257142857143,0.16722285714285715,0.18216,0.16862857142857143,0.16994285714285715,0.1750057142857143,0.17589714285714286,0.1560342857142857,0.17604571428571428,0.1796457142857143,0.17648,0.20208,0.1973257142857143,0.1909142857142857,0.14714285714285713,0.16824
Lexicographic Chamberlin-Courant (lex-CC),0.1759977142857143,0.24513142857142858,0.20041142857142857,0.029165714285714284,0.13214857142857142,0.0,0.0,0.0,0.0,0.029165714285714284,0.0,0.029165714285714284,0.24061714285714286,0.029165714285714284,0.0,0.20478857142857143,0.24421714285714285,0.16995428571428572,0.21737142857142858,0.1296342857142857,0.17352,0.1703542857142857,0.10491428571428571,0.18290285714285714,0.17597714285714286,0.17582857142857142,0.17592,0.2086742857142857,0.17622857142857143,0.17521142857142857,0.18125714285714287,0.17748571428571427,0.18282285714285715,0.17627428571428572,0.17606857142857144,0.17683428571428572,0.17609142857142857,0.17748571428571427,0.17741714285714286,0.17601142857142857,0.17797714285714286,0.17618285714285714,0.17601142857142857,0.17589714285714286,0.17601142857142857,0.18208,0.18208,0.17827428571428572,0.17827428571428572,0.1757257142857143,0.16722285714285715,0.18216,0.16862857142857143,0.16994285714285715,0.1750057142857143,0.17589714285714286,0.1560342857142857,0.17604571428571428,0.1796457142857143,0.17648,0.20208,0.1973257142857143,0.1909142857142857,0.14714285714285713,0.16824
Sequential Approval Chamberlin-Courant (seq-CC),0.17774342857142858,0.24506285714285714,0.2015542857142857,0.0,0.13452571428571428,0.029165714285714284,0.029165714285714284,0.029165714285714284,0.029165714285714284,0.0,0.029165714285714284,0.0,0.24929142857142858,0.0,0.029165714285714284,0.2045942857142857,0.23898285714285714,0.1694857142857143,0.2178057142857143,0.12965714285714286,0.1737942857142857,0.17109714285714286,0.10232,0.18328,0.17613714285714285,0.17610285714285714,0.17618285714285714,0.20248,0.17627428571428572,0.17554285714285714,0.18213714285714286,0.17737142857142857,0.18245714285714285,0.17652571428571429,0.17626285714285714,0.17662857142857144,0.17627428571428572,0.17737142857142857,0.1772,0.1762057142857143,0.17757714285714285,0.1763542857142857,0.17662857142857144,0.1762057142857143,0.17629714285714285,0.18149714285714286,0.18149714285714286,0.17909714285714284,0.17909714285714284,0.17601142857142857,0.16674285714285714,0.1830057142857143,0.16934857142857143,0.1702057142857143,0.17530285714285715,0.1762057142857143,0.15309714285714285,0.17634285714285713,0.1804342857142857,0.17672,0.2025142857142857,0.19413714285714287,0.19181714285714285,0.14797714285714286,0.16902857142857142
Monroe's Approval Rule (Monroe),0.1759977142857143,0.24513142857142858,0.20041142857142857,0.029165714285714284,0.13214857142857142,0.0,0.0,0.0,0.0,0.029165714285714284,0.0,0.029165714285714284,0.24061714285714286,0.029165714285714284,0.0,0.20478857142857143,0.24421714285714285,0.16995428571428572,0.21737142857142858,0.1296342857142857,0.17352,0.1703542857142857,0.10491428571428571,0.18290285714285714,0.17597714285714286,0.17582857142857142,0.17592,0.2086742857142857,0.17622857142857143,0.17521142857142857,0.18125714285714287,0.17748571428571427,0.18282285714285715,0.17627428571428572,0.17606857142857144,0.17683428571428572,0.17609142857142857,0.17748571428571427,0.17741714285714286,0.17601142857142857,0.17797714285714286,0.17618285714285714,0.17601142857142857,0.17589714285714286,0.17601142857142857,0.18208,0.18208,0.17827428571428572,0.17827428571428572,0.1757257142857143,0.16722285714285715,0.18216,0.16862857142857143,0.16994285714285715,0.1750057142857143,0.17589714285714286,0.1560342857142857,0.17604571428571428,0.1796457142857143,0.17648,0.20208,0.1973257142857143,0.1909142857142857,0.14714285714285713,0.16824
Greedy Monroe,0.17774342857142858,0.24506285714285714,0.2015542857142857,0.0,0.13452571428571428,0.029165714285714284,0.029165714285714284,0.029165714285714284,0.029165714285714284,0.0,0.029165714285714284,0.0,0.24929142857142858,0.0,0.029165714285714284,0.2045942857142857,0.23898285714285714,0.1694857142857143,0.2178057142857143,0.12965714285714286,0.1737942857142857,0.17109714285714286,0.10232,0.18328,0.17613714285714285,0.17610285714285714,0.17618285714285714,0.20248,0.17627428571428572,0.17554285714285714,0.18213714285714286,0.17737142857142857,0.18245714285714285,0.17652571428571429,0.17626285714285714,0.17662857142857144,0.17627428571428572,0.17737142857142857,0.1772,0.1762057142857143,0.17757714285714285,0.1763542857142857,0.17662857142857144,0.1762057142857143,0.17629714285714285,0.18149714285714286,0.18149714285714286,0.17909714285714284,0.17909714285714284,0.17601142857142857,0.16674285714285714,0.1830057142857143,0.16934857142857143,0.1702057142857143,0.17530285714285715,0.1762057142857143,0.15309714285714285,0.17634285714285713,0.1804342857142857,0.17672,0.2025142857142857,0.19413714285714287,0.19181714285714285,0.14797714285714286,0.16902857142857142
Minimax Approval Voting (MAV),0.23896857142857147,0.24346285714285715,0.2464457142857143,0.24929142857142858,0.2404,0.24061714285714286,0.24061714285714286,0.24061714285714286,0.24061714285714286,0.24929142857142858,0.24061714285714286,0.24929142857142858,0.0,0.24929142857142858,0.24061714285714286,0.24552,0.28384,0.2492,0.24806857142857142,0.24779428571428572,0.2484,0.24691428571428573,0.25072,0.24813714285714286,0.24937142857142858,0.24917714285714285,0.24864,0.27049142857142855,0.24954285714285715,0.24938285714285716,0.24605714285714286,0.25073142857142855,0.25073142857142855,0.24893714285714286,0.24957714285714286,0.25073142857142855,0.24957714285714286,0.25073142857142855,0.25073142857142855,0.24946285714285715,0.25073142857142855,0.24957714285714286,0.24689142857142857,0.2491657142857143,0.2492457142857143,0.25073142857142855,0.25073142857142855,0.24561142857142856,0.24561142857142856,0.24918857142857143,0.2473942857142857,0.24602285714285715,0.24712,0.2481142857142857,0.24936,0.2491657142857143,0.24617142857142857,0.24843428571428572,0.24602285714285715,0.24930285714285713,0.24761142857142857,0.2673371428571429,0.24653714285714284,0.24538285714285715,0.2459657142857143
Method of Equal Shares (aka Rule X) with Phragmén phase,0.17774342857142858,0.24506285714285714,0.2015542857142857,0.0,0.13452571428571428,0.029165714285714284,0.029165714285714284,0.029165714285714284,0.029165714285714284,0.0,0.029165714285714284,0.0,0.24929142857142858,0.0,0.029165714285714284,0.2045942857142857,0.23898285714285714,0.1694857142857143,0.2178057142857143,0.12965714285714286,0.1737942857142857,0.17109714285714286,0.10232,0.18328,0.17613714285714285,0.17610285714285714,0.17618285714285714,0.20248,0.17627428571428572,0.17554285714285714,0.18213714285714286,0.17737142857142857,0.18245714285714285,0.17652571428571429,0.17626285714285714,0.17662857142857144,0.17627428571428572,0.17737142857142857,0.1772,0.1762057142857143,0.17757714285714285,0.1763542857142857,0.17662857142857144,0.1762057142857143,0.17629714285714285,0.18149714285714286,0.18149714285714286,0.17909714285714284,0.17909714285714284,0.17601142857142857,0.16674285714285714,0.1830057142857143,0.16934857142857143,0.1702057142857143,0.17530285714285715,0.1762057142857143,0.15309714285714285,0.17634285714285713,0.1804342857142857,0.17672,0.2025142857142857,0.19413714285714287,0.19181714285714285,0.14797714285714286,0.16902857142857142
E Pluribus Hugo (EPH),0.1759977142857143,0.24513142857142858,0.20041142857142857,0.029165714285714284,0.13214857142857142,0.0,0.0,0.0,0.0,0.029165714285714284,0.0,0.029165714285714284,0.24061714285714286,0.029165714285714284,0.0,0.20478857142857143,0.24421714285714285,0.16995428571428572,0.21737142857142858,0.1296342857142857,0.17352,0.1703542857142857,0.10491428571428571,0.18290285714285714,0.17597714285714286,0.17582857142857142,0.17592,0.2086742857142857,0.17622857142857143,0.17521142857142857,0.18125714285714287,0.17748571428571427,0.18282285714285715,0.17627428571428572,0.17606857142857144,0.17683428571428572,0.17609142857142857,0.17748571428571427,0.17741714285714286,0.17601142857142857,0.17797714285714286,0.17618285714285714,0.17601142857142857,0.17589714285714286,0.17601142857142857,0.18208,0.18208,0.17827428571428572,0.17827428571428572,0.1757257142857143,0.16722285714285715,0.18216,0.16862857142857143,0.16994285714285715,0.1750057142857143,0.17589714285714286,0.1560342857142857,0.17604571428571428,0.1796457142857143,0.17648,0.20208,0.1973257142857143,0.1909142857142857,0.14714285714285713,0.16824
Random Serial Dictator,0.22229085714285715,0.24469714285714286,0.22906285714285715,0.2045942857142857,0.21248,0.20478857142857143,0.20478857142857143,0.20478857142857143,0.20478857142857143,0.2045942857142857,0.20478857142857143,0.2045942857142857,0.24552,0.2045942857142857,0.20478857142857143,0.0,0.24370285714285714,0.2222742857142857,0.23397714285714286,0.2118857142857143,0.2219657142857143,0.22097142857142857,0.20842285714285713,0.2246057142857143,0.22294857142857144,0.22277714285714287,0.22265142857142858,0.23134857142857143,0.22284571428571429,0.22242285714285714,0.22346285714285713,0.22289142857142857,0.22464,0.2226057142857143,0.22270857142857142,0.22272,0.22265142857142858,0.22289142857142857,0.22281142857142858,0.22272,0.22292571428571428,0.22269714285714284,0.2224,0.22282285714285716,0.22286857142857142,0.2241142857142857,0.2241142857142857,0.22294857142857144,0.22294857142857144,0.2228342857142857,0.22084571428571428,0.22372571428571428,0.22061714285714285,0.22084571428571428,0.22244571428571427,0.2228342857142857,0.2195542857142857,0.22273142857142858,0.22306285714285715,0.22297142857142857,0.22922285714285714,0.22811428571428571,0.22694857142857142,0.21528,0.22098285714285715
Anti-Plurality,0.2000017142857143,0.24570285714285714,0.1833942857142857,0.23898285714285714,0.21540571428571428,0.24421714285714285,0.24421714285714285,0.24421714285714285,0.24421714285714285,0.23898285714285714,0.24421714285714285,0.23898285714285714,0.28384,0.23898285714285714,0.24421714285714285,0.24370285714285714,0.0,0.2018742857142857,0.18538285714285715,0.20913142857142858,0.19064,0.19380571428571428,0.21670857142857142,0.18968,0.18873142857142858,0.1888342857142857,0.1893942857142857,0.1668457142857143,0.18853714285714285,0.18950857142857142,0.19110857142857143,0.18617142857142857,0.18892571428571428,0.18890285714285715,0.1878857142857143,0.18684571428571428,0.18790857142857142,0.18616,0.1853942857142857,0.18793142857142858,0.1848,0.18774857142857143,0.19228571428571428,0.18858285714285714,0.18844571428571427,0.1866857142857143,0.1866857142857143,0.19330285714285714,0.19330285714285714,0.18890285714285715,0.19373714285714286,0.19059428571428572,0.19449142857142857,0.19321142857142856,0.18978285714285714,0.18859428571428571,0.19872,0.18985142857142856,0.19221714285714286,0.188,0.18936,0.15565714285714286,0.1905257142857143,0.2038742857142857,0.19529142857142856
Two-Approval,0.11624571428571429,0.2437942857142857,0.13142857142857142,0.1694857142857143,0.13185142857142856,0.16995428571428572,0.16995428571428572,0.16995428571428572,0.16995428571428572,0.1694857142857143,0.16995428571428572,0.1694857142857143,0.2492,0.1694857142857143,0.16995428571428572,0.2222742857142857,0.2018742857142857,0.0,0.14568,0.13334857142857143,0.11384,0.11342857142857143,0.14146285714285714,0.11970285714285714,0.11433142857142857,0.11430857142857143,0.11420571428571429,0.17637714285714284,0.11437714285714286,0.11388571428571428,0.11699428571428572,0.11382857142857143,0.12220571428571429,0.11424,0.11411428571428571,0.11433142857142857,0.11408,0.11382857142857143,0.11405714285714286,0.11414857142857143,0.11457142857142857,0.11406857142857142,0.11414857142857143,0.11428571428571428,0.11425142857142857,0.12117714285714286,0.12117714285714286,0.11500571428571428,0.11500571428571428,0.11441142857142857,0.11334857142857142,0.11769142857142857,0.11349714285714285,0.11338285714285715,0.11387428571428572,0.11427428571428572,0.11476571428571429,0.11445714285714285,0.11634285714285714,0.11474285714285715,0.11348571428571429,0.11449142857142858,0.11908571428571428,0.11497142857142857,0.11282285714285714
Three-Approval,0.08616399999999999,0.24441142857142859,0.06176,0.2178057142857143,0.15658285714285713,0.21737142857142858,0.21737142857142858,0.21737142857142858,0.21737142857142858,0.2178057142857143,0.21737142857142858,0.2178057142857143,0.24806857142857142,0.2178057142857143,0.21737142857142858,0.23397714285714286,0.18538285714285715,0.14568,0.0,0.16048,0.08717714285714286,0.09081142857142857,0.17868571428571428,0.08460571428571428,0.08514285714285715,0.08486857142857143,0.08460571428571428,0.17086857142857143,0.08552,0.08734857142857143,0.07820571428571428,0.08486857142857143,0.09445714285714285,0.08413714285714285,0.08476571428571429,0.08584,0.08490285714285714,0.08488,0.08557714285714285,0.08494857142857143,0.08636571428571428,0.08496,0.08601142857142857,0.08464,0.08468571428571428,0.09362285714285715,0.09362285714285715,0.08093714285714286,0.08093714285714286,0.08512,0.09074285714285714,0.07758857142857142,0.09190857142857142,0.09134857142857143,0.08752,0.08462857142857143,0.09562285714285715,0.08406857142857142,0.07921142857142857,0.08413714285714285,0.03501714285714286,0.10770285714285714,0.060571428571428575,0.12764571428571428,0.09052571428571428
Instant Runoff,0.11529600000000002,0.24506285714285714,0.13688,0.12965714285714286,0.036262857142857145,0.1296342857142857,0.1296342857142857,0.1296342857142857,0.1296342857142857,0.12965714285714286,0.1296342857142857,0.12965714285714286,0.24779428571428572,0.12965714285714286,0.1296342857142857,0.2118857142857143,0.20913142857142858,0.13334857142857143,0.16048,0.0,0.10497142857142858,0.09586285714285714,0.07378285714285714,0.12032,0.10859428571428571,0.10873142857142858,0.10907428571428572,0.1736457142857143,0.10866285714285714,0.10493714285714285,0.11540571428571429,0.11008,0.11926857142857143,0.10982857142857143,0.10928,0.10897142857142857,0.10916571428571428,0.11006857142857143,0.10973714285714285,0.10905142857142858,0.11021714285714286,0.1092,0.11142857142857143,0.10923428571428571,0.10915428571428572,0.11824,0.11824,0.11397714285714286,0.11397714285714286,0.10900571428571429,0.10769142857142858,0.11657142857142858,0.09112,0.09469714285714285,0.10422857142857143,0.10923428571428571,0.10737142857142858,0.10985142857142857,0.11442285714285715,0.1096,0.14598857142857144,0.14750857142857143,0.13234285714285715,0.07790857142857142,0.10505142857142857
Bottom-Two-Runoff Instant Runoff,0.025508,0.24446857142857142,0.054342857142857144,0.1737942857142857,0.10729142857142857,0.17352,0.17352,0.17352,0.17352,0.1737942857142857,0.17352,0.1737942857142857,0.2484,0.1737942857142857,0.17352,0.2219657142857143,0.19064,0.11384,0.08717714285714286,0.10497142857142858,0.0,0.011211428571428572,0.12030857142857143,0.02617142857142857,0.00824,0.008114285714285715,0.008605714285714286,0.13368,0.008548571428571428,0.009211428571428572,0.01809142857142857,0.01145142857142857,0.02697142857142857,0.009725714285714285,0.008948571428571429,0.010068571428571428,0.008971428571428571,0.011462857142857143,0.01152,0.00872,0.013234285714285714,0.00912,0.017337142857142857,0.008857142857142857,0.008617142857142858,0.025805714285714286,0.025805714285714286,0.01648,0.01648,0.008445714285714286,0.014742857142857143,0.02006857142857143,0.013851428571428572,0.012845714285714285,0.009577142857142857,0.008845714285714285,0.02069714285714286,0.009554285714285715,0.016674285714285714,0.00904,0.07217142857142857,0.10222857142857143,0.05598857142857143,0.05837714285714286,0.015062857142857143
Benham,0.02201657142857143,0.24450285714285713,0.05817142857142857,0.17109714285714286,0.10084571428571429,0.1703542857142857,0.1703542857142857,0.1703542857142857,0.1703542857142857,0.17109714285714286,0.1703542857142857,0.17109714285714286,0.24691428571428573,0.17109714285714286,0.1703542857142857,0.22097142857142857,0.19380571428571428,0.11342857142857143,0.09081142857142857,0.09586285714285714,0.011211428571428572,0.0,0.11596571428571428,0.03173714285714286,0.015325714285714286,0.015325714285714286,0.015657142857142856,0.13697142857142858,0.015428571428571429,0.011931428571428572,0.022537142857142856,0.01728,0.028365714285714286,0.01649142857142857,0.016091428571428572,0.016297142857142857,0.016011428571428572,0.01726857142857143,0.017211428571428572,0.015817142857142856,0.018,0.016125714285714285,0.01832,0.015965714285714284,0.015862857142857144,0.02733714285714286,0.02733714285714286,0.020754285714285715,0.020754285714285715,0.015657142857142856,0.016765714285714287,0.023897142857142856,0.004742857142857143,0.0067428571428571425,0.012274285714285715,0.015965714285714284,0.018,0.016297142857142857,0.021188571428571428,0.016354285714285714,0.07547428571428572,0.10614857142857143,0.05898285714285714,0.05270857142857143,0.009988571428571428
PluralityWRunoff PUT,0.1295474285714286,0.24561142857142856,0.15546285714285715,0.10232,0.08630857142857143,0.10491428571428571,0.10491428571428571,0.10491428571428571,0.10491428571428571,0.10232,0.10491428571428571,0.10232,0.25072,0.10232,0.10491428571428571,0.20842285714285713,0.21670857142857142,0.14146285714285714,0.17868571428571428,0.07378285714285714,0.12030857142857143,0.11596571428571428,0.0,0.13353142857142858,0.12249142857142857,0.12273142857142857,0.12315428571428572,0.17506285714285713,0.12243428571428572,0.12155428571428571,0.13069714285714285,0.12401142857142858,0.1330742857142857,0.12409142857142857,0.12321142857142857,0.12296,0.12314285714285714,0.12401142857142858,0.12349714285714286,0.12302857142857143,0.12420571428571428,0.12324571428571429,0.12515428571428572,0.12307428571428572,0.12299428571428571,0.13192,0.13192,0.12833142857142857,0.12833142857142857,0.12289142857142857,0.12114285714285715,0.13192,0.11547428571428571,0.11546285714285714,0.12158857142857143,0.12307428571428572,0.11836571428571428,0.12398857142857143,0.12938285714285713,0.12353142857142857,0.16316571428571428,0.1593257142857143,0.14977142857142858,0.08952,0.11705142857142857
Coombs,0.03589028571428571,0.24428571428571427,0.054354285714285716,0.18328,0.11881142857142857,0.18290285714285714,0.18290285714285714,0.18290285714285714,0.18290285714285714,0.18328,0.18290285714285714,0.18328,0.24813714285714286,0.18328,0.18290285714285714,0.2246057142857143,0.18968,0.11970285714285714,0.08460571428571428,0.12032,0.02617142857142857,0.03173714285714286,0.13353142857142858,0.0,0.02174857142857143,0.02142857142857143,0.021108571428571428,0.13872,0.02216,0.026422857142857144,0.02696,0.023142857142857142,0.03833142857142857,0.021211428571428572,0.02168,0.02333714285714286,0.02176,0.023142857142857142,0.023657142857142856,0.021611428571428573,0.024914285714285715,0.021954285714285714,0.029417142857142857,0.021131428571428572,0.021154285714285716,0.03722285714285714,0.03722285714285714,0.026068571428571427,0.026068571428571427,0.021862857142857142,0.03195428571428571,0.028034285714285713,0.03321142857142857,0.03241142857142857,0.026651428571428572,0.02112,0.03675428571428571,0.020742857142857143,0.02617142857142857,0.02134857142857143,0.07125714285714285,0.1036,0.057108571428571425,0.07387428571428571,0.03125714285714286
Baldwin,0.02674114285714286,0.24445714285714285,0.05278857142857143,0.17613714285714285,0.11044571428571429,0.17597714285714286,0.17597714285714286,0.17597714285714286,0.17597714285714286,0.17613714285714285,0.17597714285714286,0.17613714285714285,0.24937142857142858,0.17613714285714285,0.17597714285714286,0.22294857142857144,0.18873142857142858,0.11433142857142857,0.08514285714285715,0.10859428571428571,0.00824,0.015325714285714286,0.12249142857142857,0.02174857142857143,0.0,0.001142857142857143,0.0035542857142857143,0.13168,0.0011085714285714286,0.00792,0.015782857142857144,0.0074514285714285715,0.026205714285714287,0.006068571428571428,0.0037485714285714284,0.005908571428571429,0.0037942857142857144,0.007462857142857143,0.007862857142857144,0.0032342857142857143,0.010365714285714285,0.003931428571428572,0.0156,0.0024342857142857144,0.0020914285714285713,0.0248,0.0248,0.013897142857142858,0.013897142857142858,0.0019428571428571429,0.015931428571428572,0.018514285714285716,0.017474285714285713,0.01608,0.00838857142857143,0.002422857142857143,0.02304,0.005565714285714286,0.014354285714285714,0.002982857142857143,0.07009142857142857,0.09937142857142857,0.054445714285714285,0.06074285714285714,0.01646857142857143
Strict Nanson,0.026104571428571425,0.24450285714285713,0.05237714285714286,0.17610285714285714,0.11012571428571429,0.17582857142857142,0.17582857142857142,0.17582857142857142,0.17582857142857142,0.17610285714285714,0.17582857142857142,0.17610285714285714,0.24917714285714285,0.17610285714285714,0.17582857142857142,0.22277714285714287,0.1888342857142857,0.11430857142857143,0.08486857142857143,0.10873142857142858,0.008114285714285715,0.015325714285714286,0.12273142857142857,0.02142857142857143,0.001142857142857143,0.0,0.00248,0.1320457142857143,0.002034285714285714,0.008331428571428571,0.015177142857142858,0.00728,0.026525714285714284,0.005291428571428571,0.0030057142857142856,0.006537142857142857,0.0030971428571428573,0.007291428571428571,0.008274285714285715,0.002514285714285714,0.010765714285714286,0.003245714285714286,0.015737142857142856,0.0016571428571428572,0.0013714285714285714,0.025142857142857144,0.025142857142857144,0.013085714285714286,0.013085714285714286,0.0015085714285714286,0.015942857142857144,0.018102857142857143,0.017611428571428573,0.016297142857142857,0.008857142857142857,0.0016457142857142857,0.023005714285714286,0.004605714285714286,0.013634285714285715,0.002422857142857143,0.06969142857142857,0.09939428571428571,0.05390857142857143,0.06044571428571428,0.016045714285714285
Weak Nanson,0.02482971428571429,0.24441142857142859,0.05217142857142857,0.17618285714285714,0.10976,0.17592,0.17592,0.17592,0.17592,0.17618285714285714,0.17592,0.17618285714285714,0.24864,0.17618285714285714,0.17592,0.22265142857142858,0.1893942857142857,0.11420571428571429,0.08460571428571428,0.10907428571428572,0.008605714285714286,0.015657142857142856,0.12315428571428572,0.021108571428571428,0.0035542857142857143,0.00248,0.0,0.13256,0.00424,0.0092,0.014937142857142857,0.008525714285714286,0.02682285714285714,0.0041371428571428575,0.004285714285714286,0.007737142857142857,0.004331428571428571,0.008537142857142858,0.00944,0.0038971428571428573,0.011371428571428572,0.0044685714285714285,0.015622857142857143,0.002982857142857143,0.0028,0.025531428571428573,0.025531428571428573,0.011897142857142858,0.011897142857142858,0.0037257142857142858,0.016354285714285714,0.017897142857142858,0.017954285714285714,0.01672,0.009645714285714285,0.0029714285714285715,0.023085714285714286,0.002777142857142857,0.012537142857142858,0.0038057142857142855,0.06938285714285715,0.09966857142857143,0.053497142857142854,0.06034285714285714,0.015497142857142857
Iterated Removal Condorcet Loser,0.14768400000000004,0.2445942857142857,0.15657142857142858,0.20248,0.18264,0.2086742857142857,0.2086742857142857,0.2086742857142857,0.2086742857142857,0.20248,0.2086742857142857,0.20248,0.27049142857142855,0.20248,0.2086742857142857,0.23134857142857143,0.1668457142857143,0.17637714285714284,0.17086857142857143,0.1736457142857143,0.13368,0.13697142857142858,0.17506285714285713,0.13872,0.13168,0.1320457142857143,0.13256,0.0,0.13130285714285714,0.13198857142857143,0.13888,0.12797714285714284,0.12854857142857143,0.13205714285714285,0.13064,0.12825142857142857,0.13038857142857144,0.12797714285714284,0.12605714285714287,0.13074285714285713,0.12259428571428571,0.12987428571428572,0.1362057142857143,0.13188571428571427,0.13168,0.12773714285714285,0.12773714285714285,0.13952,0.13952,0.13216,0.13444571428571428,0.13929142857142857,0.13734857142857143,0.1356457142857143,0.13184,0.13187428571428572,0.14106285714285716,0.13336,0.13910857142857141,0.13161142857142857,0.16316571428571428,0.1550857142857143,0.15729142857142858,0.15653714285714285,0.13909714285714286
Raynaud,0.027454285714285716,0.24448,0.053245714285714285,0.17627428571428572,0.11094857142857142,0.17622857142857143,0.17622857142857143,0.17622857142857143,0.17622857142857143,0.17627428571428572,0.17622857142857143,0.17627428571428572,0.24954285714285715,0.17627428571428572,0.17622857142857143,0.22284571428571429,0.18853714285714285,0.11437714285714286,0.08552,0.10866285714285714,0.008548571428571428,0.015428571428571429,0.12243428571428572,0.02216,0.0011085714285714286,0.002034285714285714,0.00424,0.13130285714285714,0.0,0.007725714285714285,0.01634285714285714,0.007588571428571429,0.02590857142857143,0.0067657142857142855,0.004365714285714286,0.005177142857142857,0.0044457142857142855,0.0076,0.007302857142857143,0.0038857142857142857,0.009885714285714286,0.004605714285714286,0.015577142857142857,0.003405714285714286,0.0030971428571428573,0.024434285714285714,0.024434285714285714,0.014925714285714285,0.014925714285714285,0.002354285714285714,0.01608,0.018971428571428573,0.01754285714285714,0.015965714285714284,0.008137142857142857,0.003405714285714286,0.023177142857142858,0.006537142857142857,0.015142857142857144,0.0036342857142857145,0.07045714285714286,0.09933714285714286,0.054971428571428574,0.06109714285714286,0.01688
Tideman Alternative Top Cycle,0.028998857142857142,0.24446857142857142,0.054662857142857145,0.17554285714285714,0.10868571428571429,0.17521142857142857,0.17521142857142857,0.17521142857142857,0.17521142857142857,0.17554285714285714,0.17521142857142857,0.17554285714285714,0.24938285714285716,0.17554285714285714,0.17521142857142857,0.22242285714285714,0.18950857142857142,0.11388571428571428,0.08734857142857143,0.10493714285714285,0.009211428571428572,0.011931428571428572,0.12155428571428571,0.026422857142857144,0.00792,0.008331428571428571,0.0092,0.13198857142857143,0.007725714285714285,0.0,0.019085714285714286,0.009805714285714286,0.026411428571428572,0.010102857142857143,0.008948571428571429,0.008285714285714285,0.00888,0.009805714285714286,0.009485714285714287,0.008674285714285714,0.010468571428571428,0.008971428571428571,0.018068571428571427,0.008857142857142857,0.008822857142857143,0.025005714285714287,0.025005714285714287,0.018925714285714285,0.018925714285714285,0.008354285714285715,0.014285714285714285,0.02038857142857143,0.013817142857142858,0.012822857142857143,0.001062857142857143,0.008857142857142857,0.022445714285714284,0.010137142857142857,0.018605714285714284,0.008605714285714286,0.07249142857142857,0.10078857142857142,0.05657142857142857,0.06068571428571429,0.017131428571428572
Knockout Voting,0.017322285714285714,0.2444457142857143,0.03789714285714286,0.18213714285714286,0.11042285714285714,0.18125714285714287,0.18125714285714287,0.18125714285714287,0.18125714285714287,0.18213714285714286,0.18125714285714287,0.18213714285714286,0.24605714285714286,0.18213714285714286,0.18125714285714287,0.22346285714285713,0.19110857142857143,0.11699428571428572,0.07820571428571428,0.11540571428571429,0.01809142857142857,0.022537142857142856,0.13069714285714285,0.02696,0.015782857142857144,0.015177142857142858,0.014937142857142857,0.13888,0.01634285714285714,0.019085714285714286,0.0,0.01841142857142857,0.02934857142857143,0.014582857142857142,0.015428571428571429,0.01825142857142857,0.015611428571428571,0.01841142857142857,0.019154285714285714,0.015097142857142858,0.020617142857142858,0.015725714285714287,0.017485714285714285,0.01502857142857143,0.015062857142857143,0.02869714285714286,0.02869714285714286,0.010605714285714286,0.010605714285714286,0.015394285714285715,0.022914285714285713,0.003622857142857143,0.024285714285714285,0.023588571428571427,0.019565714285714287,0.01502857142857143,0.02904,0.014034285714285714,0.004617142857142857,0.013782857142857144,0.06565714285714286,0.10422857142857143,0.047702857142857144,0.06730285714285714,0.02304
Banks,0.030947428571428567,0.2445142857142857,0.05328,0.17737142857142857,0.11206857142857143,0.17748571428571427,0.17748571428571427,0.17748571428571427,0.17748571428571427,0.17737142857142857,0.17748571428571427,0.17737142857142857,0.25073142857142855,0.17737142857142857,0.17748571428571427,0.22289142857142857,0.18617142857142857,0.11382857142857143,0.08486857142857143,0.11008,0.01145142857142857,0.01728,0.12401142857142858,0.023142857142857142,0.0074514285714285715,0.00728,0.008525714285714286,0.12797714285714284,0.007588571428571429,0.009805714285714286,0.01841142857142857,0.0,0.02410285714285714,0.007851428571428572,0.005405714285714285,0.0054971428571428576,0.004925714285714286,1.1428571428571429e-05,0.002582857142857143,0.005417142857142857,0.00608,0.005337142857142857,0.01598857142857143,0.007051428571428571,0.0067428571428571425,0.022365714285714287,0.022365714285714287,0.018914285714285713,0.018914285714285713,0.007188571428571429,0.017211428571428572,0.019005714285714286,0.01896,0.017177142857142856,0.010045714285714286,0.00704,0.024274285714285714,0.0096,0.018297142857142856,0.00728,0.07011428571428571,0.09688,0.05536,0.06284571428571428,0.017737142857142858
Condorcet,0.033594285714285715,0.24434285714285714,0.06388571428571428,0.18245714285714285,0.11790857142857143,0.18282285714285715,0.18282285714285715,0.18282285714285715,0.18282285714285715,0.18245714285714285,0.18282285714285715,0.18245714285714285,0.25073142857142855,0.18245714285714285,0.18282285714285715,0.22464,0.18892571428571428,0.12220571428571429,0.09445714285714285,0.11926857142857143,0.02697142857142857,0.028365714285714286,0.1330742857142857,0.03833142857142857,0.026205714285714287,0.026525714285714284,0.02682285714285714,0.12854857142857143,0.02590857142857143,0.026411428571428572,0.02934857142857143,0.02410285714285714,0.0,0.026617142857142857,0.025725714285714286,0.02416,0.025577142857142857,0.02410285714285714,0.022857142857142857,0.025737142857142858,0.02041142857142857,0.025188571428571428,0.027714285714285716,0.026457142857142856,0.02633142857142857,0.005325714285714286,0.005325714285714286,0.029988571428571427,0.029988571428571427,0.02662857142857143,0.02825142857142857,0.02961142857142857,0.02814857142857143,0.027302857142857143,0.026297142857142856,0.026468571428571428,0.02936,0.02733714285714286,0.029645714285714286,0.026285714285714287,0.08017142857142857,0.10976,0.06558857142857143,0.07264,0.029885714285714286
