,NN,Random Choice,Borda ranking,Plurality ranking,STV,Approval Voting (AV),Proportional Approval Voting (PAV),Approval Chamberlin-Courant (CC),Lexicographic Chamberlin-Courant (lex-CC),Sequential Approval Chamberlin-Courant (seq-CC),Monroe's Approval Rule (Monroe),Greedy Monroe,Minimax Approval Voting (MAV),Method of Equal Shares (aka Rule X) with Phragmén phase,E Pluribus Hugo (EPH),Random Serial Dictator,Anti-Plurality,Two-Approval,Three-Approval,Instant Runoff,Bottom-Two-Runoff Instant Runoff,Benham,PluralityWRunoff PUT,Coombs,Baldwin,Strict Nanson,Weak Nanson,Iterated Removal Condorcet Loser,Raynaud,Tideman Alternative Top Cycle,Knockout Voting,Banks,Condorcet,Copeland,Llull,Uncovered Set,Uncovered Set - Fishburn,Uncovered Set - Bordes,Uncovered Set - McKelvey,Slater,Top Cycle,GOCHA,Bipartisan Set,Minimax,Split Cycle,Ranked Pairs ZT,Ranked Pairs TB,Simple Stable Voting,Stable Voting,Loss-Trimmer Voting,Daunou,Blacks,Condorcet IRV,Condorcet IRV PUT,Smith IRV,Smith-Minimax,Condorcet Plurality,Copeland-Local-Borda,Copeland-Global-Borda,Borda-Minimax Faceoff,Bucklin,Simplified Bucklin,Weighted Bucklin,Bracket Voting,Superior Voting
Random Choice,0.2791733333333334,0.0,0.27869333333333335,0.27917333333333333,0.27958666666666665,0.27882666666666667,0.27882666666666667,0.27882666666666667,0.27882666666666667,0.27917333333333333,0.27882666666666667,0.27917333333333333,0.27738666666666667,0.27917333333333333,0.27882666666666667,0.2767866666666667,0.27784,0.27798666666666666,0.27832,0.27902666666666665,0.2786266666666667,0.27854666666666666,0.27845333333333333,0.27864,0.27864,0.27864,0.27864,0.27826666666666666,0.27864,0.27864,0.27869333333333335,0.27864,0.2788,0.27864,0.27864,0.27864,0.27864,0.27864,0.27864,0.27864,0.27864,0.27864,0.27874666666666664,0.27864,0.27864,0.27873333333333333,0.27873333333333333,0.27910666666666667,0.27910666666666667,0.27864,0.2787866666666667,0.27869333333333335,0.27854666666666666,0.27854666666666666,0.27864,0.27864,0.27886666666666665,0.27864,0.27869333333333335,0.27864,0.278,0.27810666666666667,0.27816,0.27897333333333335,0.27892
Borda ranking,0.045919999999999996,0.27869333333333335,0.0,0.07108,0.06072,0.07342666666666667,0.07342666666666667,0.07342666666666667,0.07342666666666667,0.07108,0.07342666666666667,0.07108,0.28126666666666666,0.07108,0.07342666666666667,0.21621333333333334,0.24656,0.06404,0.09952,0.05998666666666667,0.042666666666666665,0.04184,0.04765333333333333,0.04262666666666667,0.04262666666666667,0.04262666666666667,0.04262666666666667,0.08808,0.04262666666666667,0.04262666666666667,0.02604,0.04262666666666667,0.056133333333333334,0.04262666666666667,0.04262666666666667,0.04262666666666667,0.04262666666666667,0.04262666666666667,0.04262666666666667,0.04262666666666667,0.04262666666666667,0.04262666666666667,0.044853333333333335,0.04262666666666667,0.04262666666666667,0.054093333333333334,0.054093333333333334,0.03784,0.03784,0.04262666666666667,0.04205333333333333,0.02604,0.04184,0.04176,0.04262666666666667,0.04262666666666667,0.04088,0.04262666666666667,0.02604,0.04262666666666667,0.06384,0.14576,0.045573333333333334,0.04118666666666667,0.040613333333333335
Plurality ranking,0.07518666666666671,0.27917333333333333,0.07108,0.0,0.06297333333333334,0.026,0.026,0.026,0.026,0.0,0.026,0.0,0.28328,0.0,0.026,0.21458666666666668,0.24306666666666665,0.11757333333333334,0.14878666666666668,0.05725333333333334,0.07141333333333333,0.06817333333333334,0.06445333333333333,0.07142666666666667,0.07142666666666667,0.07142666666666667,0.07142666666666667,0.11142666666666666,0.07142666666666667,0.07142666666666667,0.06968,0.07142666666666667,0.08468,0.07142666666666667,0.07142666666666667,0.07142666666666667,0.07142666666666667,0.07142666666666667,0.07142666666666667,0.07142666666666667,0.07142666666666667,0.07142666666666667,0.07329333333333334,0.07142666666666667,0.07142666666666667,0.0828,0.0828,0.08017333333333333,0.08017333333333333,0.07142666666666667,0.06749333333333334,0.06968,0.06817333333333334,0.06814666666666666,0.07142666666666667,0.07142666666666667,0.05484,0.07142666666666667,0.06968,0.07142666666666667,0.11744,0.14956,0.09417333333333333,0.05756,0.055306666666666664
STV,0.02619999999999999,0.27958666666666665,0.06072,0.06297333333333334,0.0,0.05876,0.05876,0.05876,0.05876,0.06297333333333334,0.05876,0.06297333333333334,0.27381333333333335,0.06297333333333334,0.05876,0.21605333333333332,0.25856,0.10293333333333334,0.13216,0.03506666666666667,0.0558,0.05246666666666667,0.0474,0.05592,0.05592,0.05592,0.05592,0.10233333333333333,0.05592,0.05592,0.04173333333333333,0.05592,0.058346666666666665,0.05592,0.05592,0.05592,0.05592,0.05592,0.05592,0.05592,0.05592,0.05592,0.04102666666666667,0.05592,0.05592,0.057973333333333335,0.057973333333333335,0.0442,0.0442,0.05592,0.0522,0.04173333333333333,0.05246666666666667,0.05246666666666667,0.05592,0.05592,0.04002666666666667,0.05592,0.04173333333333333,0.05592,0.10288,0.17378666666666667,0.08333333333333333,0.037333333333333336,0.039613333333333334
Approval Voting (AV),0.07149333333333338,0.27882666666666667,0.07342666666666667,0.026,0.05876,0.0,0.0,0.0,0.0,0.026,0.0,0.026,0.27464,0.026,0.0,0.21516,0.2564,0.12064,0.15264,0.06192,0.07561333333333334,0.07234666666666667,0.06908,0.07568,0.07568,0.07568,0.07568,0.11674666666666667,0.07568,0.07568,0.07090666666666667,0.07568,0.08644,0.07568,0.07568,0.07568,0.07568,0.07568,0.07568,0.07568,0.07568,0.07568,0.07366666666666667,0.07568,0.07568,0.08488,0.08488,0.08113333333333334,0.08113333333333334,0.07568,0.07177333333333333,0.07090666666666667,0.07234666666666667,0.07237333333333333,0.07568,0.07568,0.05929333333333334,0.07568,0.07090666666666667,0.07568,0.12053333333333334,0.17166666666666666,0.09689333333333333,0.057293333333333335,0.059533333333333334
Proportional Approval Voting (PAV),0.07149333333333338,0.27882666666666667,0.07342666666666667,0.026,0.05876,0.0,0.0,0.0,0.0,0.026,0.0,0.026,0.27464,0.026,0.0,0.21516,0.2564,0.12064,0.15264,0.06192,0.07561333333333334,0.07234666666666667,0.06908,0.07568,0.07568,0.07568,0.07568,0.11674666666666667,0.07568,0.07568,0.07090666666666667,0.07568,0.08644,0.07568,0.07568,0.07568,0.07568,0.07568,0.07568,0.07568,0.07568,0.07568,0.07366666666666667,0.07568,0.07568,0.08488,0.08488,0.08113333333333334,0.08113333333333334,0.07568,0.07177333333333333,0.07090666666666667,0.07234666666666667,0.07237333333333333,0.07568,0.07568,0.05929333333333334,0.07568,0.07090666666666667,0.07568,0.12053333333333334,0.17166666666666666,0.09689333333333333,0.057293333333333335,0.059533333333333334
Approval Chamberlin-Courant (CC),0.07149333333333338,0.27882666666666667,0.07342666666666667,0.026,0.05876,0.0,0.0,0.0,0.0,0.026,0.0,0.026,0.27464,0.026,0.0,0.21516,0.2564,0.12064,0.15264,0.06192,0.07561333333333334,0.07234666666666667,0.06908,0.07568,0.07568,0.07568,0.07568,0.11674666666666667,0.07568,0.07568,0.07090666666666667,0.07568,0.08644,0.07568,0.07568,0.07568,0.07568,0.07568,0.07568,0.07568,0.07568,0.07568,0.07366666666666667,0.07568,0.07568,0.08488,0.08488,0.08113333333333334,0.08113333333333334,0.07568,0.07177333333333333,0.07090666666666667,0.07234666666666667,0.07237333333333333,0.07568,0.07568,0.05929333333333334,0.07568,0.07090666666666667,0.07568,0.12053333333333334,0.17166666666666666,0.09689333333333333,0.057293333333333335,0.059533333333333334
Lexicographic Chamberlin-Courant (lex-CC),0.07149333333333338,0.27882666666666667,0.07342666666666667,0.026,0.05876,0.0,0.0,0.0,0.0,0.026,0.0,0.026,0.27464,0.026,0.0,0.21516,0.2564,0.12064,0.15264,0.06192,0.07561333333333334,0.07234666666666667,0.06908,0.07568,0.07568,0.07568,0.07568,0.11674666666666667,0.07568,0.07568,0.07090666666666667,0.07568,0.08644,0.07568,0.07568,0.07568,0.07568,0.07568,0.07568,0.07568,0.07568,0.07568,0.07366666666666667,0.07568,0.07568,0.08488,0.08488,0.08113333333333334,0.08113333333333334,0.07568,0.07177333333333333,0.07090666666666667,0.07234666666666667,0.07237333333333333,0.07568,0.07568,0.05929333333333334,0.07568,0.07090666666666667,0.07568,0.12053333333333334,0.17166666666666666,0.09689333333333333,0.057293333333333335,0.059533333333333334
Sequential Approval Chamberlin-Courant (seq-CC),0.07518666666666671,0.27917333333333333,0.07108,0.0,0.06297333333333334,0.026,0.026,0.026,0.026,0.0,0.026,0.0,0.28328,0.0,0.026,0.21458666666666668,0.24306666666666665,0.11757333333333334,0.14878666666666668,0.05725333333333334,0.07141333333333333,0.06817333333333334,0.06445333333333333,0.07142666666666667,0.07142666666666667,0.07142666666666667,0.07142666666666667,0.11142666666666666,0.07142666666666667,0.07142666666666667,0.06968,0.07142666666666667,0.08468,0.07142666666666667,0.07142666666666667,0.07142666666666667,0.07142666666666667,0.07142666666666667,0.07142666666666667,0.07142666666666667,0.07142666666666667,0.07142666666666667,0.07329333333333334,0.07142666666666667,0.07142666666666667,0.0828,0.0828,0.08017333333333333,0.08017333333333333,0.07142666666666667,0.06749333333333334,0.06968,0.06817333333333334,0.06814666666666666,0.07142666666666667,0.07142666666666667,0.05484,0.07142666666666667,0.06968,0.07142666666666667,0.11744,0.14956,0.09417333333333333,0.05756,0.055306666666666664
Monroe's Approval Rule (Monroe),0.07149333333333338,0.27882666666666667,0.07342666666666667,0.026,0.05876,0.0,0.0,0.0,0.0,0.026,0.0,0.026,0.27464,0.026,0.0,0.21516,0.2564,0.12064,0.15264,0.06192,0.07561333333333334,0.07234666666666667,0.06908,0.07568,0.07568,0.07568,0.07568,0.11674666666666667,0.07568,0.07568,0.07090666666666667,0.07568,0.08644,0.07568,0.07568,0.07568,0.07568,0.07568,0.07568,0.07568,0.07568,0.07568,0.07366666666666667,0.07568,0.07568,0.08488,0.08488,0.08113333333333334,0.08113333333333334,0.07568,0.07177333333333333,0.07090666666666667,0.07234666666666667,0.07237333333333333,0.07568,0.07568,0.05929333333333334,0.07568,0.07090666666666667,0.07568,0.12053333333333334,0.17166666666666666,0.09689333333333333,0.057293333333333335,0.059533333333333334
Greedy Monroe,0.07518666666666671,0.27917333333333333,0.07108,0.0,0.06297333333333334,0.026,0.026,0.026,0.026,0.0,0.026,0.0,0.28328,0.0,0.026,0.21458666666666668,0.24306666666666665,0.11757333333333334,0.14878666666666668,0.05725333333333334,0.07141333333333333,0.06817333333333334,0.06445333333333333,0.07142666666666667,0.07142666666666667,0.07142666666666667,0.07142666666666667,0.11142666666666666,0.07142666666666667,0.07142666666666667,0.06968,0.07142666666666667,0.08468,0.07142666666666667,0.07142666666666667,0.07142666666666667,0.07142666666666667,0.07142666666666667,0.07142666666666667,0.07142666666666667,0.07142666666666667,0.07142666666666667,0.07329333333333334,0.07142666666666667,0.07142666666666667,0.0828,0.0828,0.08017333333333333,0.08017333333333333,0.07142666666666667,0.06749333333333334,0.06968,0.06817333333333334,0.06814666666666666,0.07142666666666667,0.07142666666666667,0.05484,0.07142666666666667,0.06968,0.07142666666666667,0.11744,0.14956,0.09417333333333333,0.05756,0.055306666666666664
Minimax Approval Voting (MAV),0.27376000000000006,0.27738666666666667,0.28126666666666666,0.28328,0.27381333333333335,0.27464,0.27464,0.27464,0.27464,0.28328,0.27464,0.28328,0.0,0.28328,0.27464,0.2783733333333333,0.3333333333333333,0.2833333333333333,0.2849333333333333,0.2843333333333333,0.28552,0.28442666666666666,0.28570666666666666,0.28561333333333333,0.28561333333333333,0.28561333333333333,0.28561333333333333,0.29577333333333333,0.28561333333333333,0.28561333333333333,0.28018666666666664,0.28561333333333333,0.28561333333333333,0.28561333333333333,0.28561333333333333,0.28561333333333333,0.28561333333333333,0.28561333333333333,0.28561333333333333,0.28561333333333333,0.28561333333333333,0.28561333333333333,0.27982666666666667,0.28561333333333333,0.28561333333333333,0.28561333333333333,0.28561333333333333,0.28004,0.28004,0.28561333333333333,0.28436,0.28018666666666664,0.28442666666666666,0.28448,0.28561333333333333,0.28561333333333333,0.28,0.28561333333333333,0.28018666666666664,0.28561333333333333,0.28329333333333334,0.32850666666666667,0.28045333333333333,0.27936,0.28002666666666665
Method of Equal Shares (aka Rule X) with Phragmén phase,0.07518666666666671,0.27917333333333333,0.07108,0.0,0.06297333333333334,0.026,0.026,0.026,0.026,0.0,0.026,0.0,0.28328,0.0,0.026,0.21458666666666668,0.24306666666666665,0.11757333333333334,0.14878666666666668,0.05725333333333334,0.07141333333333333,0.06817333333333334,0.06445333333333333,0.07142666666666667,0.07142666666666667,0.07142666666666667,0.07142666666666667,0.11142666666666666,0.07142666666666667,0.07142666666666667,0.06968,0.07142666666666667,0.08468,0.07142666666666667,0.07142666666666667,0.07142666666666667,0.07142666666666667,0.07142666666666667,0.07142666666666667,0.07142666666666667,0.07142666666666667,0.07142666666666667,0.07329333333333334,0.07142666666666667,0.07142666666666667,0.0828,0.0828,0.08017333333333333,0.08017333333333333,0.07142666666666667,0.06749333333333334,0.06968,0.06817333333333334,0.06814666666666666,0.07142666666666667,0.07142666666666667,0.05484,0.07142666666666667,0.06968,0.07142666666666667,0.11744,0.14956,0.09417333333333333,0.05756,0.055306666666666664
E Pluribus Hugo (EPH),0.07149333333333338,0.27882666666666667,0.07342666666666667,0.026,0.05876,0.0,0.0,0.0,0.0,0.026,0.0,0.026,0.27464,0.026,0.0,0.21516,0.2564,0.12064,0.15264,0.06192,0.07561333333333334,0.07234666666666667,0.06908,0.07568,0.07568,0.07568,0.07568,0.11674666666666667,0.07568,0.07568,0.07090666666666667,0.07568,0.08644,0.07568,0.07568,0.07568,0.07568,0.07568,0.07568,0.07568,0.07568,0.07568,0.07366666666666667,0.07568,0.07568,0.08488,0.08488,0.08113333333333334,0.08113333333333334,0.07568,0.07177333333333333,0.07090666666666667,0.07234666666666667,0.07237333333333333,0.07568,0.07568,0.05929333333333334,0.07568,0.07090666666666667,0.07568,0.12053333333333334,0.17166666666666666,0.09689333333333333,0.057293333333333335,0.059533333333333334
Random Serial Dictator,0.21674666666666673,0.2767866666666667,0.21621333333333334,0.21458666666666668,0.21605333333333332,0.21516,0.21516,0.21516,0.21516,0.21458666666666668,0.21516,0.21458666666666668,0.2783733333333333,0.21458666666666668,0.21516,0.0,0.25597333333333333,0.22128,0.226,0.21601333333333333,0.21676,0.21642666666666666,0.21589333333333333,0.2168,0.2168,0.2168,0.2168,0.22773333333333334,0.2168,0.2168,0.21666666666666667,0.2168,0.22233333333333333,0.2168,0.2168,0.2168,0.2168,0.2168,0.2168,0.2168,0.2168,0.2168,0.21681333333333333,0.2168,0.2168,0.22104,0.22104,0.21652,0.21652,0.2168,0.21677333333333335,0.21666666666666667,0.21642666666666666,0.21644,0.2168,0.2168,0.21642666666666666,0.2168,0.21666666666666667,0.2168,0.22133333333333333,0.22802666666666666,0.21957333333333334,0.21633333333333332,0.21642666666666666
Anti-Plurality,0.25897333333333333,0.27784,0.24656,0.24306666666666665,0.25856,0.2564,0.2564,0.2564,0.2564,0.24306666666666665,0.2564,0.24306666666666665,0.3333333333333333,0.24306666666666665,0.2564,0.25597333333333333,0.0,0.24348,0.23924,0.24232,0.24118666666666666,0.24274666666666667,0.24036,0.24108,0.24108,0.24108,0.24108,0.20258666666666666,0.24108,0.24108,0.24898666666666666,0.24108,0.23568,0.24108,0.24108,0.24108,0.24108,0.24108,0.24108,0.24108,0.24108,0.24108,0.24974666666666667,0.24108,0.24108,0.22853333333333334,0.22853333333333334,0.24954666666666667,0.24954666666666667,0.24108,0.24305333333333334,0.24898666666666666,0.24274666666666667,0.24272,0.24108,0.24108,0.24892,0.24108,0.24898666666666666,0.24108,0.24349333333333334,0.17445333333333332,0.24856,0.25008,0.24889333333333333
Two-Approval,0.08593333333333333,0.27798666666666666,0.06404,0.11757333333333334,0.10293333333333334,0.12064,0.12064,0.12064,0.12064,0.11757333333333334,0.12064,0.11757333333333334,0.2833333333333333,0.11757333333333334,0.12064,0.22128,0.24348,0.0,0.1262,0.10228,0.08233333333333333,0.08350666666666667,0.08969333333333333,0.08226666666666667,0.08226666666666667,0.08226666666666667,0.08226666666666667,0.11698666666666667,0.08226666666666667,0.08226666666666667,0.07576,0.08226666666666667,0.09592,0.08226666666666667,0.08226666666666667,0.08226666666666667,0.08226666666666667,0.08226666666666667,0.08226666666666667,0.08226666666666667,0.08226666666666667,0.08226666666666667,0.08404,0.08226666666666667,0.08226666666666667,0.09404,0.09404,0.07452,0.07452,0.08226666666666667,0.08318666666666667,0.07576,0.08350666666666667,0.08345333333333334,0.08226666666666667,0.08226666666666667,0.08637333333333333,0.08226666666666667,0.07576,0.08226666666666667,0.00036,0.13832,0.025266666666666666,0.08672,0.08625333333333333
Three-Approval,0.11408,0.27832,0.09952,0.14878666666666668,0.13216,0.15264,0.15264,0.15264,0.15264,0.14878666666666668,0.15264,0.14878666666666668,0.2849333333333333,0.14878666666666668,0.15264,0.226,0.23924,0.1262,0.0,0.12918666666666667,0.10802666666666666,0.10994666666666666,0.11430666666666667,0.10790666666666666,0.10790666666666666,0.10790666666666666,0.10790666666666666,0.13616,0.10790666666666666,0.10790666666666666,0.10641333333333333,0.10790666666666666,0.12236,0.10790666666666666,0.10790666666666666,0.10790666666666666,0.10790666666666666,0.10790666666666666,0.10790666666666666,0.10790666666666666,0.10790666666666666,0.10790666666666666,0.1112,0.10790666666666666,0.10790666666666666,0.12009333333333333,0.12009333333333333,0.10368,0.10368,0.10790666666666666,0.10986666666666667,0.10641333333333333,0.10994666666666666,0.10988,0.10790666666666666,0.10790666666666666,0.11544,0.10790666666666666,0.10641333333333333,0.10790666666666666,0.12597333333333333,0.14169333333333334,0.12696,0.11553333333333334,0.11517333333333334
Instant Runoff,0.05966666666666665,0.27902666666666665,0.05998666666666667,0.05725333333333334,0.03506666666666667,0.06192,0.06192,0.06192,0.06192,0.05725333333333334,0.06192,0.05725333333333334,0.2843333333333333,0.05725333333333334,0.06192,0.21601333333333333,0.24232,0.10228,0.12918666666666667,0.0,0.029986666666666665,0.026653333333333334,0.02092,0.03021333333333333,0.03021333333333333,0.03021333333333333,0.03021333333333333,0.07918666666666667,0.03021333333333333,0.03021333333333333,0.042453333333333336,0.03021333333333333,0.052693333333333335,0.03021333333333333,0.03021333333333333,0.03021333333333333,0.03021333333333333,0.03021333333333333,0.03021333333333333,0.03021333333333333,0.03021333333333333,0.03021333333333333,0.04536,0.03021333333333333,0.03021333333333333,0.04957333333333333,0.04957333333333333,0.04652,0.04652,0.03021333333333333,0.03254666666666667,0.042453333333333336,0.026653333333333334,0.026746666666666665,0.03021333333333333,0.03021333333333333,0.03998666666666666,0.03021333333333333,0.042453333333333336,0.03021333333333333,0.10224,0.14425333333333334,0.08468,0.04184,0.039613333333333334
Bottom-Two-Runoff Instant Runoff,0.036346666666666666,0.2786266666666667,0.042666666666666665,0.07141333333333333,0.0558,0.07561333333333334,0.07561333333333334,0.07561333333333334,0.07561333333333334,0.07141333333333333,0.07561333333333334,0.07141333333333333,0.28552,0.07141333333333333,0.07561333333333334,0.21676,0.24118666666666666,0.08233333333333333,0.10802666666666666,0.029986666666666665,0.0,0.0033333333333333335,0.00984,0.00022666666666666666,0.00022666666666666666,0.00022666666666666666,0.00022666666666666666,0.05508,0.00022666666666666666,0.00022666666666666666,0.016626666666666668,0.00022666666666666666,0.025106666666666666,0.00022666666666666666,0.00022666666666666666,0.00022666666666666666,0.00022666666666666666,0.00022666666666666666,0.00022666666666666666,0.00022666666666666666,0.00022666666666666666,0.00022666666666666666,0.01812,0.00022666666666666666,0.00022666666666666666,0.021666666666666667,0.021666666666666667,0.017466666666666665,0.017466666666666665,0.00022666666666666666,0.004226666666666667,0.016626666666666668,0.0033333333333333335,0.003426666666666667,0.00022666666666666666,0.00022666666666666666,0.016573333333333332,0.00022666666666666666,0.016626666666666668,0.00022666666666666666,0.08218666666666667,0.13596,0.06677333333333334,0.01852,0.016293333333333333
Benham,0.033013333333333346,0.27854666666666666,0.04184,0.06817333333333334,0.05246666666666667,0.07234666666666667,0.07234666666666667,0.07234666666666667,0.07234666666666667,0.06817333333333334,0.07234666666666667,0.06817333333333334,0.28442666666666666,0.06817333333333334,0.07234666666666667,0.21642666666666666,0.24274666666666667,0.08350666666666667,0.10994666666666666,0.026653333333333334,0.0033333333333333335,0.0,0.010613333333333334,0.00356,0.00356,0.00356,0.00356,0.057813333333333335,0.00356,0.00356,0.0158,0.00356,0.02604,0.00356,0.00356,0.00356,0.00356,0.00356,0.00356,0.00356,0.00356,0.00356,0.018706666666666667,0.00356,0.00356,0.02292,0.02292,0.019866666666666668,0.019866666666666668,0.00356,0.005893333333333334,0.0158,0.0,9.333333333333333e-05,0.00356,0.00356,0.013333333333333334,0.00356,0.0158,0.00356,0.08338666666666666,0.13886666666666667,0.06688,0.015186666666666666,0.01296
PluralityWRunoff PUT,0.043519999999999996,0.27845333333333333,0.04765333333333333,0.06445333333333333,0.0474,0.06908,0.06908,0.06908,0.06908,0.06445333333333333,0.06908,0.06445333333333333,0.28570666666666666,0.06445333333333333,0.06908,0.21589333333333333,0.24036,0.08969333333333333,0.11430666666666667,0.02092,0.00984,0.010613333333333334,0.0,0.009866666666666666,0.009866666666666666,0.009866666666666666,0.009866666666666666,0.06258666666666667,0.009866666666666666,0.009866666666666666,0.024666666666666667,0.009866666666666666,0.03385333333333333,0.009866666666666666,0.009866666666666666,0.009866666666666666,0.009866666666666666,0.009866666666666666,0.009866666666666666,0.009866666666666666,0.009866666666666666,0.009866666666666666,0.026613333333333333,0.009866666666666666,0.009866666666666666,0.030466666666666666,0.030466666666666666,0.026826666666666665,0.026826666666666665,0.009866666666666666,0.01324,0.024666666666666667,0.010613333333333334,0.010546666666666666,0.009866666666666666,0.009866666666666666,0.02372,0.009866666666666666,0.024666666666666667,0.009866666666666666,0.0896,0.13750666666666667,0.07329333333333334,0.02568,0.023413333333333335
Coombs,0.036466666666666675,0.27864,0.04262666666666667,0.07142666666666667,0.05592,0.07568,0.07568,0.07568,0.07568,0.07142666666666667,0.07568,0.07142666666666667,0.28561333333333333,0.07142666666666667,0.07568,0.2168,0.24108,0.08226666666666667,0.10790666666666666,0.03021333333333333,0.00022666666666666666,0.00356,0.009866666666666666,0.0,0.0,0.0,0.0,0.054893333333333336,0.0,0.0,0.016586666666666666,0.0,0.025026666666666666,0.0,0.0,0.0,0.0,0.0,0.0,0.0,0.0,0.0,0.01804,0.0,0.0,0.02156,0.02156,0.017426666666666667,0.017426666666666667,0.0,0.0041066666666666665,0.016586666666666666,0.00356,0.0034666666666666665,0.0,0.0,0.016586666666666666,0.0,0.016586666666666666,0.0,0.08212,0.13578666666666667,0.06673333333333334,0.018586666666666668,0.016306666666666667
Baldwin,0.036466666666666675,0.27864,0.04262666666666667,0.07142666666666667,0.05592,0.07568,0.07568,0.07568,0.07568,0.07142666666666667,0.07568,0.07142666666666667,0.28561333333333333,0.07142666666666667,0.07568,0.2168,0.24108,0.08226666666666667,0.10790666666666666,0.03021333333333333,0.00022666666666666666,0.00356,0.009866666666666666,0.0,0.0,0.0,0.0,0.054893333333333336,0.0,0.0,0.016586666666666666,0.0,0.025026666666666666,0.0,0.0,0.0,0.0,0.0,0.0,0.0,0.0,0.0,0.01804,0.0,0.0,0.02156,0.02156,0.017426666666666667,0.017426666666666667,0.0,0.0041066666666666665,0.016586666666666666,0.00356,0.0034666666666666665,0.0,0.0,0.016586666666666666,0.0,0.016586666666666666,0.0,0.08212,0.13578666666666667,0.06673333333333334,0.018586666666666668,0.016306666666666667
Strict Nanson,0.036466666666666675,0.27864,0.04262666666666667,0.07142666666666667,0.05592,0.07568,0.07568,0.07568,0.07568,0.07142666666666667,0.07568,0.07142666666666667,0.28561333333333333,0.07142666666666667,0.07568,0.2168,0.24108,0.08226666666666667,0.10790666666666666,0.03021333333333333,0.00022666666666666666,0.00356,0.009866666666666666,0.0,0.0,0.0,0.0,0.054893333333333336,0.0,0.0,0.016586666666666666,0.0,0.025026666666666666,0.0,0.0,0.0,0.0,0.0,0.0,0.0,0.0,0.0,0.01804,0.0,0.0,0.02156,0.02156,0.017426666666666667,0.017426666666666667,0.0,0.0041066666666666665,0.016586666666666666,0.00356,0.0034666666666666665,0.0,0.0,0.016586666666666666,0.0,0.016586666666666666,0.0,0.08212,0.13578666666666667,0.06673333333333334,0.018586666666666668,0.016306666666666667
Weak Nanson,0.036466666666666675,0.27864,0.04262666666666667,0.07142666666666667,0.05592,0.07568,0.07568,0.07568,0.07568,0.07142666666666667,0.07568,0.07142666666666667,0.28561333333333333,0.07142666666666667,0.07568,0.2168,0.24108,0.08226666666666667,0.10790666666666666,0.03021333333333333,0.00022666666666666666,0.00356,0.009866666666666666,0.0,0.0,0.0,0.0,0.054893333333333336,0.0,0.0,0.016586666666666666,0.0,0.025026666666666666,0.0,0.0,0.0,0.0,0.0,0.0,0.0,0.0,0.0,0.01804,0.0,0.0,0.02156,0.02156,0.017426666666666667,0.017426666666666667,0.0,0.0041066666666666665,0.016586666666666666,0.00356,0.0034666666666666665,0.0,0.0,0.016586666666666666,0.0,0.016586666666666666,0.0,0.08212,0.13578666666666667,0.06673333333333334,0.018586666666666668,0.016306666666666667
Iterated Removal Condorcet Loser,0.08619999999999998,0.27826666666666666,0.08808,0.11142666666666666,0.10233333333333333,0.11674666666666667,0.11674666666666667,0.11674666666666667,0.11674666666666667,0.11142666666666666,0.11674666666666667,0.11142666666666666,0.29577333333333333,0.11142666666666666,0.11674666666666667,0.22773333333333334,0.20258666666666666,0.11698666666666667,0.13616,0.07918666666666667,0.05508,0.057813333333333335,0.06258666666666667,0.054893333333333336,0.054893333333333336,0.054893333333333336,0.054893333333333336,0.0,0.054893333333333336,0.054893333333333336,0.06910666666666666,0.054893333333333336,0.07032,0.054893333333333336,0.054893333333333336,0.054893333333333336,0.054893333333333336,0.054893333333333336,0.054893333333333336,0.054893333333333336,0.054893333333333336,0.054893333333333336,0.07037333333333333,0.054893333333333336,0.054893333333333336,0.06776,0.06776,0.06993333333333333,0.06993333333333333,0.054893333333333336,0.05656,0.06910666666666666,0.057813333333333335,0.05774666666666667,0.054893333333333336,0.054893333333333336,0.06909333333333334,0.054893333333333336,0.06910666666666666,0.054893333333333336,0.11682666666666666,0.15014666666666668,0.10672,0.07084,0.06890666666666667
Raynaud,0.036466666666666675,0.27864,0.04262666666666667,0.07142666666666667,0.05592,0.07568,0.07568,0.07568,0.07568,0.07142666666666667,0.07568,0.07142666666666667,0.28561333333333333,0.07142666666666667,0.07568,0.2168,0.24108,0.08226666666666667,0.10790666666666666,0.03021333333333333,0.00022666666666666666,0.00356,0.009866666666666666,0.0,0.0,0.0,0.0,0.054893333333333336,0.0,0.0,0.016586666666666666,0.0,0.025026666666666666,0.0,0.0,0.0,0.0,0.0,0.0,0.0,0.0,0.0,0.01804,0.0,0.0,0.02156,0.02156,0.017426666666666667,0.017426666666666667,0.0,0.0041066666666666665,0.016586666666666666,0.00356,0.0034666666666666665,0.0,0.0,0.016586666666666666,0.0,0.016586666666666666,0.0,0.08212,0.13578666666666667,0.06673333333333334,0.018586666666666668,0.016306666666666667
Tideman Alternative Top Cycle,0.036466666666666675,0.27864,0.04262666666666667,0.07142666666666667,0.05592,0.07568,0.07568,0.07568,0.07568,0.07142666666666667,0.07568,0.07142666666666667,0.28561333333333333,0.07142666666666667,0.07568,0.2168,0.24108,0.08226666666666667,0.10790666666666666,0.03021333333333333,0.00022666666666666666,0.00356,0.009866666666666666,0.0,0.0,0.0,0.0,0.054893333333333336,0.0,0.0,0.016586666666666666,0.0,0.025026666666666666,0.0,0.0,0.0,0.0,0.0,0.0,0.0,0.0,0.0,0.01804,0.0,0.0,0.02156,0.02156,0.017426666666666667,0.017426666666666667,0.0,0.0041066666666666665,0.016586666666666666,0.00356,0.0034666666666666665,0.0,0.0,0.016586666666666666,0.0,0.016586666666666666,0.0,0.08212,0.13578666666666667,0.06673333333333334,0.018586666666666668,0.016306666666666667
Knockout Voting,0.01987999999999999,0.27869333333333335,0.02604,0.06968,0.04173333333333333,0.07090666666666667,0.07090666666666667,0.07090666666666667,0.07090666666666667,0.06968,0.07090666666666667,0.06968,0.28018666666666664,0.06968,0.07090666666666667,0.21666666666666667,0.24898666666666666,0.07576,0.10641333333333333,0.042453333333333336,0.016626666666666668,0.0158,0.024666666666666667,0.016586666666666666,0.016586666666666666,0.016586666666666666,0.016586666666666666,0.06910666666666666,0.016586666666666666,0.016586666666666666,0.0,0.016586666666666666,0.030093333333333333,0.016586666666666666,0.016586666666666666,0.016586666666666666,0.016586666666666666,0.016586666666666666,0.016586666666666666,0.016586666666666666,0.016586666666666666,0.016586666666666666,0.018813333333333335,0.016586666666666666,0.016586666666666666,0.028053333333333333,0.028053333333333333,0.0118,0.0118,0.016586666666666666,0.016013333333333334,0.0,0.0158,0.01572,0.016586666666666666,0.016586666666666666,0.01484,0.016586666666666666,0.0,0.016586666666666666,0.07558666666666666,0.15082666666666666,0.05774666666666667,0.015146666666666666,0.014573333333333334
Banks,0.036466666666666675,0.27864,0.04262666666666667,0.07142666666666667,0.05592,0.07568,0.07568,0.07568,0.07568,0.07142666666666667,0.07568,0.07142666666666667,0.28561333333333333,0.07142666666666667,0.07568,0.2168,0.24108,0.08226666666666667,0.10790666666666666,0.03021333333333333,0.00022666666666666666,0.00356,0.009866666666666666,0.0,0.0,0.0,0.0,0.054893333333333336,0.0,0.0,0.016586666666666666,0.0,0.025026666666666666,0.0,0.0,0.0,0.0,0.0,0.0,0.0,0.0,0.0,0.01804,0.0,0.0,0.02156,0.02156,0.017426666666666667,0.017426666666666667,0.0,0.0041066666666666665,0.016586666666666666,0.00356,0.0034666666666666665,0.0,0.0,0.016586666666666666,0.0,0.016586666666666666,0.0,0.08212,0.13578666666666667,0.06673333333333334,0.018586666666666668,0.016306666666666667
Condorcet,0.036466666666666675,0.2788,0.056133333333333334,0.08468,0.058346666666666665,0.08644,0.08644,0.08644,0.08644,0.08468,0.08644,0.08468,0.28561333333333333,0.08468,0.08644,0.22233333333333333,0.23568,0.09592,0.12236,0.052693333333333335,0.025106666666666666,0.02604,0.03385333333333333,0.025026666666666666,0.025026666666666666,0.025026666666666666,0.025026666666666666,0.07032,0.025026666666666666,0.025026666666666666,0.030093333333333333,0.025026666666666666,0.0,0.025026666666666666,0.025026666666666666,0.025026666666666666,0.025026666666666666,0.025026666666666666,0.025026666666666666,0.025026666666666666,0.025026666666666666,0.025026666666666666,0.030533333333333332,0.025026666666666666,0.025026666666666666,0.008053333333333332,0.008053333333333332,0.030573333333333334,0.030573333333333334,0.025026666666666666,0.026346666666666668,0.030093333333333333,0.02604,0.026013333333333333,0.025026666666666666,0.025026666666666666,0.02984,0.025026666666666666,0.030093333333333333,0.025026666666666666,0.09576,0.16012,0.07952,0.03072,0.029826666666666668
Copeland,0.036466666666666675,0.27864,0.04262666666666667,0.07142666666666667,0.05592,0.07568,0.07568,0.07568,0.07568,0.07142666666666667,0.07568,0.07142666666666667,0.28561333333333333,0.07142666666666667,0.07568,0.2168,0.24108,0.08226666666666667,0.10790666666666666,0.03021333333333333,0.00022666666666666666,0.00356,0.009866666666666666,0.0,0.0,0.0,0.0,0.054893333333333336,0.0,0.0,0.016586666666666666,0.0,0.025026666666666666,0.0,0.0,0.0,0.0,0.0,0.0,0.0,0.0,0.0,0.01804,0.0,0.0,0.02156,0.02156,0.017426666666666667,0.017426666666666667,0.0,0.0041066666666666665,0.016586666666666666,0.00356,0.0034666666666666665,0.0,0.0,0.016586666666666666,0.0,0.016586666666666666,0.0,0.08212,0.13578666666666667,0.06673333333333334,0.018586666666666668,0.016306666666666667
Llull,0.036466666666666675,0.27864,0.04262666666666667,0.07142666666666667,0.05592,0.07568,0.07568,0.07568,0.07568,0.07142666666666667,0.07568,0.07142666666666667,0.28561333333333333,0.07142666666666667,0.07568,0.2168,0.24108,0.08226666666666667,0.10790666666666666,0.03021333333333333,0.00022666666666666666,0.00356,0.009866666666666666,0.0,0.0,0.0,0.0,0.054893333333333336,0.0,0.0,0.016586666666666666,0.0,0.025026666666666666,0.0,0.0,0.0,0.0,0.0,0.0,0.0,0.0,0.0,0.01804,0.0,0.0,0.02156,0.02156,0.017426666666666667,0.017426666666666667,0.0,0.0041066666666666665,0.016586666666666666,0.00356,0.0034666666666666665,0.0,0.0,0.016586666666666666,0.0,0.016586666666666666,0.0,0.08212,0.13578666666666667,0.06673333333333334,0.018586666666666668,0.016306666666666667
Uncovered Set,0.036466666666666675,0.27864,0.04262666666666667,0.07142666666666667,0.05592,0.07568,0.07568,0.07568,0.07568,0.07142666666666667,0.07568,0.07142666666666667,0.28561333333333333,0.07142666666666667,0.07568,0.2168,0.24108,0.08226666666666667,0.10790666666666666,0.03021333333333333,0.00022666666666666666,0.00356,0.009866666666666666,0.0,0.0,0.0,0.0,0.054893333333333336,0.0,0.0,0.016586666666666666,0.0,0.025026666666666666,0.0,0.0,0.0,0.0,0.0,0.0,0.0,0.0,0.0,0.01804,0.0,0.0,0.02156,0.02156,0.017426666666666667,0.017426666666666667,0.0,0.0041066666666666665,0.016586666666666666,0.00356,0.0034666666666666665,0.0,0.0,0.016586666666666666,0.0,0.016586666666666666,0.0,0.08212,0.13578666666666667,0.06673333333333334,0.018586666666666668,0.016306666666666667
Uncovered Set - Fishburn,0.036466666666666675,0.27864,0.04262666666666667,0.07142666666666667,0.05592,0.07568,0.07568,0.07568,0.07568,0.07142666666666667,0.07568,0.07142666666666667,0.28561333333333333,0.07142666666666667,0.07568,0.2168,0.24108,0.08226666666666667,0.10790666666666666,0.03021333333333333,0.00022666666666666666,0.00356,0.009866666666666666,0.0,0.0,0.0,0.0,0.054893333333333336,0.0,0.0,0.016586666666666666,0.0,0.025026666666666666,0.0,0.0,0.0,0.0,0.0,0.0,0.0,0.0,0.0,0.01804,0.0,0.0,0.02156,0.02156,0.017426666666666667,0.017426666666666667,0.0,0.0041066666666666665,0.016586666666666666,0.00356,0.0034666666666666665,0.0,0.0,0.016586666666666666,0.0,0.016586666666666666,0.0,0.08212,0.13578666666666667,0.06673333333333334,0.018586666666666668,0.016306666666666667
Uncovered Set - Bordes,0.036466666666666675,0.27864,0.04262666666666667,0.07142666666666667,0.05592,0.07568,0.07568,0.07568,0.07568,0.07142666666666667,0.07568,0.07142666666666667,0.28561333333333333,0.07142666666666667,0.07568,0.2168,0.24108,0.08226666666666667,0.10790666666666666,0.03021333333333333,0.00022666666666666666,0.00356,0.009866666666666666,0.0,0.0,0.0,0.0,0.054893333333333336,0.0,0.0,0.016586666666666666,0.0,0.025026666666666666,0.0,0.0,0.0,0.0,0.0,0.0,0.0,0.0,0.0,0.01804,0.0,0.0,0.02156,0.02156,0.017426666666666667,0.017426666666666667,0.0,0.0041066666666666665,0.016586666666666666,0.00356,0.0034666666666666665,0.0,0.0,0.016586666666666666,0.0,0.016586666666666666,0.0,0.08212,0.13578666666666667,0.06673333333333334,0.018586666666666668,0.016306666666666667
Uncovered Set - McKelvey,0.036466666666666675,0.27864,0.04262666666666667,0.07142666666666667,0.05592,0.07568,0.07568,0.07568,0.07568,0.07142666666666667,0.07568,0.07142666666666667,0.28561333333333333,0.07142666666666667,0.07568,0.2168,0.24108,0.08226666666666667,0.10790666666666666,0.03021333333333333,0.00022666666666666666,0.00356,0.009866666666666666,0.0,0.0,0.0,0.0,0.054893333333333336,0.0,0.0,0.016586666666666666,0.0,0.025026666666666666,0.0,0.0,0.0,0.0,0.0,0.0,0.0,0.0,0.0,0.01804,0.0,0.0,0.02156,0.02156,0.017426666666666667,0.017426666666666667,0.0,0.0041066666666666665,0.016586666666666666,0.00356,0.0034666666666666665,0.0,0.0,0.016586666666666666,0.0,0.016586666666666666,0.0,0.08212,0.13578666666666667,0.06673333333333334,0.018586666666666668,0.016306666666666667
Slater,0.036466666666666675,0.27864,0.04262666666666667,0.07142666666666667,0.05592,0.07568,0.07568,0.07568,0.07568,0.07142666666666667,0.07568,0.07142666666666667,0.28561333333333333,0.07142666666666667,0.07568,0.2168,0.24108,0.08226666666666667,0.10790666666666666,0.03021333333333333,0.00022666666666666666,0.00356,0.009866666666666666,0.0,0.0,0.0,0.0,0.054893333333333336,0.0,0.0,0.016586666666666666,0.0,0.025026666666666666,0.0,0.0,0.0,0.0,0.0,0.0,0.0,0.0,0.0,0.01804,0.0,0.0,0.02156,0.02156,0.017426666666666667,0.017426666666666667,0.0,0.0041066666666666665,0.016586666666666666,0.00356,0.0034666666666666665,0.0,0.0,0.016586666666666666,0.0,0.016586666666666666,0.0,0.08212,0.13578666666666667,0.06673333333333334,0.018586666666666668,0.016306666666666667
Top Cycle,0.036466666666666675,0.27864,0.04262666666666667,0.07142666666666667,0.05592,0.07568,0.07568,0.07568,0.07568,0.07142666666666667,0.07568,0.07142666666666667,0.28561333333333333,0.07142666666666667,0.07568,0.2168,0.24108,0.08226666666666667,0.10790666666666666,0.03021333333333333,0.00022666666666666666,0.00356,0.009866666666666666,0.0,0.0,0.0,0.0,0.054893333333333336,0.0,0.0,0.016586666666666666,0.0,0.025026666666666666,0.0,0.0,0.0,0.0,0.0,0.0,0.0,0.0,0.0,0.01804,0.0,0.0,0.02156,0.02156,0.017426666666666667,0.017426666666666667,0.0,0.0041066666666666665,0.016586666666666666,0.00356,0.0034666666666666665,0.0,0.0,0.016586666666666666,0.0,0.016586666666666666,0.0,0.08212,0.13578666666666667,0.06673333333333334,0.018586666666666668,0.016306666666666667
GOCHA,0.036466666666666675,0.27864,0.04262666666666667,0.07142666666666667,0.05592,0.07568,0.07568,0.07568,0.07568,0.07142666666666667,0.07568,0.07142666666666667,0.28561333333333333,0.07142666666666667,0.07568,0.2168,0.24108,0.08226666666666667,0.10790666666666666,0.03021333333333333,0.00022666666666666666,0.00356,0.009866666666666666,0.0,0.0,0.0,0.0,0.054893333333333336,0.0,0.0,0.016586666666666666,0.0,0.025026666666666666,0.0,0.0,0.0,0.0,0.0,0.0,0.0,0.0,0.0,0.01804,0.0,0.0,0.02156,0.02156,0.017426666666666667,0.017426666666666667,0.0,0.0041066666666666665,0.016586666666666666,0.00356,0.0034666666666666665,0.0,0.0,0.016586666666666666,0.0,0.016586666666666666,0.0,0.08212,0.13578666666666667,0.06673333333333334,0.018586666666666668,0.016306666666666667
Bipartisan Set,0.018426666666666664,0.27874666666666664,0.044853333333333335,0.07329333333333334,0.04102666666666667,0.07366666666666667,0.07366666666666667,0.07366666666666667,0.07366666666666667,0.07329333333333334,0.07366666666666667,0.07329333333333334,0.27982666666666667,0.07329333333333334,0.07366666666666667,0.21681333333333333,0.24974666666666667,0.08404,0.1112,0.04536,0.01812,0.018706666666666667,0.026613333333333333,0.01804,0.01804,0.01804,0.01804,0.07037333333333333,0.01804,0.01804,0.018813333333333335,0.01804,0.030533333333333332,0.01804,0.01804,0.01804,0.01804,0.01804,0.01804,0.01804,0.01804,0.01804,0.0,0.01804,0.01804,0.02872,0.02872,0.017866666666666666,0.017866666666666666,0.01804,0.018266666666666667,0.018813333333333335,0.018706666666666667,0.01864,0.01804,0.01804,0.018453333333333332,0.01804,0.018813333333333335,0.01804,0.08392,0.15316,0.06693333333333333,0.018253333333333333,0.018213333333333335
Minimax,0.036466666666666675,0.27864,0.04262666666666667,0.07142666666666667,0.05592,0.07568,0.07568,0.07568,0.07568,0.07142666666666667,0.07568,0.07142666666666667,0.28561333333333333,0.07142666666666667,0.07568,0.2168,0.24108,0.08226666666666667,0.10790666666666666,0.03021333333333333,0.00022666666666666666,0.00356,0.009866666666666666,0.0,0.0,0.0,0.0,0.054893333333333336,0.0,0.0,0.016586666666666666,0.0,0.025026666666666666,0.0,0.0,0.0,0.0,0.0,0.0,0.0,0.0,0.0,0.01804,0.0,0.0,0.02156,0.02156,0.017426666666666667,0.017426666666666667,0.0,0.0041066666666666665,0.016586666666666666,0.00356,0.0034666666666666665,0.0,0.0,0.016586666666666666,0.0,0.016586666666666666,0.0,0.08212,0.13578666666666667,0.06673333333333334,0.018586666666666668,0.016306666666666667
