,NN,Random Choice,Borda ranking,Plurality ranking,STV,Approval Voting (AV),Proportional Approval Voting (PAV),Approval Chamberlin-Courant (CC),Lexicographic Chamberlin-Courant (lex-CC),Sequential Approval Chamberlin-Courant (seq-CC),Monroe's Approval Rule (Monroe),Greedy Monroe,Minimax Approval Voting (MAV),Method of Equal Shares (aka Rule X) with Phragmén phase,E Pluribus Hugo (EPH),Random Serial Dictator,Anti-Plurality,Two-Approval,Three-Approval,Instant Runoff,Bottom-Two-Runoff Instant Runoff,Benham,PluralityWRunoff PUT,Coombs,Baldwin,Strict Nanson,Weak Nanson,Iterated Removal Condorcet Loser,Raynaud,Tideman Alternative Top Cycle,Knockout Voting,Banks,Condorcet,Copeland,Llull,Uncovered Set,Uncovered Set - Fishburn,Uncovered Set - Bordes,Uncovered Set - McKelvey,Slater,Top Cycle,GOCHA,Bipartisan Set,Minimax,Split Cycle,Ranked Pairs ZT,Ranked Pairs TB,Simple Stable Voting,Stable Voting,Loss-Trimmer Voting,Daunou,Blacks,Condorcet IRV,Condorcet IRV PUT,Smith IRV,Smith-Minimax,Condorcet Plurality,Copeland-Local-Borda,Copeland-Global-Borda,Borda-Minimax Faceoff,Bucklin,Simplified Bucklin,Weighted Bucklin,Bracket Voting,Superior Voting
Random Choice,0.24360914285714286,0.0,0.24458285714285713,0.2452457142857143,0.24478857142857144,0.24517714285714284,0.24517714285714284,0.24517714285714284,0.24517714285714284,0.2452457142857143,0.24517714285714284,0.2452457142857143,0.24405714285714286,0.2452457142857143,0.24517714285714284,0.24522285714285713,0.24498285714285714,0.24386285714285713,0.24469714285714286,0.2448,0.24410285714285715,0.24365714285714285,0.24529142857142858,0.24433142857142856,0.24414857142857144,0.24411428571428573,0.244,0.24422857142857143,0.24420571428571428,0.24433142857142856,0.244,0.24433142857142856,0.24442285714285714,0.24402285714285715,0.24421714285714285,0.24428571428571427,0.24416,0.24433142857142856,0.24434285714285714,0.24412571428571428,0.24427428571428572,0.24413714285714286,0.24420571428571428,0.24408,0.24405714285714286,0.24426285714285714,0.24426285714285714,0.24362285714285714,0.24362285714285714,0.24418285714285715,0.24421714285714285,0.24413714285714286,0.24376,0.24384,0.24437714285714285,0.24408,0.24419428571428572,0.24385142857142858,0.24386285714285713,0.24411428571428573,0.2444,0.24477714285714286,0.24428571428571427,0.24435428571428572,0.24381714285714284
Borda ranking,0.04903657142857143,0.24458285714285713,0.0,0.18937142857142858,0.12122285714285715,0.18809142857142858,0.18809142857142858,0.18809142857142858,0.18809142857142858,0.18937142857142858,0.18809142857142858,0.18937142857142858,0.24394285714285716,0.18937142857142858,0.18809142857142858,0.22518857142857143,0.18869714285714287,0.12138285714285714,0.06173714285714286,0.12486857142857143,0.049325714285714285,0.052251428571428574,0.13992,0.04842285714285714,0.048217142857142854,0.04808,0.04752,0.13739428571428572,0.04835428571428572,0.04972571428571428,0.034114285714285715,0.04851428571428571,0.057737142857142855,0.04667428571428572,0.04782857142857143,0.04881142857142857,0.04801142857142857,0.04851428571428571,0.04883428571428571,0.04808,0.04982857142857143,0.048114285714285714,0.04809142857142857,0.04768,0.04777142857142857,0.05697142857142857,0.05697142857142857,0.04304,0.04304,0.048114285714285714,0.052617142857142855,0.031005714285714286,0.053245714285714285,0.05264,0.04981714285714286,0.04768,0.05835428571428571,0.046914285714285714,0.03681142857142857,0.04614857142857143,0.06595428571428572,0.11190857142857143,0.04756571428571429,0.08682285714285715,0.05248
Plurality ranking,0.16657714285714287,0.2452457142857143,0.18937142857142858,0.0,0.12572571428571427,0.028422857142857142,0.028422857142857142,0.028422857142857142,0.028422857142857142,0.0,0.028422857142857142,0.0,0.24810285714285715,0.0,0.028422857142857142,0.2028457142857143,0.23641142857142858,0.16214857142857142,0.20977142857142858,0.11973714285714286,0.16288,0.15974857142857143,0.09995428571428572,0.17097142857142858,0.16473142857142858,0.16469714285714285,0.16513142857142857,0.19352,0.16489142857142858,0.16386285714285714,0.1709257142857143,0.16546285714285713,0.17121142857142857,0.16580571428571428,0.1652,0.16538285714285714,0.16510857142857144,0.16546285714285713,0.16562285714285715,0.16512,0.16606857142857143,0.16509714285714286,0.16658285714285714,0.1650742857142857,0.16504,0.17013714285714285,0.17013714285714285,0.1690057142857143,0.1690057142857143,0.16482285714285713,0.15706285714285714,0.17142857142857143,0.15830857142857144,0.15954285714285715,0.16386285714285714,0.1650742857142857,0.14408,0.16587428571428572,0.17006857142857143,0.1653257142857143,0.19098285714285715,0.18434285714285714,0.18004571428571428,0.14154285714285714,0.15882285714285715
STV,0.09576114285714286,0.24478857142857144,0.12122285714285715,0.12572571428571427,0.0,0.12382857142857143,0.12382857142857143,0.12382857142857143,0.12382857142857143,0.12572571428571427,0.12382857142857143,0.12572571428571427,0.23632,0.12572571428571427,0.12382857142857143,0.21332571428571429,0.21617142857142857,0.12246857142857143,0.15109714285714285,0.03384,0.09865142857142857,0.09365714285714286,0.07874285714285714,0.10868571428571429,0.10194285714285714,0.1016,0.10118857142857143,0.16713142857142857,0.10227428571428572,0.1004,0.10149714285714286,0.10290285714285714,0.10930285714285715,0.10147428571428571,0.10196571428571428,0.10338285714285714,0.10194285714285714,0.10290285714285714,0.10355428571428571,0.10198857142857143,0.10425142857142858,0.10197714285714286,0.09947428571428571,0.10169142857142857,0.10171428571428572,0.10854857142857142,0.10854857142857142,0.10121142857142858,0.10121142857142858,0.10171428571428572,0.09902857142857142,0.10206857142857143,0.09157714285714286,0.09260571428571429,0.10006857142857142,0.10169142857142857,0.09664,0.10149714285714286,0.10065142857142857,0.10192,0.13317714285714286,0.14593142857142857,0.11836571428571428,0.06949714285714285,0.09314285714285714
Approval Voting (AV),0.16437828571428573,0.24517714285714284,0.18809142857142858,0.028422857142857142,0.12382857142857143,0.0,0.0,0.0,0.0,0.028422857142857142,0.0,0.028422857142857142,0.23946285714285714,0.028422857142857142,0.0,0.20238857142857142,0.24282285714285715,0.1621257142857143,0.20938285714285715,0.12022857142857143,0.16197714285714285,0.15865142857142858,0.10238857142857143,0.17014857142857143,0.16436571428571428,0.16430857142857141,0.16461714285714285,0.19724571428571427,0.16446857142857144,0.16310857142857144,0.16950857142857143,0.16516571428571428,0.17070857142857143,0.16514285714285715,0.16482285714285713,0.16515428571428573,0.16474285714285714,0.16516571428571428,0.16541714285714285,0.1647657142857143,0.16579428571428573,0.16474285714285714,0.16522285714285714,0.16465142857142856,0.16462857142857143,0.16973714285714286,0.16973714285714286,0.1676342857142857,0.1676342857142857,0.16433142857142857,0.15709714285714285,0.17005714285714285,0.15715428571428572,0.15851428571428572,0.16309714285714286,0.16465142857142856,0.14586285714285716,0.16496,0.16883428571428571,0.16482285714285713,0.19042285714285714,0.18842285714285714,0.17857142857142858,0.13965714285714287,0.15792
Proportional Approval Voting (PAV),0.16437828571428573,0.24517714285714284,0.18809142857142858,0.028422857142857142,0.12382857142857143,0.0,0.0,0.0,0.0,0.028422857142857142,0.0,0.028422857142857142,0.23946285714285714,0.028422857142857142,0.0,0.20238857142857142,0.24282285714285715,0.1621257142857143,0.20938285714285715,0.12022857142857143,0.16197714285714285,0.15865142857142858,0.10238857142857143,0.17014857142857143,0.16436571428571428,0.16430857142857141,0.16461714285714285,0.19724571428571427,0.16446857142857144,0.16310857142857144,0.16950857142857143,0.16516571428571428,0.17070857142857143,0.16514285714285715,0.16482285714285713,0.16515428571428573,0.16474285714285714,0.16516571428571428,0.16541714285714285,0.1647657142857143,0.16579428571428573,0.16474285714285714,0.16522285714285714,0.16465142857142856,0.16462857142857143,0.16973714285714286,0.16973714285714286,0.1676342857142857,0.1676342857142857,0.16433142857142857,0.15709714285714285,0.17005714285714285,0.15715428571428572,0.15851428571428572,0.16309714285714286,0.16465142857142856,0.14586285714285716,0.16496,0.16883428571428571,0.16482285714285713,0.19042285714285714,0.18842285714285714,0.17857142857142858,0.13965714285714287,0.15792
Approval Chamberlin-Courant (CC),0.16437828571428573,0.24517714285714284,0.18809142857142858,0.028422857142857142,0.12382857142857143,0.0,0.0,0.0,0.0,0.028422857142857142,0.0,0.028422857142857142,0.23946285714285714,0.028422857142857142,0.0,0.20238857142857142,0.24282285714285715,0.1621257142857143,0.20938285714285715,0.12022857142857143,0.16197714285714285,0.15865142857142858,0.10238857142857143,0.17014857142857143,0.16436571428571428,0.16430857142857141,0.16461714285714285,0.19724571428571427,0.16446857142857144,0.16310857142857144,0.16950857142857143,0.16516571428571428,0.17070857142857143,0.16514285714285715,0.16482285714285713,0.16515428571428573,0.16474285714285714,0.16516571428571428,0.16541714285714285,0.1647657142857143,0.16579428571428573,0.16474285714285714,0.16522285714285714,0.16465142857142856,0.16462857142857143,0.16973714285714286,0.16973714285714286,0.1676342857142857,0.1676342857142857,0.16433142857142857,0.15709714285714285,0.17005714285714285,0.15715428571428572,0.15851428571428572,0.16309714285714286,0.16465142857142856,0.14586285714285716,0.16496,0.16883428571428571,0.16482285714285713,0.19042285714285714,0.18842285714285714,0.17857142857142858,0.13965714285714287,0.15792
Lexicographic Chamberlin-Courant (lex-CC),0.16437828571428573,0.24517714285714284,0.18809142857142858,0.028422857142857142,0.12382857142857143,0.0,0.0,0.0,0.0,0.028422857142857142,0.0,0.028422857142857142,0.23946285714285714,0.028422857142857142,0.0,0.20238857142857142,0.24282285714285715,0.1621257142857143,0.20938285714285715,0.12022857142857143,0.16197714285714285,0.15865142857142858,0.10238857142857143,0.17014857142857143,0.16436571428571428,0.16430857142857141,0.16461714285714285,0.19724571428571427,0.16446857142857144,0.16310857142857144,0.16950857142857143,0.16516571428571428,0.17070857142857143,0.16514285714285715,0.16482285714285713,0.16515428571428573,0.16474285714285714,0.16516571428571428,0.16541714285714285,0.1647657142857143,0.16579428571428573,0.16474285714285714,0.16522285714285714,0.16465142857142856,0.16462857142857143,0.16973714285714286,0.16973714285714286,0.1676342857142857,0.1676342857142857,0.16433142857142857,0.15709714285714285,0.17005714285714285,0.15715428571428572,0.15851428571428572,0.16309714285714286,0.16465142857142856,0.14586285714285716,0.16496,0.16883428571428571,0.16482285714285713,0.19042285714285714,0.18842285714285714,0.17857142857142858,0.13965714285714287,0.15792
Sequential Approval Chamberlin-Courant (seq-CC),0.16657714285714287,0.2452457142857143,0.18937142857142858,0.0,0.12572571428571427,0.028422857142857142,0.028422857142857142,0.028422857142857142,0.028422857142857142,0.0,0.028422857142857142,0.0,0.24810285714285715,0.0,0.028422857142857142,0.2028457142857143,0.23641142857142858,0.16214857142857142,0.20977142857142858,0.11973714285714286,0.16288,0.15974857142857143,0.09995428571428572,0.17097142857142858,0.16473142857142858,0.16469714285714285,0.16513142857142857,0.19352,0.16489142857142858,0.16386285714285714,0.1709257142857143,0.16546285714285713,0.17121142857142857,0.16580571428571428,0.1652,0.16538285714285714,0.16510857142857144,0.16546285714285713,0.16562285714285715,0.16512,0.16606857142857143,0.16509714285714286,0.16658285714285714,0.1650742857142857,0.16504,0.17013714285714285,0.17013714285714285,0.1690057142857143,0.1690057142857143,0.16482285714285713,0.15706285714285714,0.17142857142857143,0.15830857142857144,0.15954285714285715,0.16386285714285714,0.1650742857142857,0.14408,0.16587428571428572,0.17006857142857143,0.1653257142857143,0.19098285714285715,0.18434285714285714,0.18004571428571428,0.14154285714285714,0.15882285714285715
Monroe's Approval Rule (Monroe),0.16437828571428573,0.24517714285714284,0.18809142857142858,0.028422857142857142,0.12382857142857143,0.0,0.0,0.0,0.0,0.028422857142857142,0.0,0.028422857142857142,0.23946285714285714,0.028422857142857142,0.0,0.20238857142857142,0.24282285714285715,0.1621257142857143,0.20938285714285715,0.12022857142857143,0.16197714285714285,0.15865142857142858,0.10238857142857143,0.17014857142857143,0.16436571428571428,0.16430857142857141,0.16461714285714285,0.19724571428571427,0.16446857142857144,0.16310857142857144,0.16950857142857143,0.16516571428571428,0.17070857142857143,0.16514285714285715,0.16482285714285713,0.16515428571428573,0.16474285714285714,0.16516571428571428,0.16541714285714285,0.1647657142857143,0.16579428571428573,0.16474285714285714,0.16522285714285714,0.16465142857142856,0.16462857142857143,0.16973714285714286,0.16973714285714286,0.1676342857142857,0.1676342857142857,0.16433142857142857,0.15709714285714285,0.17005714285714285,0.15715428571428572,0.15851428571428572,0.16309714285714286,0.16465142857142856,0.14586285714285716,0.16496,0.16883428571428571,0.16482285714285713,0.19042285714285714,0.18842285714285714,0.17857142857142858,0.13965714285714287,0.15792
Greedy Monroe,0.16657714285714287,0.2452457142857143,0.18937142857142858,0.0,0.12572571428571427,0.028422857142857142,0.028422857142857142,0.028422857142857142,0.028422857142857142,0.0,0.028422857142857142,0.0,0.24810285714285715,0.0,0.028422857142857142,0.2028457142857143,0.23641142857142858,0.16214857142857142,0.20977142857142858,0.11973714285714286,0.16288,0.15974857142857143,0.09995428571428572,0.17097142857142858,0.16473142857142858,0.16469714285714285,0.16513142857142857,0.19352,0.16489142857142858,0.16386285714285714,0.1709257142857143,0.16546285714285713,0.17121142857142857,0.16580571428571428,0.1652,0.16538285714285714,0.16510857142857144,0.16546285714285713,0.16562285714285715,0.16512,0.16606857142857143,0.16509714285714286,0.16658285714285714,0.1650742857142857,0.16504,0.17013714285714285,0.17013714285714285,0.1690057142857143,0.1690057142857143,0.16482285714285713,0.15706285714285714,0.17142857142857143,0.15830857142857144,0.15954285714285715,0.16386285714285714,0.1650742857142857,0.14408,0.16587428571428572,0.17006857142857143,0.1653257142857143,0.19098285714285715,0.18434285714285714,0.18004571428571428,0.14154285714285714,0.15882285714285715
Minimax Approval Voting (MAV),0.23790800000000004,0.24405714285714286,0.24394285714285716,0.24810285714285715,0.23632,0.23946285714285714,0.23946285714285714,0.23946285714285714,0.23946285714285714,0.24810285714285715,0.23946285714285714,0.24810285714285715,0.0,0.24810285714285715,0.23946285714285714,0.24410285714285715,0.28496,0.2470857142857143,0.24635428571428572,0.24537142857142857,0.24690285714285715,0.24517714285714284,0.2493142857142857,0.24617142857142857,0.24726857142857142,0.24705142857142856,0.24653714285714284,0.26717714285714284,0.24752,0.24721142857142858,0.24425142857142856,0.2485257142857143,0.2485257142857143,0.24654857142857142,0.24762285714285714,0.2485257142857143,0.24769142857142856,0.2485257142857143,0.2485257142857143,0.24752,0.2485257142857143,0.24769142857142856,0.24481142857142857,0.24736,0.24738285714285715,0.2485257142857143,0.2485257142857143,0.24329142857142858,0.24329142857142858,0.2472342857142857,0.24589714285714287,0.24405714285714286,0.24491428571428572,0.24550857142857144,0.24710857142857143,0.24736,0.24437714285714285,0.24593142857142858,0.2438057142857143,0.2474742857142857,0.24540571428571428,0.26698285714285713,0.24340571428571428,0.24353142857142857,0.24427428571428572
Method of Equal Shares (aka Rule X) with Phragmén phase,0.16657714285714287,0.2452457142857143,0.18937142857142858,0.0,0.12572571428571427,0.028422857142857142,0.028422857142857142,0.028422857142857142,0.028422857142857142,0.0,0.028422857142857142,0.0,0.24810285714285715,0.0,0.028422857142857142,0.2028457142857143,0.23641142857142858,0.16214857142857142,0.20977142857142858,0.11973714285714286,0.16288,0.15974857142857143,0.09995428571428572,0.17097142857142858,0.16473142857142858,0.16469714285714285,0.16513142857142857,0.19352,0.16489142857142858,0.16386285714285714,0.1709257142857143,0.16546285714285713,0.17121142857142857,0.16580571428571428,0.1652,0.16538285714285714,0.16510857142857144,0.16546285714285713,0.16562285714285715,0.16512,0.16606857142857143,0.16509714285714286,0.16658285714285714,0.1650742857142857,0.16504,0.17013714285714285,0.17013714285714285,0.1690057142857143,0.1690057142857143,0.16482285714285713,0.15706285714285714,0.17142857142857143,0.15830857142857144,0.15954285714285715,0.16386285714285714,0.1650742857142857,0.14408,0.16587428571428572,0.17006857142857143,0.1653257142857143,0.19098285714285715,0.18434285714285714,0.18004571428571428,0.14154285714285714,0.15882285714285715
E Pluribus Hugo (EPH),0.16437828571428573,0.24517714285714284,0.18809142857142858,0.028422857142857142,0.12382857142857143,0.0,0.0,0.0,0.0,0.028422857142857142,0.0,0.028422857142857142,0.23946285714285714,0.028422857142857142,0.0,0.20238857142857142,0.24282285714285715,0.1621257142857143,0.20938285714285715,0.12022857142857143,0.16197714285714285,0.15865142857142858,0.10238857142857143,0.17014857142857143,0.16436571428571428,0.16430857142857141,0.16461714285714285,0.19724571428571427,0.16446857142857144,0.16310857142857144,0.16950857142857143,0.16516571428571428,0.17070857142857143,0.16514285714285715,0.16482285714285713,0.16515428571428573,0.16474285714285714,0.16516571428571428,0.16541714285714285,0.1647657142857143,0.16579428571428573,0.16474285714285714,0.16522285714285714,0.16465142857142856,0.16462857142857143,0.16973714285714286,0.16973714285714286,0.1676342857142857,0.1676342857142857,0.16433142857142857,0.15709714285714285,0.17005714285714285,0.15715428571428572,0.15851428571428572,0.16309714285714286,0.16465142857142856,0.14586285714285716,0.16496,0.16883428571428571,0.16482285714285713,0.19042285714285714,0.18842285714285714,0.17857142857142858,0.13965714285714287,0.15792
Random Serial Dictator,0.22166114285714286,0.24522285714285713,0.22518857142857143,0.2028457142857143,0.21332571428571429,0.20238857142857142,0.20238857142857142,0.20238857142857142,0.20238857142857142,0.2028457142857143,0.20238857142857142,0.2028457142857143,0.24410285714285715,0.2028457142857143,0.20238857142857142,0.0,0.23947428571428572,0.22104,0.23259428571428573,0.21098285714285714,0.21974857142857143,0.21936,0.2070742857142857,0.22217142857142858,0.22042285714285714,0.22054857142857143,0.22059428571428571,0.22858285714285714,0.22061714285714285,0.22033142857142857,0.22144,0.22049142857142856,0.22180571428571427,0.22024,0.22016,0.22024,0.22020571428571428,0.22049142857142856,0.22053714285714285,0.22028571428571428,0.22073142857142858,0.22020571428571428,0.22113142857142856,0.22046857142857143,0.22049142857142856,0.22126857142857143,0.22126857142857143,0.2213257142857143,0.2213257142857143,0.22050285714285714,0.21926857142857142,0.2213142857142857,0.21961142857142857,0.21989714285714285,0.22024,0.22046857142857143,0.21892571428571428,0.2205257142857143,0.22129142857142858,0.22044571428571427,0.2275542857142857,0.22478857142857142,0.2244,0.21338285714285715,0.21954285714285715
Anti-Plurality,0.20244514285714285,0.24498285714285714,0.18869714285714287,0.23641142857142858,0.21617142857142857,0.24282285714285715,0.24282285714285715,0.24282285714285715,0.24282285714285715,0.23641142857142858,0.24282285714285715,0.23641142857142858,0.28496,0.23641142857142858,0.24282285714285715,0.23947428571428572,0.0,0.19987428571428573,0.18913142857142856,0.20854857142857142,0.1928457142857143,0.19539428571428571,0.21424,0.19176,0.19146285714285713,0.19181714285714285,0.19201142857142858,0.16073142857142858,0.19109714285714285,0.19180571428571427,0.19472,0.1896,0.19061714285714285,0.19149714285714287,0.1907542857142857,0.18968,0.1906742857142857,0.1896,0.18894857142857144,0.19094857142857144,0.18701714285714285,0.19056,0.19472,0.19150857142857142,0.19146285714285713,0.18893714285714286,0.18893714285714286,0.19588571428571427,0.19588571428571427,0.19168,0.1956342857142857,0.19369142857142857,0.19580571428571428,0.1946857142857143,0.19174857142857143,0.19150857142857142,0.20038857142857142,0.19235428571428573,0.19502857142857144,0.19084571428571429,0.1933942857142857,0.1517257142857143,0.19453714285714285,0.20346285714285714,0.19721142857142857
Two-Approval,0.10740342857142858,0.24386285714285713,0.12138285714285714,0.16214857142857142,0.12246857142857143,0.1621257142857143,0.1621257142857143,0.1621257142857143,0.1621257142857143,0.16214857142857142,0.1621257142857143,0.16214857142857142,0.2470857142857143,0.16214857142857142,0.1621257142857143,0.22104,0.19987428571428573,0.0,0.14285714285714285,0.12380571428571428,0.10564571428571429,0.10546285714285714,0.13179428571428572,0.10939428571428571,0.10545142857142857,0.10545142857142857,0.10539428571428572,0.16248,0.10585142857142857,0.10569142857142858,0.10778285714285714,0.10572571428571428,0.11441142857142857,0.106,0.10556571428571429,0.10603428571428572,0.10563428571428571,0.10572571428571428,0.10594285714285714,0.10564571428571429,0.10700571428571429,0.10568,0.10634285714285714,0.10550857142857142,0.10549714285714286,0.11334857142857142,0.11334857142857142,0.10588571428571429,0.10588571428571429,0.10564571428571429,0.10627428571428571,0.10913142857142857,0.10539428571428572,0.10510857142857143,0.10561142857142858,0.10550857142857142,0.10793142857142857,0.10586285714285715,0.10717714285714286,0.10593142857142857,0.10157714285714285,0.10452571428571429,0.10890285714285715,0.10685714285714286,0.10547428571428571
Three-Approval,0.08628114285714285,0.24469714285714286,0.06173714285714286,0.20977142857142858,0.15109714285714285,0.20938285714285715,0.20938285714285715,0.20938285714285715,0.20938285714285715,0.20977142857142858,0.20938285714285715,0.20977142857142858,0.24635428571428572,0.20977142857142858,0.20938285714285715,0.23259428571428573,0.18913142857142856,0.14285714285714285,0.0,0.15282285714285715,0.08642285714285715,0.08957714285714286,0.16716571428571428,0.08349714285714285,0.08464,0.08461714285714286,0.08427428571428572,0.1573257142857143,0.08469714285714286,0.08634285714285714,0.07814857142857143,0.08458285714285714,0.09390857142857142,0.08385142857142858,0.08443428571428571,0.08512,0.08460571428571428,0.08458285714285714,0.0848,0.08467428571428572,0.08576,0.08468571428571428,0.08488,0.08420571428571429,0.08424,0.09313142857142857,0.09313142857142857,0.08060571428571428,0.08060571428571428,0.08470857142857142,0.08934857142857143,0.07736,0.09053714285714286,0.09025142857142857,0.08651428571428571,0.08420571428571429,0.09510857142857143,0.08390857142857143,0.07900571428571429,0.08380571428571429,0.042788571428571426,0.11739428571428571,0.060194285714285714,0.12054857142857144,0.09041142857142857
Instant Runoff,0.10520000000000002,0.2448,0.12486857142857143,0.11973714285714286,0.03384,0.12022857142857143,0.12022857142857143,0.12022857142857143,0.12022857142857143,0.11973714285714286,0.12022857142857143,0.11973714285714286,0.24537142857142857,0.11973714285714286,0.12022857142857143,0.21098285714285714,0.20854857142857142,0.12380571428571428,0.15282285714285715,0.0,0.09396571428571429,0.08685714285714285,0.06570285714285715,0.10742857142857143,0.09805714285714286,0.09798857142857142,0.09803428571428571,0.15758857142857144,0.09804571428571429,0.09533714285714286,0.10484571428571429,0.09899428571428572,0.10933714285714285,0.09883428571428571,0.09830857142857143,0.09825142857142857,0.09829714285714286,0.09899428571428572,0.09891428571428572,0.09833142857142857,0.09957714285714286,0.09833142857142857,0.10212571428571429,0.09817142857142858,0.09814857142857143,0.10786285714285715,0.10786285714285715,0.10350857142857142,0.10350857142857142,0.09818285714285714,0.09781714285714285,0.10564571428571429,0.08340571428571429,0.08627428571428572,0.0948,0.09817142857142858,0.09763428571428572,0.09894857142857143,0.10355428571428571,0.09844571428571429,0.13572571428571428,0.14070857142857143,0.12169142857142858,0.07082285714285715,0.09515428571428572
Bottom-Two-Runoff Instant Runoff,0.024327428571428576,0.24410285714285715,0.049325714285714285,0.16288,0.09865142857142857,0.16197714285714285,0.16197714285714285,0.16197714285714285,0.16197714285714285,0.16288,0.16197714285714285,0.16288,0.24690285714285715,0.16288,0.16197714285714285,0.21974857142857143,0.1928457142857143,0.10564571428571429,0.08642285714285715,0.09396571428571429,0.0,0.009097142857142857,0.10650285714285715,0.020445714285714286,0.007005714285714286,0.007062857142857142,0.007371428571428571,0.11355428571428572,0.00712,0.007485714285714286,0.016925714285714287,0.009337142857142856,0.024994285714285715,0.008251428571428571,0.007302857142857143,0.00816,0.007394285714285714,0.009337142857142856,0.00944,0.007394285714285714,0.01128,0.0074514285714285715,0.016102857142857144,0.006994285714285714,0.007005714285714286,0.02326857142857143,0.02326857142857143,0.015611428571428571,0.015611428571428571,0.007245714285714286,0.011965714285714286,0.01832,0.01056,0.010525714285714286,0.0074514285714285715,0.006994285714285714,0.0188,0.008331428571428571,0.015348571428571428,0.007222857142857143,0.07027428571428572,0.10174857142857142,0.053348571428571426,0.04998857142857143,0.013897142857142858
Benham,0.020744,0.24365714285714285,0.052251428571428574,0.15974857142857143,0.09365714285714286,0.15865142857142858,0.15865142857142858,0.15865142857142858,0.15865142857142858,0.15974857142857143,0.15865142857142858,0.15974857142857143,0.24517714285714284,0.15974857142857143,0.15865142857142858,0.21936,0.19539428571428571,0.10546285714285714,0.08957714285714286,0.08685714285714285,0.009097142857142857,0.0,0.10278857142857142,0.025165714285714284,0.012971428571428571,0.013017142857142857,0.012982857142857143,0.11645714285714286,0.01302857142857143,0.01072,0.020011428571428572,0.013942857142857142,0.026022857142857143,0.013691428571428571,0.013234285714285714,0.01337142857142857,0.013222857142857142,0.013942857142857142,0.013942857142857142,0.013222857142857142,0.015325714285714286,0.013257142857142858,0.017222857142857144,0.013245714285714286,0.013234285714285714,0.02457142857142857,0.02457142857142857,0.018697142857142857,0.018697142857142857,0.013188571428571428,0.014251428571428571,0.021245714285714284,0.0034514285714285714,0.005554285714285714,0.011062857142857143,0.013245714285714286,0.015668571428571428,0.013954285714285714,0.018582857142857144,0.0136,0.07254857142857143,0.10472,0.055554285714285716,0.04478857142857143,0.008868571428571429
PluralityWRunoff PUT,0.11619257142857144,0.24529142857142858,0.13992,0.09995428571428572,0.07874285714285714,0.10238857142857143,0.10238857142857143,0.10238857142857143,0.10238857142857143,0.09995428571428572,0.10238857142857143,0.09995428571428572,0.2493142857142857,0.09995428571428572,0.10238857142857143,0.2070742857142857,0.21424,0.13179428571428572,0.16716571428571428,0.06570285714285715,0.10650285714285715,0.10278857142857142,0.0,0.11716571428571429,0.10835428571428571,0.10841142857142858,0.1088,0.15816,0.10841142857142858,0.1068,0.11642285714285715,0.10900571428571429,0.11883428571428571,0.10921142857142857,0.10846857142857143,0.10844571428571428,0.10835428571428571,0.10900571428571429,0.10896,0.10838857142857143,0.10926857142857142,0.10830857142857143,0.11274285714285714,0.10851428571428572,0.10844571428571428,0.11725714285714285,0.11725714285714285,0.11394285714285714,0.11394285714285714,0.1084,0.10765714285714285,0.11741714285714286,0.10210285714285715,0.10259428571428572,0.10678857142857143,0.10851428571428572,0.10596571428571429,0.10965714285714286,0.11517714285714285,0.10917714285714286,0.1492342857142857,0.15025142857142856,0.13498285714285715,0.08117714285714285,0.10456
Coombs,0.031105142857142856,0.24433142857142856,0.04842285714285714,0.17097142857142858,0.10868571428571429,0.17014857142857143,0.17014857142857143,0.17014857142857143,0.17014857142857143,0.17097142857142858,0.17014857142857143,0.17097142857142858,0.24617142857142857,0.17097142857142858,0.17014857142857143,0.22217142857142858,0.19176,0.10939428571428571,0.08349714285714285,0.10742857142857143,0.020445714285714286,0.025165714285714284,0.11716571428571429,0.0,0.01728,0.017154285714285716,0.01697142857142857,0.11789714285714285,0.017657142857142857,0.020685714285714286,0.02225142857142857,0.018194285714285715,0.03274285714285714,0.01616,0.017097142857142856,0.018205714285714287,0.017131428571428572,0.018194285714285715,0.018594285714285716,0.016902857142857143,0.019657142857142856,0.0172,0.024194285714285713,0.01681142857142857,0.01673142857142857,0.03140571428571429,0.03140571428571429,0.020845714285714287,0.020845714285714287,0.017074285714285715,0.02577142857142857,0.023428571428571427,0.026411428571428572,0.025474285714285713,0.02088,0.01681142857142857,0.031497142857142855,0.015965714285714284,0.021714285714285714,0.017028571428571428,0.06858285714285714,0.10256,0.05366857142857143,0.06242285714285714,0.025805714285714286
Baldwin,0.025278285714285715,0.24414857142857144,0.048217142857142854,0.16473142857142858,0.10194285714285714,0.16436571428571428,0.16436571428571428,0.16436571428571428,0.16436571428571428,0.16473142857142858,0.16436571428571428,0.16473142857142858,0.24726857142857142,0.16473142857142858,0.16436571428571428,0.22042285714285714,0.19146285714285713,0.10545142857142857,0.08464,0.09805714285714286,0.007005714285714286,0.012971428571428571,0.10835428571428571,0.01728,0.0,0.0008114285714285715,0.002674285714285714,0.11176,0.0009028571428571429,0.00696,0.014834285714285715,0.00552,0.024,0.0052,0.002674285714285714,0.00472,0.0026857142857142856,0.00552,0.006251428571428572,0.0023657142857142857,0.008651428571428572,0.0028,0.01502857142857143,0.0017942857142857142,0.001702857142857143,0.022377142857142856,0.022377142857142856,0.012514285714285714,0.012514285714285714,0.0011314285714285714,0.012914285714285715,0.017211428571428572,0.014651428571428572,0.013691428571428571,0.0071314285714285715,0.0017942857142857142,0.02065142857142857,0.0051314285714285715,0.013874285714285714,0.0024114285714285713,0.06868571428571428,0.09958857142857143,0.05262857142857143,0.05158857142857143,0.015211428571428572
Strict Nanson,0.024818857142857146,0.24411428571428573,0.04808,0.16469714285714285,0.1016,0.16430857142857141,0.16430857142857141,0.16430857142857141,0.16430857142857141,0.16469714285714285,0.16430857142857141,0.16469714285714285,0.24705142857142856,0.16469714285714285,0.16430857142857141,0.22054857142857143,0.19181714285714285,0.10545142857142857,0.08461714285714286,0.09798857142857142,0.007062857142857142,0.013017142857142857,0.10841142857142858,0.017154285714285716,0.0008114285714285715,0.0,0.0022514285714285713,0.11189714285714286,0.0016,0.0071085714285714285,0.014697142857142857,0.0054742857142857145,0.02406857142857143,0.0048,0.0024342857142857144,0.0051085714285714285,0.0023885714285714287,0.0054742857142857145,0.00648,0.0020457142857142857,0.008834285714285715,0.002514285714285714,0.015051428571428572,0.0011657142857142858,0.001142857142857143,0.022445714285714284,0.022445714285714284,0.01184,0.01184,0.001142857142857143,0.013062857142857143,0.017074285714285715,0.014582857142857142,0.013702857142857143,0.007268571428571429,0.0011657142857142858,0.020617142857142858,0.004525714285714286,0.013405714285714286,0.002182857142857143,0.06852571428571429,0.09957714285714286,0.052308571428571426,0.05138285714285714,0.01488
Weak Nanson,0.02360228571428571,0.244,0.04752,0.16513142857142857,0.10118857142857143,0.16461714285714285,0.16461714285714285,0.16461714285714285,0.16461714285714285,0.16513142857142857,0.16461714285714285,0.16513142857142857,0.24653714285714284,0.16513142857142857,0.16461714285714285,0.22059428571428571,0.19201142857142858,0.10539428571428572,0.08427428571428572,0.09803428571428571,0.007371428571428571,0.012982857142857143,0.1088,0.01697142857142857,0.002674285714285714,0.0022514285714285713,0.0,0.11237714285714286,0.0035085714285714286,0.0070857142857142855,0.01409142857142857,0.006845714285714286,0.024377142857142858,0.0036914285714285716,0.0038971428571428573,0.006365714285714285,0.0038742857142857142,0.006845714285714286,0.00776,0.0036,0.009531428571428571,0.003988571428571429,0.014617142857142856,0.0027085714285714287,0.0026857142857142856,0.02288,0.02288,0.010502857142857144,0.010502857142857144,0.0032571428571428573,0.013337142857142856,0.016514285714285714,0.014628571428571428,0.013874285714285714,0.007268571428571429,0.0027085714285714287,0.02105142857142857,0.0029714285714285715,0.01216,0.0033942857142857143,0.06833142857142857,0.09970285714285715,0.05154285714285714,0.05149714285714286,0.014582857142857142
Iterated Removal Condorcet Loser,0.12823828571428572,0.24422857142857143,0.13739428571428572,0.19352,0.16713142857142857,0.19724571428571427,0.19724571428571427,0.19724571428571427,0.19724571428571427,0.19352,0.19724571428571427,0.19352,0.26717714285714284,0.19352,0.19724571428571427,0.22858285714285714,0.16073142857142858,0.16248,0.1573257142857143,0.15758857142857144,0.11355428571428572,0.11645714285714286,0.15816,0.11789714285714285,0.11176,0.11189714285714286,0.11237714285714286,0.0,0.11131428571428571,0.11173714285714285,0.11936,0.10838857142857143,0.11208,0.11202285714285715,0.11067428571428571,0.10875428571428572,0.11045714285714285,0.10838857142857143,0.10704,0.11078857142857143,0.10398857142857143,0.11022857142857143,0.11776,0.11168,0.11157714285714286,0.11091428571428572,0.11091428571428572,0.11947428571428571,0.11947428571428571,0.11196571428571428,0.11373714285714286,0.11912,0.11709714285714286,0.11585142857142858,0.11156571428571428,0.11168,0.12148571428571428,0.11324571428571428,0.11925714285714285,0.11113142857142858,0.14761142857142856,0.14417142857142856,0.1397942857142857,0.13611428571428572,0.11885714285714286
Raynaud,0.025975428571428566,0.24420571428571428,0.04835428571428572,0.16489142857142858,0.10227428571428572,0.16446857142857144,0.16446857142857144,0.16446857142857144,0.16446857142857144,0.16489142857142858,0.16446857142857144,0.16489142857142858,0.24752,0.16489142857142858,0.16446857142857144,0.22061714285714285,0.19109714285714285,0.10585142857142857,0.08469714285714286,0.09804571428571429,0.00712,0.01302857142857143,0.10841142857142858,0.017657142857142857,0.0009028571428571429,0.0016,0.0035085714285714286,0.11131428571428571,0.0,0.006891428571428572,0.015074285714285714,0.005942857142857143,0.023897142857142856,0.0057828571428571425,0.00352,0.004194285714285715,0.003531428571428571,0.005942857142857143,0.00584,0.0032114285714285712,0.008182857142857143,0.0036457142857142855,0.015165714285714286,0.002697142857142857,0.002605714285714286,0.02224,0.02224,0.013417142857142857,0.013417142857142857,0.0016914285714285714,0.012994285714285713,0.01734857142857143,0.01464,0.013577142857142857,0.007074285714285714,0.002697142857142857,0.02081142857142857,0.005874285714285715,0.0144,0.002742857142857143,0.06864,0.09955428571428572,0.052982857142857144,0.05190857142857143,0.015497142857142857
Tideman Alternative Top Cycle,0.027368000000000003,0.24433142857142856,0.04972571428571428,0.16386285714285714,0.1004,0.16310857142857144,0.16310857142857144,0.16310857142857144,0.16310857142857144,0.16386285714285714,0.16310857142857144,0.16386285714285714,0.24721142857142858,0.16386285714285714,0.16310857142857144,0.22033142857142857,0.19180571428571427,0.10569142857142858,0.08634285714285714,0.09533714285714286,0.007485714285714286,0.01072,0.1068,0.020685714285714286,0.00696,0.0071085714285714285,0.0070857142857142855,0.11173714285714285,0.006891428571428572,0.0,0.01785142857142857,0.008068571428571428,0.024217142857142857,0.008514285714285714,0.007611428571428571,0.007268571428571429,0.007554285714285714,0.008068571428571428,0.007851428571428572,0.007497142857142857,0.008571428571428572,0.007611428571428571,0.017097142857142856,0.007348571428571428,0.007302857142857143,0.02264,0.02264,0.01634285714285714,0.01634285714285714,0.007291428571428571,0.011165714285714286,0.01872,0.011931428571428572,0.01072,0.0007542857142857143,0.007348571428571428,0.019782857142857144,0.008651428571428572,0.017211428571428572,0.007531428571428572,0.07025142857142858,0.10033142857142857,0.054137142857142856,0.05118857142857143,0.015291428571428572
Knockout Voting,0.016090285714285713,0.244,0.034114285714285715,0.1709257142857143,0.10149714285714286,0.16950857142857143,0.16950857142857143,0.16950857142857143,0.16950857142857143,0.1709257142857143,0.16950857142857143,0.1709257142857143,0.24425142857142856,0.1709257142857143,0.16950857142857143,0.22144,0.19472,0.10778285714285714,0.07814857142857143,0.10484571428571429,0.016925714285714287,0.020011428571428572,0.11642285714285715,0.02225142857142857,0.014834285714285715,0.014697142857142857,0.01409142857142857,0.11936,0.015074285714285714,0.01785142857142857,0.0,0.016868571428571427,0.027234285714285714,0.013782857142857144,0.014937142857142857,0.01657142857142857,0.015017142857142857,0.016868571428571427,0.017462857142857145,0.014502857142857144,0.018857142857142857,0.015142857142857144,0.015531428571428571,0.014445714285714286,0.014537142857142858,0.026388571428571428,0.026388571428571428,0.0096,0.0096,0.014765714285714287,0.020937142857142856,0.0031085714285714284,0.02144,0.02085714285714286,0.01817142857142857,0.014445714285714286,0.026845714285714285,0.013291428571428572,0.0038285714285714286,0.01337142857142857,0.06352,0.10461714285714285,0.045771428571428574,0.0584,0.021017142857142856
Banks,0.02874285714285714,0.24433142857142856,0.04851428571428571,0.16546285714285713,0.10290285714285714,0.16516571428571428,0.16516571428571428,0.16516571428571428,0.16516571428571428,0.16546285714285713,0.16516571428571428,0.16546285714285713,0.2485257142857143,0.16546285714285713,0.16516571428571428,0.22049142857142856,0.1896,0.10572571428571428,0.08458285714285714,0.09899428571428572,0.009337142857142856,0.013942857142857142,0.10900571428571429,0.018194285714285715,0.00552,0.0054742857142857145,0.006845714285714286,0.10838857142857143,0.005942857142857143,0.008068571428571428,0.016868571428571427,0.0,0.02217142857142857,0.0064571428571428575,0.00384,0.004182857142857143,0.0035771428571428573,0.0,0.0017942857142857142,0.003988571428571429,0.004994285714285714,0.0037485714285714284,0.015211428571428572,0.0051085714285714285,0.004994285714285714,0.02024,0.02024,0.01618285714285714,0.01618285714285714,0.005508571428571429,0.013954285714285714,0.01750857142857143,0.015588571428571429,0.014468571428571428,0.008331428571428571,0.0051085714285714285,0.021382857142857144,0.008068571428571428,0.016594285714285714,0.005565714285714286,0.06862857142857143,0.09737142857142857,0.05289142857142857,0.053188571428571425,0.015657142857142856
