,NN,Random Choice,Borda ranking,Plurality ranking,STV,Approval Voting (AV),Proportional Approval Voting (PAV),Approval Chamberlin-Courant (CC),Lexicographic Chamberlin-Courant (lex-CC),Sequential Approval Chamberlin-Courant (seq-CC),Monroe's Approval Rule (Monroe),Greedy Monroe,Minimax Approval Voting (MAV),Method of Equal Shares (aka Rule X) with Phragmén phase,E Pluribus Hugo (EPH),Random Serial Dictator,Anti-Plurality,Two-Approval,Three-Approval,Instant Runoff,Bottom-Two-Runoff Instant Runoff,Benham,PluralityWRunoff PUT,Coombs,Baldwin,Strict Nanson,Weak Nanson,Iterated Removal Condorcet Loser,Raynaud,Tideman Alternative Top Cycle,Knockout Voting,Banks,Condorcet,Copeland,Llull,Uncovered Set,Uncovered Set - Fishburn,Uncovered Set - Bordes,Uncovered Set - McKelvey,Slater,Top Cycle,GOCHA,Bipartisan Set,Minimax,Split Cycle,Ranked Pairs ZT,Ranked Pairs TB,Simple Stable Voting,Stable Voting,Loss-Trimmer Voting,Daunou,Blacks,Condorcet IRV,Condorcet IRV PUT,Smith IRV,Smith-Minimax,Condorcet Plurality,Copeland-Local-Borda,Copeland-Global-Borda,Borda-Minimax Faceoff,Bucklin,Simplified Bucklin,Weighted Bucklin,Bracket Voting,Superior Voting
Random Choice,0.2782793333333334,0.0,0.27757333333333334,0.2779466666666667,0.27814666666666665,0.27809333333333336,0.27809333333333336,0.27809333333333336,0.27809333333333336,0.2779466666666667,0.27809333333333336,0.2779466666666667,0.27669333333333335,0.2779466666666667,0.27809333333333336,0.2776,0.2782133333333333,0.2776666666666667,0.2778,0.2785066666666667,0.2782,0.2781866666666667,0.27781333333333336,0.27796,0.2779333333333333,0.27798666666666666,0.27814666666666665,0.27808,0.27798666666666666,0.27814666666666665,0.27776,0.27781333333333336,0.27781333333333336,0.2781866666666667,0.27809333333333336,0.27796,0.27810666666666667,0.27781333333333336,0.27786666666666665,0.27802666666666664,0.27798666666666666,0.27808,0.27832,0.27804,0.2780533333333333,0.2776533333333333,0.2776533333333333,0.27784,0.27784,0.27797333333333335,0.27801333333333333,0.27788,0.27836,0.27801333333333333,0.27816,0.27804,0.27825333333333335,0.27814666666666665,0.2777866666666667,0.27796,0.27852,0.27886666666666665,0.27782666666666667,0.2776,0.27782666666666667
Borda ranking,0.05443866666666667,0.27757333333333334,0.0,0.19673333333333334,0.12024,0.19672,0.19672,0.19672,0.19672,0.19673333333333334,0.19672,0.19673333333333334,0.27826666666666666,0.19673333333333334,0.19672,0.24933333333333332,0.19002666666666668,0.10626666666666666,0.07182666666666666,0.12358666666666666,0.05397333333333333,0.057133333333333335,0.13885333333333333,0.054733333333333335,0.05297333333333333,0.05257333333333333,0.05204,0.13185333333333332,0.05348,0.05454666666666667,0.038426666666666665,0.053573333333333334,0.06344,0.0522,0.05272,0.05416,0.05277333333333333,0.053586666666666664,0.054253333333333334,0.05277333333333333,0.055,0.0528,0.054626666666666664,0.05226666666666667,0.052346666666666666,0.06230666666666667,0.06230666666666667,0.04805333333333334,0.04805333333333334,0.05261333333333333,0.05624,0.035693333333333334,0.05764,0.05712,0.054586666666666665,0.05226666666666667,0.06374666666666666,0.05174666666666667,0.041293333333333335,0.05109333333333333,0.07088,0.12208,0.04918666666666666,0.08309333333333334,0.05941333333333333
Plurality ranking,0.16783866666666666,0.2779466666666667,0.19673333333333334,0.0,0.13094666666666666,0.02644,0.02644,0.02644,0.02644,0.0,0.02644,0.0,0.28257333333333334,0.0,0.02644,0.22297333333333333,0.2621866666666667,0.18552,0.23476,0.12544,0.16482666666666668,0.16169333333333333,0.10494666666666666,0.17325333333333334,0.16701333333333335,0.16722666666666666,0.16749333333333333,0.19589333333333334,0.16690666666666668,0.16569333333333333,0.17304,0.16729333333333332,0.17297333333333334,0.16748,0.16724,0.16706666666666667,0.16718666666666668,0.16729333333333332,0.16734666666666667,0.16709333333333334,0.16777333333333333,0.16722666666666666,0.16726666666666667,0.16748,0.16736,0.17172,0.17172,0.17068,0.17068,0.16721333333333332,0.1606,0.17374666666666666,0.16053333333333333,0.16142666666666666,0.1656,0.16748,0.14569333333333334,0.16766666666666666,0.17204,0.16769333333333333,0.19828,0.19130666666666668,0.18362666666666666,0.14621333333333333,0.15870666666666666
STV,0.08671000000000001,0.27814666666666665,0.12024,0.13094666666666666,0.0,0.12972,0.12972,0.12972,0.12972,0.13094666666666666,0.12972,0.13094666666666666,0.2715066666666667,0.13094666666666666,0.12972,0.23314666666666667,0.23197333333333334,0.12965333333333334,0.16778666666666667,0.032253333333333335,0.09404,0.08790666666666666,0.07676,0.10302666666666667,0.09624,0.09606666666666666,0.09561333333333333,0.15865333333333334,0.09650666666666667,0.09468,0.09404,0.0972,0.10266666666666667,0.09541333333333334,0.09618666666666667,0.09789333333333333,0.09618666666666667,0.0972,0.09778666666666666,0.09618666666666667,0.09821333333333333,0.09622666666666667,0.09193333333333334,0.09614666666666667,0.09617333333333333,0.10190666666666667,0.10190666666666667,0.09308,0.09308,0.09592,0.09309333333333333,0.09476,0.08628,0.08745333333333333,0.09442666666666667,0.09614666666666667,0.08856,0.09548,0.09328,0.0964,0.13153333333333334,0.14789333333333332,0.11504,0.06864,0.08525333333333333
Approval Voting (AV),0.1671786666666667,0.27809333333333336,0.19672,0.02644,0.12972,0.0,0.0,0.0,0.0,0.02644,0.0,0.02644,0.27356,0.02644,0.0,0.22318666666666667,0.26852,0.18670666666666666,0.23510666666666666,0.12686666666666666,0.16578666666666667,0.1626,0.10838666666666667,0.17388,0.16788,0.168,0.16817333333333334,0.20109333333333335,0.16773333333333335,0.16674666666666665,0.17305333333333334,0.16848,0.17421333333333333,0.16837333333333335,0.16813333333333333,0.16814666666666667,0.16810666666666665,0.16848,0.16853333333333334,0.16801333333333332,0.16902666666666666,0.16814666666666667,0.16745333333333334,0.16829333333333332,0.16821333333333333,0.17314666666666667,0.17314666666666667,0.17090666666666668,0.17090666666666668,0.16802666666666666,0.16146666666666668,0.17374666666666666,0.1614,0.16238666666666668,0.1666,0.16829333333333332,0.14885333333333334,0.16842666666666667,0.17210666666666666,0.16854666666666668,0.19849333333333333,0.19618666666666668,0.18368,0.14632,0.1594
Proportional Approval Voting (PAV),0.1671786666666667,0.27809333333333336,0.19672,0.02644,0.12972,0.0,0.0,0.0,0.0,0.02644,0.0,0.02644,0.27356,0.02644,0.0,0.22318666666666667,0.26852,0.18670666666666666,0.23510666666666666,0.12686666666666666,0.16578666666666667,0.1626,0.10838666666666667,0.17388,0.16788,0.168,0.16817333333333334,0.20109333333333335,0.16773333333333335,0.16674666666666665,0.17305333333333334,0.16848,0.17421333333333333,0.16837333333333335,0.16813333333333333,0.16814666666666667,0.16810666666666665,0.16848,0.16853333333333334,0.16801333333333332,0.16902666666666666,0.16814666666666667,0.16745333333333334,0.16829333333333332,0.16821333333333333,0.17314666666666667,0.17314666666666667,0.17090666666666668,0.17090666666666668,0.16802666666666666,0.16146666666666668,0.17374666666666666,0.1614,0.16238666666666668,0.1666,0.16829333333333332,0.14885333333333334,0.16842666666666667,0.17210666666666666,0.16854666666666668,0.19849333333333333,0.19618666666666668,0.18368,0.14632,0.1594
Approval Chamberlin-Courant (CC),0.1671786666666667,0.27809333333333336,0.19672,0.02644,0.12972,0.0,0.0,0.0,0.0,0.02644,0.0,0.02644,0.27356,0.02644,0.0,0.22318666666666667,0.26852,0.18670666666666666,0.23510666666666666,0.12686666666666666,0.16578666666666667,0.1626,0.10838666666666667,0.17388,0.16788,0.168,0.16817333333333334,0.20109333333333335,0.16773333333333335,0.16674666666666665,0.17305333333333334,0.16848,0.17421333333333333,0.16837333333333335,0.16813333333333333,0.16814666666666667,0.16810666666666665,0.16848,0.16853333333333334,0.16801333333333332,0.16902666666666666,0.16814666666666667,0.16745333333333334,0.16829333333333332,0.16821333333333333,0.17314666666666667,0.17314666666666667,0.17090666666666668,0.17090666666666668,0.16802666666666666,0.16146666666666668,0.17374666666666666,0.1614,0.16238666666666668,0.1666,0.16829333333333332,0.14885333333333334,0.16842666666666667,0.17210666666666666,0.16854666666666668,0.19849333333333333,0.19618666666666668,0.18368,0.14632,0.1594
Lexicographic Chamberlin-Courant (lex-CC),0.1671786666666667,0.27809333333333336,0.19672,0.02644,0.12972,0.0,0.0,0.0,0.0,0.02644,0.0,0.02644,0.27356,0.02644,0.0,0.22318666666666667,0.26852,0.18670666666666666,0.23510666666666666,0.12686666666666666,0.16578666666666667,0.1626,0.10838666666666667,0.17388,0.16788,0.168,0.16817333333333334,0.20109333333333335,0.16773333333333335,0.16674666666666665,0.17305333333333334,0.16848,0.17421333333333333,0.16837333333333335,0.16813333333333333,0.16814666666666667,0.16810666666666665,0.16848,0.16853333333333334,0.16801333333333332,0.16902666666666666,0.16814666666666667,0.16745333333333334,0.16829333333333332,0.16821333333333333,0.17314666666666667,0.17314666666666667,0.17090666666666668,0.17090666666666668,0.16802666666666666,0.16146666666666668,0.17374666666666666,0.1614,0.16238666666666668,0.1666,0.16829333333333332,0.14885333333333334,0.16842666666666667,0.17210666666666666,0.16854666666666668,0.19849333333333333,0.19618666666666668,0.18368,0.14632,0.1594
Sequential Approval Chamberlin-Courant (seq-CC),0.16783866666666666,0.2779466666666667,0.19673333333333334,0.0,0.13094666666666666,0.02644,0.02644,0.02644,0.02644,0.0,0.02644,0.0,0.28257333333333334,0.0,0.02644,0.22297333333333333,0.2621866666666667,0.18552,0.23476,0.12544,0.16482666666666668,0.16169333333333333,0.10494666666666666,0.17325333333333334,0.16701333333333335,0.16722666666666666,0.16749333333333333,0.19589333333333334,0.16690666666666668,0.16569333333333333,0.17304,0.16729333333333332,0.17297333333333334,0.16748,0.16724,0.16706666666666667,0.16718666666666668,0.16729333333333332,0.16734666666666667,0.16709333333333334,0.16777333333333333,0.16722666666666666,0.16726666666666667,0.16748,0.16736,0.17172,0.17172,0.17068,0.17068,0.16721333333333332,0.1606,0.17374666666666666,0.16053333333333333,0.16142666666666666,0.1656,0.16748,0.14569333333333334,0.16766666666666666,0.17204,0.16769333333333333,0.19828,0.19130666666666668,0.18362666666666666,0.14621333333333333,0.15870666666666666
Monroe's Approval Rule (Monroe),0.1671786666666667,0.27809333333333336,0.19672,0.02644,0.12972,0.0,0.0,0.0,0.0,0.02644,0.0,0.02644,0.27356,0.02644,0.0,0.22318666666666667,0.26852,0.18670666666666666,0.23510666666666666,0.12686666666666666,0.16578666666666667,0.1626,0.10838666666666667,0.17388,0.16788,0.168,0.16817333333333334,0.20109333333333335,0.16773333333333335,0.16674666666666665,0.17305333333333334,0.16848,0.17421333333333333,0.16837333333333335,0.16813333333333333,0.16814666666666667,0.16810666666666665,0.16848,0.16853333333333334,0.16801333333333332,0.16902666666666666,0.16814666666666667,0.16745333333333334,0.16829333333333332,0.16821333333333333,0.17314666666666667,0.17314666666666667,0.17090666666666668,0.17090666666666668,0.16802666666666666,0.16146666666666668,0.17374666666666666,0.1614,0.16238666666666668,0.1666,0.16829333333333332,0.14885333333333334,0.16842666666666667,0.17210666666666666,0.16854666666666668,0.19849333333333333,0.19618666666666668,0.18368,0.14632,0.1594
Greedy Monroe,0.16783866666666666,0.2779466666666667,0.19673333333333334,0.0,0.13094666666666666,0.02644,0.02644,0.02644,0.02644,0.0,0.02644,0.0,0.28257333333333334,0.0,0.02644,0.22297333333333333,0.2621866666666667,0.18552,0.23476,0.12544,0.16482666666666668,0.16169333333333333,0.10494666666666666,0.17325333333333334,0.16701333333333335,0.16722666666666666,0.16749333333333333,0.19589333333333334,0.16690666666666668,0.16569333333333333,0.17304,0.16729333333333332,0.17297333333333334,0.16748,0.16724,0.16706666666666667,0.16718666666666668,0.16729333333333332,0.16734666666666667,0.16709333333333334,0.16777333333333333,0.16722666666666666,0.16726666666666667,0.16748,0.16736,0.17172,0.17172,0.17068,0.17068,0.16721333333333332,0.1606,0.17374666666666666,0.16053333333333333,0.16142666666666666,0.1656,0.16748,0.14569333333333334,0.16766666666666666,0.17204,0.16769333333333333,0.19828,0.19130666666666668,0.18362666666666666,0.14621333333333333,0.15870666666666666
Minimax Approval Voting (MAV),0.27115333333333336,0.27669333333333335,0.27826666666666666,0.28257333333333334,0.2715066666666667,0.27356,0.27356,0.27356,0.27356,0.28257333333333334,0.27356,0.28257333333333334,0.0,0.28257333333333334,0.27356,0.27829333333333334,0.32624,0.28024,0.27944,0.28058666666666665,0.28117333333333333,0.27952,0.2836533333333333,0.2804933333333333,0.28176,0.28164,0.28098666666666666,0.30132,0.2819466666666667,0.28168,0.2774933333333333,0.28304,0.28304,0.28118666666666664,0.28196,0.28304,0.28196,0.28304,0.28304,0.28197333333333335,0.28304,0.28196,0.27836,0.28168,0.28173333333333334,0.28304,0.28304,0.2772,0.2772,0.2815066666666667,0.28001333333333334,0.27741333333333335,0.2794933333333333,0.28013333333333335,0.28158666666666665,0.28168,0.2779466666666667,0.28082666666666667,0.27746666666666664,0.28174666666666665,0.27854666666666666,0.30216,0.27730666666666665,0.2770533333333333,0.27745333333333333
Method of Equal Shares (aka Rule X) with Phragmén phase,0.16783866666666666,0.2779466666666667,0.19673333333333334,0.0,0.13094666666666666,0.02644,0.02644,0.02644,0.02644,0.0,0.02644,0.0,0.28257333333333334,0.0,0.02644,0.22297333333333333,0.2621866666666667,0.18552,0.23476,0.12544,0.16482666666666668,0.16169333333333333,0.10494666666666666,0.17325333333333334,0.16701333333333335,0.16722666666666666,0.16749333333333333,0.19589333333333334,0.16690666666666668,0.16569333333333333,0.17304,0.16729333333333332,0.17297333333333334,0.16748,0.16724,0.16706666666666667,0.16718666666666668,0.16729333333333332,0.16734666666666667,0.16709333333333334,0.16777333333333333,0.16722666666666666,0.16726666666666667,0.16748,0.16736,0.17172,0.17172,0.17068,0.17068,0.16721333333333332,0.1606,0.17374666666666666,0.16053333333333333,0.16142666666666666,0.1656,0.16748,0.14569333333333334,0.16766666666666666,0.17204,0.16769333333333333,0.19828,0.19130666666666668,0.18362666666666666,0.14621333333333333,0.15870666666666666
E Pluribus Hugo (EPH),0.1671786666666667,0.27809333333333336,0.19672,0.02644,0.12972,0.0,0.0,0.0,0.0,0.02644,0.0,0.02644,0.27356,0.02644,0.0,0.22318666666666667,0.26852,0.18670666666666666,0.23510666666666666,0.12686666666666666,0.16578666666666667,0.1626,0.10838666666666667,0.17388,0.16788,0.168,0.16817333333333334,0.20109333333333335,0.16773333333333335,0.16674666666666665,0.17305333333333334,0.16848,0.17421333333333333,0.16837333333333335,0.16813333333333333,0.16814666666666667,0.16810666666666665,0.16848,0.16853333333333334,0.16801333333333332,0.16902666666666666,0.16814666666666667,0.16745333333333334,0.16829333333333332,0.16821333333333333,0.17314666666666667,0.17314666666666667,0.17090666666666668,0.17090666666666668,0.16802666666666666,0.16146666666666668,0.17374666666666666,0.1614,0.16238666666666668,0.1666,0.16829333333333332,0.14885333333333334,0.16842666666666667,0.17210666666666666,0.16854666666666668,0.19849333333333333,0.19618666666666668,0.18368,0.14632,0.1594
Random Serial Dictator,0.2430306666666667,0.2776,0.24933333333333332,0.22297333333333333,0.23314666666666667,0.22318666666666667,0.22318666666666667,0.22318666666666667,0.22318666666666667,0.22297333333333333,0.22318666666666667,0.22297333333333333,0.27829333333333334,0.22297333333333333,0.22318666666666667,0.0,0.2720266666666667,0.2474,0.26026666666666665,0.23241333333333333,0.24185333333333334,0.24146666666666666,0.22956,0.24374666666666667,0.24242666666666668,0.24252,0.24256,0.2516933333333333,0.2424,0.24221333333333334,0.24350666666666668,0.24258666666666667,0.24484,0.24266666666666667,0.24258666666666667,0.24249333333333334,0.24253333333333332,0.24258666666666667,0.24273333333333333,0.24253333333333332,0.24278666666666668,0.2426,0.24257333333333334,0.24253333333333332,0.24254666666666666,0.24417333333333333,0.24417333333333333,0.24316,0.24316,0.24246666666666666,0.24113333333333334,0.24356,0.24118666666666666,0.24128,0.24208,0.24253333333333332,0.23952,0.24253333333333332,0.2434,0.24254666666666666,0.24978666666666666,0.24810666666666667,0.24616,0.23730666666666667,0.24117333333333332
Anti-Plurality,0.21331066666666665,0.2782133333333333,0.19002666666666668,0.2621866666666667,0.23197333333333334,0.26852,0.26852,0.26852,0.26852,0.2621866666666667,0.26852,0.2621866666666667,0.32624,0.2621866666666667,0.26852,0.2720266666666667,0.0,0.20976,0.18592,0.22488,0.20304,0.20666666666666667,0.23270666666666667,0.20253333333333334,0.20126666666666668,0.20138666666666666,0.20192,0.19489333333333334,0.20116,0.2022,0.2032,0.19964,0.20469333333333334,0.20182666666666665,0.20110666666666666,0.20038666666666666,0.20109333333333335,0.19964,0.19932,0.20110666666666666,0.19889333333333334,0.20105333333333333,0.20625333333333334,0.20126666666666668,0.20124,0.20202666666666666,0.20202666666666666,0.20596,0.20596,0.20145333333333335,0.20522666666666667,0.20228,0.20702666666666666,0.20618666666666666,0.20225333333333334,0.20126666666666668,0.21272,0.20214666666666667,0.20429333333333333,0.20072,0.20066666666666666,0.17428,0.20190666666666668,0.21653333333333333,0.20948
Two-Approval,0.09696333333333335,0.2776666666666667,0.10626666666666666,0.18552,0.12965333333333334,0.18670666666666666,0.18670666666666666,0.18670666666666666,0.18670666666666666,0.18552,0.18670666666666666,0.18552,0.28024,0.18552,0.18670666666666666,0.2474,0.20976,0.0,0.15182666666666667,0.13173333333333334,0.09646666666666667,0.09693333333333333,0.14092,0.09950666666666666,0.09610666666666667,0.09590666666666667,0.09589333333333333,0.15486666666666668,0.09608,0.09637333333333334,0.09649333333333333,0.09634666666666666,0.10513333333333333,0.09584,0.09598666666666666,0.09633333333333334,0.09602666666666666,0.09633333333333334,0.09656,0.09593333333333333,0.09678666666666666,0.09605333333333334,0.09626666666666667,0.09597333333333333,0.09604,0.10381333333333333,0.10381333333333333,0.09529333333333333,0.09529333333333333,0.09590666666666667,0.09746666666666666,0.09722666666666667,0.09705333333333334,0.09672,0.09622666666666667,0.09597333333333333,0.09985333333333334,0.09577333333333334,0.09612,0.09614666666666667,0.06318666666666667,0.08634666666666667,0.09044,0.10506666666666667,0.09702666666666666
Three-Approval,0.10784333333333332,0.2778,0.07182666666666666,0.23476,0.16778666666666667,0.23510666666666666,0.23510666666666666,0.23510666666666666,0.23510666666666666,0.23476,0.23510666666666666,0.23476,0.27944,0.23476,0.23510666666666666,0.26026666666666665,0.18592,0.15182666666666667,0.0,0.17089333333333334,0.10838666666666667,0.11205333333333334,0.18634666666666666,0.10506666666666667,0.10673333333333333,0.10632,0.10594666666666666,0.16885333333333333,0.107,0.1086,0.09857333333333333,0.10673333333333333,0.11534666666666667,0.10578666666666667,0.10629333333333334,0.10730666666666666,0.10637333333333333,0.10673333333333333,0.10716,0.1064,0.10757333333333334,0.10636,0.10788,0.10616,0.10617333333333333,0.114,0.114,0.10217333333333334,0.10217333333333334,0.10638666666666667,0.11072,0.09729333333333333,0.11254666666666667,0.11198666666666666,0.10873333333333333,0.10616,0.11786666666666666,0.10568,0.09964,0.10569333333333333,0.09214666666666667,0.15681333333333333,0.08592,0.1366,0.11396
Instant Runoff,0.10029066666666668,0.2785066666666667,0.12358666666666666,0.12544,0.032253333333333335,0.12686666666666666,0.12686666666666666,0.12686666666666666,0.12686666666666666,0.12544,0.12686666666666666,0.12544,0.28058666666666665,0.12544,0.12686666666666666,0.23241333333333333,0.22488,0.13173333333333334,0.17089333333333334,0.0,0.08768,0.07917333333333333,0.06130666666666667,0.10088,0.09042666666666667,0.09057333333333334,0.09142666666666667,0.14693333333333333,0.09038666666666667,0.08696,0.0978,0.09126666666666666,0.10216,0.09166666666666666,0.09084,0.09057333333333334,0.09085333333333333,0.09126666666666666,0.09098666666666666,0.09073333333333333,0.0914,0.09092,0.0952,0.09085333333333333,0.09072,0.1004,0.1004,0.09785333333333333,0.09785333333333333,0.0906,0.09056,0.09857333333333333,0.07662666666666666,0.07894666666666666,0.08665333333333333,0.09085333333333333,0.09146666666666667,0.09173333333333333,0.09730666666666667,0.09092,0.13510666666666668,0.14334666666666668,0.1192,0.07228,0.08908
Bottom-Two-Runoff Instant Runoff,0.026080666666666665,0.2782,0.05397333333333333,0.16482666666666668,0.09404,0.16578666666666667,0.16578666666666667,0.16578666666666667,0.16578666666666667,0.16482666666666668,0.16578666666666667,0.16482666666666668,0.28117333333333333,0.16482666666666668,0.16578666666666667,0.24185333333333334,0.20304,0.09646666666666667,0.10838666666666667,0.08768,0.0,0.009746666666666667,0.09968,0.020173333333333335,0.006066666666666666,0.00612,0.007026666666666666,0.09833333333333333,0.0061066666666666665,0.006573333333333333,0.016746666666666667,0.00828,0.024333333333333332,0.007493333333333334,0.006413333333333333,0.007186666666666667,0.006493333333333334,0.008293333333333333,0.008453333333333334,0.006266666666666667,0.009773333333333334,0.006586666666666667,0.01616,0.006493333333333334,0.006346666666666666,0.022213333333333335,0.022213333333333335,0.01644,0.01644,0.0061333333333333335,0.010293333333333333,0.01828,0.011053333333333333,0.010533333333333334,0.006706666666666666,0.006493333333333334,0.019133333333333332,0.00744,0.0158,0.006573333333333333,0.07198666666666667,0.10845333333333333,0.05402666666666667,0.0398,0.015693333333333333
Benham,0.022494666666666666,0.2781866666666667,0.057133333333333335,0.16169333333333333,0.08790666666666666,0.1626,0.1626,0.1626,0.1626,0.16169333333333333,0.1626,0.16169333333333333,0.27952,0.16169333333333333,0.1626,0.24146666666666666,0.20666666666666667,0.09693333333333333,0.11205333333333334,0.07917333333333333,0.009746666666666667,0.0,0.09490666666666667,0.025746666666666668,0.01284,0.01292,0.013653333333333333,0.10212,0.01284,0.00944,0.02048,0.013933333333333334,0.02572,0.013893333333333334,0.013146666666666666,0.013306666666666666,0.013213333333333334,0.013933333333333334,0.013826666666666666,0.013026666666666667,0.014386666666666667,0.01328,0.01788,0.01316,0.013026666666666667,0.023933333333333334,0.023933333333333334,0.020226666666666667,0.020226666666666667,0.01288,0.01376,0.02144,0.0025466666666666667,0.00412,0.00952,0.01316,0.016,0.013893333333333334,0.019706666666666667,0.013266666666666666,0.0748,0.11132,0.05628,0.034613333333333336,0.010213333333333333
PluralityWRunoff PUT,0.11001733333333333,0.27781333333333336,0.13885333333333333,0.10494666666666666,0.07676,0.10838666666666667,0.10838666666666667,0.10838666666666667,0.10838666666666667,0.10494666666666666,0.10838666666666667,0.10494666666666666,0.2836533333333333,0.10494666666666666,0.10838666666666667,0.22956,0.23270666666666667,0.14092,0.18634666666666666,0.06130666666666667,0.09968,0.09490666666666667,0.0,0.11109333333333334,0.10124,0.10146666666666666,0.10234666666666667,0.15046666666666667,0.1012,0.09945333333333334,0.11012,0.10178666666666666,0.11216,0.10246666666666666,0.10164,0.1012,0.10164,0.1018,0.10168,0.10157333333333333,0.10196,0.10168,0.10504,0.10172,0.10157333333333333,0.11048,0.11048,0.10841333333333333,0.10841333333333333,0.10150666666666666,0.10118666666666666,0.111,0.09445333333333333,0.09478666666666667,0.09942666666666666,0.10172,0.0996,0.10262666666666667,0.10902666666666666,0.10201333333333333,0.14808,0.15189333333333332,0.13265333333333335,0.08174666666666666,0.09738666666666666
Coombs,0.03330666666666667,0.27796,0.054733333333333335,0.17325333333333334,0.10302666666666667,0.17388,0.17388,0.17388,0.17388,0.17325333333333334,0.17388,0.17325333333333334,0.2804933333333333,0.17325333333333334,0.17388,0.24374666666666667,0.20253333333333334,0.09950666666666666,0.10506666666666667,0.10088,0.020173333333333335,0.025746666666666668,0.11109333333333334,0.0,0.016693333333333334,0.016613333333333334,0.01604,0.10437333333333333,0.017,0.02070666666666667,0.023613333333333333,0.01804,0.03322666666666667,0.01624,0.016733333333333333,0.017973333333333334,0.0168,0.01804,0.018493333333333334,0.016813333333333333,0.0194,0.016866666666666665,0.02524,0.016426666666666666,0.016426666666666666,0.03130666666666666,0.03130666666666666,0.022253333333333333,0.022253333333333333,0.01664,0.024493333333333332,0.024373333333333334,0.026493333333333334,0.025573333333333333,0.020813333333333333,0.016426666666666666,0.03212,0.01596,0.022533333333333332,0.016613333333333334,0.07114666666666666,0.11029333333333333,0.05498666666666667,0.05248,0.02757333333333333
Baldwin,0.026878,0.2779333333333333,0.05297333333333333,0.16701333333333335,0.09624,0.16788,0.16788,0.16788,0.16788,0.16701333333333335,0.16788,0.16701333333333335,0.28176,0.16701333333333335,0.16788,0.24242666666666668,0.20126666666666668,0.09610666666666667,0.10673333333333333,0.09042666666666667,0.006066666666666666,0.01284,0.10124,0.016693333333333334,0.0,0.00096,0.00352,0.09673333333333334,0.0009333333333333333,0.0064,0.01508,0.0056,0.023746666666666666,0.004826666666666667,0.0026,0.004306666666666667,0.0026533333333333335,0.005613333333333333,0.005986666666666667,0.00244,0.0077733333333333335,0.002746666666666667,0.014893333333333333,0.0017733333333333334,0.0016133333333333334,0.02152,0.02152,0.014093333333333333,0.014093333333333333,0.0013733333333333334,0.01124,0.01728,0.0138,0.012773333333333333,0.006626666666666667,0.0017733333333333334,0.02132,0.004693333333333333,0.01408,0.0021866666666666666,0.07068,0.10713333333333333,0.05296,0.0416,0.017106666666666666
Strict Nanson,0.026291999999999996,0.27798666666666666,0.05257333333333333,0.16722666666666666,0.09606666666666666,0.168,0.168,0.168,0.168,0.16722666666666666,0.168,0.16722666666666666,0.28164,0.16722666666666666,0.168,0.24252,0.20138666666666666,0.09590666666666667,0.10632,0.09057333333333334,0.00612,0.01292,0.10146666666666666,0.016613333333333334,0.00096,0.0,0.00276,0.09694666666666667,0.0017333333333333333,0.00648,0.014586666666666666,0.0054,0.02388,0.004173333333333334,0.0019066666666666668,0.00488,0.0020533333333333332,0.005413333333333333,0.00628,0.0017066666666666667,0.00804,0.0021466666666666665,0.01484,0.0011066666666666666,0.0008933333333333333,0.021666666666666667,0.021666666666666667,0.013386666666666667,0.013386666666666667,0.0009066666666666666,0.01144,0.01688,0.013946666666666666,0.012906666666666667,0.006733333333333333,0.0011066666666666666,0.021533333333333335,0.003946666666666667,0.013413333333333333,0.0016933333333333334,0.07010666666666666,0.10710666666666667,0.05245333333333333,0.04142666666666667,0.01692
Weak Nanson,0.02462533333333334,0.27814666666666665,0.05204,0.16749333333333333,0.09561333333333333,0.16817333333333334,0.16817333333333334,0.16817333333333334,0.16817333333333334,0.16749333333333333,0.16817333333333334,0.16749333333333333,0.28098666666666666,0.16749333333333333,0.16817333333333334,0.24256,0.20192,0.09589333333333333,0.10594666666666666,0.09142666666666667,0.007026666666666666,0.013653333333333333,0.10234666666666667,0.01604,0.00352,0.00276,0.0,0.09798666666666667,0.0041333333333333335,0.00748,0.013973333333333334,0.0071066666666666665,0.024466666666666668,0.0026,0.00356,0.006573333333333333,0.0037066666666666667,0.00712,0.00796,0.00344,0.00916,0.0037733333333333334,0.015306666666666666,0.0028,0.0027066666666666667,0.022386666666666666,0.022386666666666666,0.011653333333333333,0.011653333333333333,0.00332,0.01176,0.016346666666666666,0.0148,0.01376,0.007693333333333333,0.0028,0.0218,0.0016933333333333334,0.011533333333333333,0.0034,0.06953333333333334,0.10744,0.05173333333333333,0.04170666666666667,0.01612
Iterated Removal Condorcet Loser,0.11697866666666666,0.27808,0.13185333333333332,0.19589333333333334,0.15865333333333334,0.20109333333333335,0.20109333333333335,0.20109333333333335,0.20109333333333335,0.19589333333333334,0.20109333333333335,0.19589333333333334,0.30132,0.19589333333333334,0.20109333333333335,0.2516933333333333,0.19489333333333334,0.15486666666666668,0.16885333333333333,0.14693333333333333,0.09833333333333333,0.10212,0.15046666666666667,0.10437333333333333,0.09673333333333334,0.09694666666666667,0.09798666666666667,0.0,0.0964,0.09709333333333334,0.10654666666666666,0.09322666666666667,0.1006,0.09730666666666667,0.09592,0.09392,0.09570666666666666,0.09321333333333333,0.09170666666666667,0.09589333333333333,0.08926666666666666,0.09550666666666667,0.10376,0.09686666666666667,0.09676,0.09884,0.09884,0.10708,0.10708,0.09704,0.09906666666666666,0.10662666666666666,0.10236,0.101,0.09708,0.09686666666666667,0.10832,0.0984,0.10654666666666666,0.09661333333333333,0.14230666666666666,0.14388,0.13174666666666668,0.12070666666666667,0.10641333333333333
Raynaud,0.027422666666666665,0.27798666666666666,0.05348,0.16690666666666668,0.09650666666666667,0.16773333333333335,0.16773333333333335,0.16773333333333335,0.16773333333333335,0.16690666666666668,0.16773333333333335,0.16690666666666668,0.2819466666666667,0.16690666666666668,0.16773333333333335,0.2424,0.20116,0.09608,0.107,0.09038666666666667,0.0061066666666666665,0.01284,0.1012,0.017,0.0009333333333333333,0.0017333333333333333,0.0041333333333333335,0.0964,0.0,0.006253333333333333,0.01556,0.005733333333333333,0.023573333333333335,0.0054,0.0031333333333333335,0.0037066666666666667,0.003173333333333333,0.005746666666666666,0.005586666666666667,0.0029733333333333335,0.007386666666666666,0.0032933333333333334,0.014946666666666667,0.0025466666666666667,0.0024533333333333334,0.02132,0.02132,0.01496,0.01496,0.0017333333333333333,0.011266666666666666,0.017786666666666666,0.01376,0.012653333333333334,0.006506666666666667,0.0025466666666666667,0.021213333333333334,0.0054533333333333335,0.014813333333333333,0.00276,0.07102666666666667,0.10698666666666666,0.053386666666666666,0.041786666666666666,0.017346666666666666
Tideman Alternative Top Cycle,0.02849066666666667,0.27814666666666665,0.05454666666666667,0.16569333333333333,0.09468,0.16674666666666665,0.16674666666666665,0.16674666666666665,0.16674666666666665,0.16569333333333333,0.16674666666666665,0.16569333333333333,0.28168,0.16569333333333333,0.16674666666666665,0.24221333333333334,0.2022,0.09637333333333334,0.1086,0.08696,0.006573333333333333,0.00944,0.09945333333333334,0.02070666666666667,0.0064,0.00648,0.00748,0.09709333333333334,0.006253333333333333,0.0,0.017626666666666665,0.007706666666666666,0.02392,0.007893333333333334,0.006853333333333334,0.006613333333333333,0.00688,0.007706666666666666,0.00752,0.0066,0.008173333333333333,0.006946666666666667,0.017213333333333334,0.006853333333333334,0.00664,0.021746666666666668,0.021746666666666668,0.017893333333333334,0.017893333333333334,0.00652,0.009706666666666667,0.018853333333333333,0.010333333333333333,0.009666666666666667,0.0004133333333333333,0.006853333333333334,0.02,0.00792,0.01732,0.006826666666666667,0.07208,0.10776,0.054586666666666665,0.04101333333333333,0.016426666666666666
Knockout Voting,0.016773333333333328,0.27776,0.038426666666666665,0.17304,0.09404,0.17305333333333334,0.17305333333333334,0.17305333333333334,0.17305333333333334,0.17304,0.17305333333333334,0.17304,0.2774933333333333,0.17304,0.17305333333333334,0.24350666666666668,0.2032,0.09649333333333333,0.09857333333333333,0.0978,0.016746666666666667,0.02048,0.11012,0.023613333333333333,0.01508,0.014586666666666666,0.013973333333333334,0.10654666666666666,0.01556,0.017626666666666665,0.0,0.017506666666666667,0.02794666666666667,0.0142,0.01476,0.01708,0.01488,0.01752,0.01812,0.014706666666666666,0.019146666666666666,0.014946666666666667,0.017306666666666668,0.0144,0.01444,0.026773333333333333,0.026773333333333333,0.01,0.01,0.014586666666666666,0.019986666666666666,0.0027333333333333333,0.021173333333333332,0.02056,0.017786666666666666,0.0144,0.027346666666666665,0.013653333333333333,0.00344,0.013386666666666667,0.06650666666666667,0.11250666666666667,0.04648,0.04765333333333333,0.023013333333333334
Banks,0.03029866666666667,0.27781333333333336,0.053573333333333334,0.16729333333333332,0.0972,0.16848,0.16848,0.16848,0.16848,0.16729333333333332,0.16848,0.16729333333333332,0.28304,0.16729333333333332,0.16848,0.24258666666666667,0.19964,0.09634666666666666,0.10673333333333333,0.09126666666666666,0.00828,0.013933333333333334,0.10178666666666666,0.01804,0.0056,0.0054,0.0071066666666666665,0.09322666666666667,0.005733333333333333,0.007706666666666666,0.017506666666666667,0.0,0.021466666666666665,0.0064266666666666665,0.004293333333333333,0.004506666666666667,0.004,1.3333333333333333e-05,0.00192,0.0041333333333333335,0.00416,0.004066666666666666,0.015493333333333333,0.00532,0.00512,0.018906666666666665,0.018906666666666665,0.017853333333333332,0.017853333333333332,0.00548,0.012146666666666667,0.01788,0.01464,0.01332,0.007826666666666666,0.00532,0.0216,0.00776,0.017293333333333334,0.0056,0.07054666666666666,0.10478666666666667,0.05349333333333333,0.04289333333333333,0.01728
Condorcet,0.032507333333333326,0.27781333333333336,0.06344,0.17297333333333334,0.10266666666666667,0.17421333333333333,0.17421333333333333,0.17421333333333333,0.17421333333333333,0.17297333333333334,0.17421333333333333,0.17297333333333334,0.28304,0.17297333333333334,0.17421333333333333,0.24484,0.20469333333333334,0.10513333333333333,0.11534666666666667,0.10216,0.024333333333333332,0.02572,0.11216,0.03322666666666667,0.023746666666666666,0.02388,0.024466666666666668,0.1006,0.023573333333333335,0.02392,0.02794666666666667,0.021466666666666665,0.0,0.024066666666666667,0.023306666666666667,0.02196,0.02316,0.021453333333333335,0.020506666666666666,0.023266666666666668,0.01876,0.023,0.0264,0.023866666666666668,0.023773333333333334,0.006013333333333333,0.006013333333333333,0.02828,0.02828,0.02392,0.025213333333333334,0.027746666666666666,0.025533333333333335,0.024826666666666667,0.023933333333333334,0.023866666666666668,0.02728,0.02472,0.02788,0.023706666666666668,0.07989333333333333,0.11494666666666667,0.06268,0.05232,0.0278
Copeland,0.02437333333333333,0.2781866666666667,0.0522,0.16748,0.09541333333333334,0.16837333333333335,0.16837333333333335,0.16837333333333335,0.16837333333333335,0.16748,0.16837333333333335,0.16748,0.28118666666666664,0.16748,0.16837333333333335,0.24266666666666667,0.20182666666666665,0.09584,0.10578666666666667,0.09166666666666666,0.007493333333333334,0.013893333333333334,0.10246666666666666,0.01624,0.004826666666666667,0.004173333333333334,0.0026,0.09730666666666667,0.0054,0.007893333333333334,0.0142,0.0064266666666666665,0.024066666666666667,0.0,0.0024533333333333334,0.0062,0.00272,0.00644,0.007413333333333333,0.0028933333333333333,0.00836,0.0027866666666666665,0.013986666666666666,0.0036266666666666665,0.0038266666666666666,0.021893333333333334,0.021893333333333334,0.011786666666666668,0.011786666666666668,0.0038266666666666666,0.012333333333333333,0.016506666666666666,0.01504,0.013946666666666666,0.00804,0.0036266666666666665,0.021786666666666666,0.00148,0.011093333333333334,0.00428,0.06922666666666667,0.10685333333333333,0.051693333333333334,0.041933333333333336,0.015346666666666666
Llull,0.026431333333333338,0.27809333333333336,0.05272,0.16724,0.09618666666666667,0.16813333333333333,0.16813333333333333,0.16813333333333333,0.16813333333333333,0.16724,0.16813333333333333,0.16724,0.28196,0.16724,0.16813333333333333,0.24258666666666667,0.20110666666666666,0.09598666666666666,0.10629333333333334,0.09084,0.006413333333333333,0.013146666666666666,0.10164,0.016733333333333333,0.0026,0.0019066666666666668,0.00356,0.09592,0.0031333333333333335,0.006853333333333334,0.01476,0.004293333333333333,0.023306666666666667,0.0024533333333333334,0.0,0.0038933333333333333,0.0003066666666666667,0.004306666666666667,0.005213333333333334,0.0006133333333333334,0.00696,0.00044,0.013533333333333333,0.00132,0.0015466666666666667,0.021,0.021,0.013866666666666666,0.013866666666666666,0.0015333333333333334,0.011826666666666666,0.017026666666666666,0.014213333333333333,0.01304,0.007053333333333333,0.00132,0.021546666666666665,0.003693333333333333,0.013386666666666667,0.002106666666666667,0.07,0.1064,0.05248,0.041613333333333336,0.016773333333333335
Uncovered Set,0.02999266666666667,0.27796,0.05416,0.16706666666666667,0.09789333333333333,0.16814666666666667,0.16814666666666667,0.16814666666666667,0.16814666666666667,0.16706666666666667,0.16814666666666667,0.16706666666666667,0.28304,0.16706666666666667,0.16814666666666667,0.24249333333333334,0.20038666666666666,0.09633333333333334,0.10730666666666666,0.09057333333333334,0.007186666666666667,0.013306666666666666,0.1012,0.017973333333333334,0.004306666666666667,0.00488,0.006573333333333333,0.09392,0.0037066666666666667,0.006613333333333333,0.01708,0.004506666666666667,0.02196,0.0062,0.0038933333333333333,0.0,0.003586666666666667,0.0044933333333333336,0.002586666666666667,0.0037333333333333333,0.0048,0.0037333333333333333,0.013186666666666666,0.00496,0.004706666666666666,0.01948,0.01948,0.01752,0.01752,0.005146666666666667,0.011773333333333334,0.018466666666666666,0.013946666666666666,0.012426666666666667,0.0067733333333333335,0.00496,0.021373333333333334,0.0074266666666666665,0.017,0.00472,0.07118666666666666,0.10544,0.05408,0.04277333333333333,0.018706666666666667
Uncovered Set - Fishburn,0.026433333333333336,0.27810666666666667,0.05277333333333333,0.16718666666666668,0.09618666666666667,0.16810666666666665,0.16810666666666665,0.16810666666666665,0.16810666666666665,0.16718666666666668,0.16810666666666665,0.16718666666666668,0.28196,0.16718666666666668,0.16810666666666665,0.24253333333333332,0.20109333333333335,0.09602666666666666,0.10637333333333333,0.09085333333333333,0.006493333333333334,0.013213333333333334,0.10164,0.0168,0.0026533333333333335,0.0020533333333333332,0.0037066666666666667,0.09570666666666666,0.003173333333333333,0.00688,0.01488,0.004,0.02316,0.00272,0.0003066666666666667,0.003586666666666667,0.0,0.004013333333333333,0.00492,0.0007866666666666666,0.0067466666666666664,0.0002,0.01324,0.0013733333333333334,0.0016133333333333334,0.02084,0.02084,0.014013333333333333,0.014013333333333333,0.00156,0.01176,0.01708,0.014226666666666667,0.013053333333333333,0.007053333333333333,0.0013733333333333334,0.021493333333333333,0.0038666666666666667,0.013493333333333333,0.0021733333333333335,0.07009333333333333,0.10633333333333334,0.052533333333333335,0.041666666666666664,0.016853333333333335
Uncovered Set - Bordes,0.03029866666666667,0.27781333333333336,0.053586666666666664,0.16729333333333332,0.0972,0.16848,0.16848,0.16848,0.16848,0.16729333333333332,0.16848,0.16729333333333332,0.28304,0.16729333333333332,0.16848,0.24258666666666667,0.19964,0.09633333333333334,0.10673333333333333,0.09126666666666666,0.008293333333333333,0.013933333333333334,0.1018,0.01804,0.005613333333333333,0.005413333333333333,0.00712,0.09321333333333333,0.005746666666666666,0.007706666666666666,0.01752,1.3333333333333333e-05,0.021453333333333335,0.00644,0.004306666666666667,0.0044933333333333336,0.004013333333333333,0.0,0.0019066666666666668,0.0041466666666666666,0.0041466666666666666,0.004053333333333333,0.015506666666666667,0.005333333333333333,0.0051333333333333335,0.018893333333333335,0.018893333333333335,0.017866666666666666,0.017866666666666666,0.005493333333333334,0.012146666666666667,0.017893333333333334,0.01464,0.01332,0.007826666666666666,0.005333333333333333,0.0216,0.0077733333333333335,0.017306666666666668,0.005613333333333333,0.07054666666666666,0.10478666666666667,0.05350666666666667,0.04290666666666667,0.017293333333333334
